

----------------------------------------------------
STRUCTURE by Pritchard, Stephens and Donnelly (2000)
     and Falush, Stephens and Pritchard (2003)
       Code by Pritchard, Falush and Hubisz
             Version 2.3.4 (Jul 2012)
----------------------------------------------------



Command line arguments:   structure -K 3 -L 574 -N 2600 -i ./TEST.recode.strct_in -D 123450 -o ./TEST_structureOUT/K3_10 
Input File:    ./TEST.recode.strct_in

Run parameters:
   2600 individuals
   574 loci
   3 populations assumed
   1000 Burn-in period
   3000 Reps


--------------------------------------------
Proportion of membership of each pre-defined
 population in each of the 3 clusters

Given    Inferred Clusters       Number of
 Pop       1      2      3      Individuals

  1:     0.006  0.988  0.006        1
  2:     0.005  0.972  0.023        1
  3:     0.007  0.990  0.003        1
  4:     0.011  0.975  0.014        1
  5:     0.006  0.960  0.034        1
  6:     0.019  0.966  0.015        1
  7:     0.003  0.988  0.009        1
  8:     0.005  0.991  0.004        1
  9:     0.003  0.994  0.003        1
 10:     0.009  0.975  0.016        1
 11:     0.005  0.990  0.005        1
 12:     0.002  0.989  0.009        1
 13:     0.011  0.970  0.019        1
 14:     0.003  0.988  0.009        1
 15:     0.008  0.961  0.032        1
 16:     0.002  0.996  0.003        1
 17:     0.016  0.967  0.016        1
 18:     0.004  0.986  0.010        1
 19:     0.004  0.990  0.006        1
 20:     0.019  0.977  0.004        1
 21:     0.024  0.963  0.013        1
 22:     0.004  0.980  0.016        1
 23:     0.003  0.992  0.004        1
 24:     0.009  0.975  0.015        1
 25:     0.003  0.992  0.004        1
 26:     0.001  0.997  0.002        1
 27:     0.002  0.995  0.003        1
 28:     0.011  0.934  0.055        1
 29:     0.006  0.975  0.019        1
 30:     0.031  0.958  0.011        1
 31:     0.004  0.993  0.003        1
 32:     0.008  0.986  0.007        1
 33:     0.022  0.967  0.011        1
 34:     0.009  0.979  0.011        1
 35:     0.004  0.980  0.015        1
 36:     0.024  0.953  0.022        1
 37:     0.003  0.992  0.005        1
 38:     0.009  0.983  0.008        1
 39:     0.004  0.992  0.003        1
 40:     0.002  0.996  0.002        1
 41:     0.031  0.951  0.017        1
 42:     0.005  0.907  0.088        1
 43:     0.068  0.890  0.042        1
 44:     0.060  0.932  0.009        1
 45:     0.003  0.994  0.002        1
 46:     0.002  0.981  0.017        1
 47:     0.015  0.975  0.010        1
 48:     0.095  0.897  0.009        1
 49:     0.004  0.986  0.010        1
 50:     0.006  0.991  0.003        1
 51:     0.002  0.979  0.019        1
 52:     0.003  0.991  0.006        1
 53:     0.017  0.974  0.009        1
 54:     0.010  0.975  0.015        1
 55:     0.003  0.990  0.007        1
 56:     0.003  0.990  0.007        1
 57:     0.007  0.988  0.005        1
 58:     0.001  0.996  0.003        1
 59:     0.007  0.990  0.003        1
 60:     0.038  0.915  0.048        1
 61:     0.073  0.913  0.014        1
 62:     0.002  0.991  0.007        1
 63:     0.041  0.948  0.011        1
 64:     0.013  0.983  0.004        1
 65:     0.004  0.990  0.006        1
 66:     0.018  0.936  0.046        1
 67:     0.006  0.987  0.007        1
 68:     0.005  0.990  0.005        1
 69:     0.006  0.983  0.011        1
 70:     0.008  0.984  0.007        1
 71:     0.003  0.975  0.022        1
 72:     0.005  0.988  0.007        1
 73:     0.010  0.983  0.007        1
 74:     0.025  0.943  0.031        1
 75:     0.008  0.978  0.014        1
 76:     0.013  0.924  0.062        1
 77:     0.008  0.988  0.003        1
 78:     0.006  0.985  0.009        1
 79:     0.022  0.948  0.030        1
 80:     0.005  0.947  0.049        1
 81:     0.003  0.994  0.003        1
 82:     0.004  0.954  0.042        1
 83:     0.015  0.975  0.010        1
 84:     0.007  0.961  0.033        1
 85:     0.003  0.992  0.005        1
 86:     0.017  0.968  0.015        1
 87:     0.003  0.991  0.007        1
 88:     0.018  0.967  0.015        1
 89:     0.003  0.988  0.008        1
 90:     0.005  0.986  0.009        1
 91:     0.012  0.907  0.081        1
 92:     0.009  0.983  0.009        1
 93:     0.006  0.989  0.006        1
 94:     0.004  0.989  0.007        1
 95:     0.013  0.975  0.012        1
 96:     0.004  0.983  0.013        1
 97:     0.003  0.007  0.991        1
 98:     0.004  0.004  0.992        1
 99:     0.013  0.004  0.983        1
100:     0.005  0.013  0.982        1
101:     0.003  0.002  0.995        1
102:     0.004  0.002  0.993        1
103:     0.005  0.003  0.992        1
104:     0.007  0.003  0.991        1
105:     0.002  0.002  0.996        1
106:     0.007  0.001  0.992        1
107:     0.008  0.007  0.985        1
108:     0.008  0.005  0.987        1
109:     0.024  0.002  0.974        1
110:     0.001  0.003  0.996        1
111:     0.004  0.003  0.993        1
112:     0.033  0.002  0.965        1
113:     0.003  0.016  0.981        1
114:     0.002  0.004  0.995        1
115:     0.012  0.004  0.984        1
116:     0.002  0.004  0.994        1
117:     0.005  0.010  0.985        1
118:     0.009  0.002  0.988        1
119:     0.031  0.007  0.962        1
120:     0.005  0.005  0.990        1
121:     0.005  0.003  0.992        1
122:     0.005  0.002  0.993        1
123:     0.003  0.003  0.994        1
124:     0.002  0.003  0.995        1
125:     0.004  0.003  0.993        1
126:     0.005  0.004  0.992        1
127:     0.003  0.002  0.994        1
128:     0.002  0.007  0.991        1
129:     0.004  0.002  0.994        1
130:     0.009  0.004  0.986        1
131:     0.013  0.008  0.979        1
132:     0.010  0.017  0.974        1
133:     0.005  0.004  0.991        1
134:     0.029  0.003  0.968        1
135:     0.017  0.010  0.973        1
136:     0.003  0.009  0.988        1
137:     0.002  0.003  0.996        1
138:     0.004  0.003  0.993        1
139:     0.003  0.001  0.996        1
140:     0.009  0.002  0.988        1
141:     0.006  0.013  0.981        1
142:     0.003  0.004  0.993        1
143:     0.009  0.004  0.986        1
144:     0.003  0.005  0.992        1
145:     0.006  0.005  0.988        1
146:     0.002  0.001  0.997        1
147:     0.014  0.002  0.984        1
148:     0.005  0.001  0.993        1
149:     0.007  0.008  0.985        1
150:     0.007  0.006  0.988        1
151:     0.002  0.003  0.995        1
152:     0.006  0.006  0.989        1
153:     0.005  0.080  0.915        1
154:     0.006  0.010  0.984        1
155:     0.003  0.008  0.989        1
156:     0.003  0.006  0.991        1
157:     0.023  0.008  0.969        1
158:     0.006  0.022  0.972        1
159:     0.006  0.006  0.988        1
160:     0.021  0.008  0.971        1
161:     0.005  0.006  0.988        1
162:     0.003  0.006  0.991        1
163:     0.027  0.013  0.959        1
164:     0.005  0.011  0.984        1
165:     0.009  0.007  0.984        1
166:     0.012  0.042  0.946        1
167:     0.003  0.003  0.994        1
168:     0.008  0.003  0.989        1
169:     0.002  0.004  0.995        1
170:     0.002  0.007  0.992        1
171:     0.004  0.004  0.992        1
172:     0.009  0.014  0.977        1
173:     0.007  0.010  0.983        1
174:     0.006  0.002  0.992        1
175:     0.010  0.004  0.987        1
176:     0.005  0.002  0.994        1
177:     0.026  0.006  0.968        1
178:     0.003  0.003  0.995        1
179:     0.004  0.006  0.991        1
180:     0.003  0.005  0.992        1
181:     0.005  0.002  0.993        1
182:     0.005  0.006  0.989        1
183:     0.007  0.012  0.981        1
184:     0.008  0.008  0.984        1
185:     0.007  0.002  0.991        1
186:     0.002  0.003  0.995        1
187:     0.010  0.002  0.988        1
188:     0.002  0.003  0.995        1
189:     0.003  0.004  0.994        1
190:     0.002  0.004  0.994        1
191:     0.005  0.003  0.991        1
192:     0.005  0.002  0.993        1
193:     0.003  0.008  0.989        1
194:     0.005  0.019  0.976        1
195:     0.002  0.001  0.997        1
196:     0.011  0.004  0.986        1
197:     0.008  0.005  0.987        1
198:     0.006  0.003  0.991        1
199:     0.002  0.006  0.992        1
200:     0.007  0.189  0.805        1
201:     0.004  0.111  0.885        1
202:     0.002  0.003  0.995        1
203:     0.012  0.011  0.977        1
204:     0.005  0.063  0.932        1
205:     0.004  0.077  0.919        1
206:     0.002  0.129  0.869        1
207:     0.006  0.047  0.948        1
208:     0.005  0.039  0.957        1
209:     0.008  0.064  0.928        1
210:     0.003  0.004  0.992        1
211:     0.003  0.031  0.966        1
212:     0.010  0.147  0.843        1
213:     0.015  0.009  0.976        1
214:     0.008  0.050  0.942        1
215:     0.007  0.028  0.966        1
216:     0.005  0.009  0.986        1
217:     0.004  0.034  0.963        1
218:     0.002  0.010  0.988        1
219:     0.013  0.033  0.954        1
220:     0.004  0.004  0.992        1
221:     0.014  0.008  0.978        1
222:     0.005  0.008  0.987        1
223:     0.004  0.045  0.950        1
224:     0.003  0.016  0.981        1
225:     0.006  0.002  0.993        1
226:     0.003  0.249  0.748        1
227:     0.003  0.002  0.994        1
228:     0.002  0.040  0.959        1
229:     0.003  0.208  0.789        1
230:     0.013  0.122  0.865        1
231:     0.008  0.008  0.983        1
232:     0.016  0.014  0.970        1
233:     0.009  0.008  0.983        1
234:     0.005  0.072  0.923        1
235:     0.013  0.010  0.977        1
236:     0.002  0.005  0.993        1
237:     0.007  0.140  0.853        1
238:     0.002  0.017  0.981        1
239:     0.003  0.046  0.951        1
240:     0.006  0.011  0.983        1
241:     0.010  0.006  0.983        1
242:     0.004  0.018  0.979        1
243:     0.004  0.007  0.989        1
244:     0.003  0.070  0.926        1
245:     0.032  0.009  0.959        1
246:     0.004  0.007  0.988        1
247:     0.004  0.035  0.962        1
248:     0.003  0.078  0.919        1
249:     0.004  0.013  0.984        1
250:     0.005  0.036  0.959        1
251:     0.004  0.007  0.989        1
252:     0.003  0.004  0.993        1
253:     0.003  0.019  0.978        1
254:     0.002  0.002  0.996        1
255:     0.005  0.157  0.838        1
256:     0.016  0.011  0.973        1
257:     0.006  0.011  0.983        1
258:     0.015  0.008  0.977        1
259:     0.006  0.008  0.986        1
260:     0.017  0.008  0.975        1
261:     0.034  0.068  0.898        1
262:     0.007  0.042  0.951        1
263:     0.009  0.035  0.955        1
264:     0.002  0.025  0.973        1
265:     0.005  0.012  0.983        1
266:     0.060  0.009  0.930        1
267:     0.006  0.003  0.990        1
268:     0.002  0.069  0.929        1
269:     0.002  0.003  0.995        1
270:     0.005  0.008  0.987        1
271:     0.002  0.122  0.876        1
272:     0.003  0.019  0.978        1
273:     0.003  0.008  0.989        1
274:     0.007  0.007  0.986        1
275:     0.013  0.038  0.949        1
276:     0.043  0.007  0.950        1
277:     0.007  0.094  0.899        1
278:     0.002  0.006  0.992        1
279:     0.003  0.021  0.976        1
280:     0.007  0.015  0.978        1
281:     0.006  0.002  0.992        1
282:     0.005  0.988  0.006        1
283:     0.006  0.991  0.003        1
284:     0.009  0.965  0.026        1
285:     0.008  0.974  0.018        1
286:     0.006  0.991  0.003        1
287:     0.009  0.984  0.007        1
288:     0.011  0.963  0.026        1
289:     0.003  0.994  0.003        1
290:     0.003  0.989  0.007        1
291:     0.004  0.993  0.003        1
292:     0.003  0.986  0.011        1
293:     0.003  0.978  0.020        1
294:     0.003  0.990  0.007        1
295:     0.002  0.995  0.003        1
296:     0.008  0.988  0.005        1
297:     0.002  0.995  0.002        1
298:     0.005  0.988  0.006        1
299:     0.002  0.988  0.010        1
300:     0.013  0.983  0.004        1
301:     0.003  0.990  0.006        1
302:     0.022  0.971  0.007        1
303:     0.002  0.989  0.009        1
304:     0.027  0.962  0.011        1
305:     0.002  0.986  0.011        1
306:     0.005  0.981  0.014        1
307:     0.003  0.991  0.006        1
308:     0.007  0.954  0.039        1
309:     0.002  0.984  0.013        1
310:     0.015  0.981  0.004        1
311:     0.013  0.979  0.008        1
312:     0.002  0.995  0.003        1
313:     0.004  0.953  0.043        1
314:     0.017  0.979  0.004        1
315:     0.007  0.987  0.006        1
316:     0.042  0.942  0.017        1
317:     0.005  0.991  0.004        1
318:     0.005  0.988  0.008        1
319:     0.005  0.961  0.034        1
320:     0.021  0.973  0.006        1
321:     0.008  0.986  0.006        1
322:     0.004  0.989  0.007        1
323:     0.004  0.978  0.018        1
324:     0.026  0.003  0.971        1
325:     0.362  0.022  0.616        1
326:     0.008  0.009  0.982        1
327:     0.022  0.962  0.017        1
328:     0.005  0.992  0.003        1
329:     0.002  0.991  0.007        1
330:     0.003  0.994  0.003        1
331:     0.005  0.984  0.011        1
332:     0.001  0.995  0.004        1
333:     0.004  0.993  0.003        1
334:     0.011  0.973  0.016        1
335:     0.003  0.991  0.006        1
336:     0.004  0.994  0.002        1
337:     0.002  0.987  0.011        1
338:     0.011  0.975  0.013        1
339:     0.003  0.993  0.004        1
340:     0.002  0.993  0.006        1
341:     0.002  0.996  0.002        1
342:     0.003  0.994  0.003        1
343:     0.002  0.992  0.005        1
344:     0.006  0.987  0.006        1
345:     0.003  0.991  0.005        1
346:     0.005  0.988  0.007        1
347:     0.013  0.974  0.014        1
348:     0.004  0.989  0.007        1
349:     0.004  0.991  0.005        1
350:     0.011  0.984  0.005        1
351:     0.005  0.991  0.004        1
352:     0.004  0.988  0.008        1
353:     0.010  0.969  0.021        1
354:     0.003  0.992  0.005        1
355:     0.013  0.976  0.011        1
356:     0.003  0.982  0.014        1
357:     0.009  0.985  0.006        1
358:     0.003  0.979  0.018        1
359:     0.005  0.972  0.023        1
360:     0.003  0.994  0.003        1
361:     0.006  0.986  0.009        1
362:     0.151  0.018  0.831        1
363:     0.023  0.244  0.733        1
364:     0.009  0.029  0.962        1
365:     0.016  0.132  0.851        1
366:     0.003  0.984  0.013        1
367:     0.008  0.979  0.012        1
368:     0.003  0.992  0.005        1
369:     0.004  0.977  0.019        1
370:     0.002  0.994  0.003        1
371:     0.015  0.964  0.021        1
372:     0.005  0.991  0.004        1
373:     0.005  0.989  0.006        1
374:     0.002  0.993  0.005        1
375:     0.005  0.981  0.014        1
376:     0.006  0.977  0.016        1
377:     0.008  0.988  0.004        1
378:     0.004  0.992  0.005        1
379:     0.004  0.990  0.006        1
380:     0.004  0.990  0.006        1
381:     0.040  0.947  0.013        1
382:     0.006  0.991  0.002        1
383:     0.002  0.995  0.003        1
384:     0.008  0.982  0.009        1
385:     0.055  0.936  0.010        1
386:     0.003  0.985  0.012        1
387:     0.009  0.984  0.007        1
388:     0.010  0.978  0.012        1
389:     0.009  0.986  0.005        1
390:     0.017  0.975  0.008        1
391:     0.004  0.989  0.007        1
392:     0.002  0.991  0.006        1
393:     0.002  0.994  0.004        1
394:     0.043  0.037  0.921        1
395:     0.004  0.058  0.938        1
396:     0.116  0.014  0.870        1
397:     0.007  0.027  0.965        1
398:     0.038  0.004  0.958        1
399:     0.011  0.004  0.984        1
400:     0.036  0.097  0.867        1
401:     0.049  0.054  0.897        1
402:     0.003  0.052  0.945        1
403:     0.003  0.991  0.006        1
404:     0.021  0.928  0.051        1
405:     0.005  0.982  0.013        1
406:     0.003  0.994  0.003        1
407:     0.004  0.994  0.002        1
408:     0.093  0.895  0.012        1
409:     0.003  0.989  0.008        1
410:     0.001  0.996  0.002        1
411:     0.018  0.976  0.006        1
412:     0.014  0.980  0.006        1
413:     0.003  0.994  0.003        1
414:     0.003  0.995  0.002        1
415:     0.004  0.983  0.013        1
416:     0.002  0.993  0.005        1
417:     0.007  0.961  0.032        1
418:     0.010  0.004  0.986        1
419:     0.002  0.233  0.765        1
420:     0.433  0.012  0.555        1
421:     0.059  0.005  0.936        1
422:     0.167  0.010  0.823        1
423:     0.012  0.102  0.886        1
424:     0.203  0.014  0.783        1
425:     0.004  0.171  0.826        1
426:     0.025  0.020  0.955        1
427:     0.014  0.011  0.975        1
428:     0.252  0.003  0.745        1
429:     0.008  0.135  0.857        1
430:     0.015  0.168  0.817        1
431:     0.009  0.001  0.990        1
432:     0.068  0.011  0.921        1
433:     0.011  0.187  0.802        1
434:     0.007  0.055  0.938        1
435:     0.027  0.291  0.682        1
436:     0.010  0.017  0.973        1
437:     0.010  0.005  0.985        1
438:     0.003  0.004  0.994        1
439:     0.014  0.168  0.818        1
440:     0.003  0.380  0.617        1
441:     0.203  0.003  0.794        1
442:     0.007  0.018  0.975        1
443:     0.028  0.121  0.851        1
444:     0.114  0.003  0.883        1
445:     0.015  0.003  0.981        1
446:     0.094  0.004  0.902        1
447:     0.015  0.049  0.935        1
448:     0.102  0.004  0.893        1
449:     0.015  0.103  0.883        1
450:     0.099  0.014  0.887        1
451:     0.292  0.005  0.703        1
452:     0.635  0.003  0.362        1
453:     0.006  0.007  0.987        1
454:     0.016  0.010  0.974        1
455:     0.050  0.008  0.942        1
456:     0.723  0.014  0.263        1
457:     0.002  0.267  0.731        1
458:     0.004  0.157  0.839        1
459:     0.004  0.005  0.991        1
460:     0.096  0.149  0.755        1
461:     0.006  0.237  0.757        1
462:     0.013  0.268  0.719        1
463:     0.122  0.165  0.714        1
464:     0.016  0.019  0.965        1
465:     0.013  0.056  0.931        1
466:     0.008  0.025  0.966        1
467:     0.223  0.013  0.764        1
468:     0.003  0.333  0.664        1
469:     0.005  0.004  0.992        1
470:     0.397  0.188  0.415        1
471:     0.038  0.220  0.742        1
472:     0.034  0.031  0.934        1
473:     0.006  0.242  0.752        1
474:     0.159  0.039  0.802        1
475:     0.002  0.005  0.993        1
476:     0.162  0.176  0.662        1
477:     0.008  0.154  0.838        1
478:     0.025  0.030  0.945        1
479:     0.014  0.083  0.903        1
480:     0.183  0.002  0.816        1
481:     0.035  0.039  0.926        1
482:     0.137  0.105  0.759        1
483:     0.016  0.217  0.767        1
484:     0.025  0.003  0.971        1
485:     0.059  0.012  0.929        1
486:     0.021  0.093  0.886        1
487:     0.030  0.006  0.964        1
488:     0.106  0.011  0.884        1
489:     0.044  0.003  0.953        1
490:     0.013  0.326  0.661        1
491:     0.253  0.003  0.744        1
492:     0.137  0.003  0.859        1
493:     0.055  0.510  0.434        1
494:     0.021  0.177  0.803        1
495:     0.214  0.011  0.775        1
496:     0.010  0.032  0.957        1
497:     0.011  0.048  0.941        1
498:     0.008  0.012  0.980        1
499:     0.464  0.037  0.498        1
500:     0.866  0.003  0.132        1
501:     0.336  0.007  0.657        1
502:     0.008  0.008  0.984        1
503:     0.003  0.139  0.858        1
504:     0.004  0.156  0.840        1
505:     0.004  0.004  0.991        1
506:     0.022  0.118  0.860        1
507:     0.025  0.123  0.852        1
508:     0.074  0.022  0.904        1
509:     0.005  0.005  0.989        1
510:     0.131  0.423  0.446        1
511:     0.004  0.077  0.919        1
512:     0.007  0.049  0.944        1
513:     0.334  0.223  0.443        1
514:     0.005  0.009  0.985        1
515:     0.155  0.059  0.786        1
516:     0.040  0.009  0.952        1
517:     0.005  0.014  0.980        1
518:     0.008  0.019  0.974        1
519:     0.370  0.006  0.624        1
520:     0.060  0.008  0.932        1
521:     0.073  0.001  0.926        1
522:     0.315  0.019  0.666        1
523:     0.266  0.013  0.721        1
524:     0.021  0.012  0.967        1
525:     0.006  0.038  0.955        1
526:     0.029  0.055  0.916        1
527:     0.211  0.005  0.784        1
528:     0.080  0.004  0.915        1
529:     0.003  0.003  0.994        1
530:     0.007  0.576  0.417        1
531:     0.302  0.211  0.487        1
532:     0.008  0.053  0.939        1
533:     0.007  0.245  0.748        1
534:     0.013  0.453  0.534        1
535:     0.016  0.140  0.844        1
536:     0.009  0.095  0.896        1
537:     0.005  0.257  0.738        1
538:     0.016  0.209  0.775        1
539:     0.060  0.227  0.713        1
540:     0.009  0.157  0.834        1
541:     0.045  0.004  0.952        1
542:     0.007  0.239  0.754        1
543:     0.001  0.215  0.784        1
544:     0.241  0.288  0.472        1
545:     0.023  0.364  0.613        1
546:     0.083  0.129  0.788        1
547:     0.009  0.544  0.446        1
548:     0.033  0.214  0.753        1
549:     0.002  0.285  0.712        1
550:     0.153  0.272  0.575        1
551:     0.002  0.300  0.698        1
552:     0.004  0.033  0.963        1
553:     0.015  0.141  0.844        1
554:     0.078  0.044  0.878        1
555:     0.004  0.005  0.990        1
556:     0.458  0.026  0.516        1
557:     0.384  0.005  0.612        1
558:     0.048  0.022  0.929        1
559:     0.001  0.140  0.859        1
560:     0.205  0.052  0.742        1
561:     0.010  0.027  0.963        1
562:     0.250  0.128  0.622        1
563:     0.215  0.180  0.605        1
564:     0.039  0.032  0.929        1
565:     0.087  0.013  0.901        1
566:     0.039  0.259  0.703        1
567:     0.183  0.246  0.571        1
568:     0.180  0.010  0.810        1
569:     0.003  0.108  0.888        1
570:     0.024  0.275  0.701        1
571:     0.019  0.004  0.977        1
572:     0.015  0.004  0.981        1
573:     0.138  0.007  0.855        1
574:     0.007  0.342  0.650        1
575:     0.007  0.440  0.553        1
576:     0.292  0.099  0.609        1
577:     0.078  0.011  0.911        1
578:     0.016  0.100  0.884        1
579:     0.003  0.282  0.715        1
580:     0.017  0.191  0.792        1
581:     0.062  0.433  0.505        1
582:     0.120  0.331  0.549        1
583:     0.318  0.059  0.622        1
584:     0.007  0.098  0.895        1
585:     0.002  0.014  0.984        1
586:     0.006  0.006  0.989        1
587:     0.146  0.045  0.809        1
588:     0.447  0.083  0.470        1
589:     0.007  0.006  0.986        1
590:     0.126  0.111  0.763        1
591:     0.007  0.003  0.991        1
592:     0.025  0.144  0.830        1
593:     0.005  0.003  0.992        1
594:     0.499  0.144  0.357        1
595:     0.189  0.064  0.747        1
596:     0.010  0.032  0.957        1
597:     0.018  0.024  0.959        1
598:     0.013  0.040  0.947        1
599:     0.002  0.009  0.989        1
600:     0.008  0.008  0.985        1
601:     0.003  0.002  0.995        1
602:     0.003  0.002  0.995        1
603:     0.006  0.002  0.992        1
604:     0.004  0.006  0.989        1
605:     0.003  0.003  0.994        1
606:     0.011  0.002  0.986        1
607:     0.003  0.005  0.992        1
608:     0.004  0.004  0.992        1
609:     0.004  0.001  0.995        1
610:     0.001  0.003  0.996        1
611:     0.001  0.003  0.996        1
612:     0.010  0.014  0.976        1
613:     0.019  0.006  0.975        1
614:     0.008  0.002  0.991        1
615:     0.002  0.001  0.997        1
616:     0.012  0.002  0.986        1
617:     0.002  0.003  0.995        1
618:     0.013  0.003  0.983        1
619:     0.004  0.004  0.992        1
620:     0.028  0.012  0.960        1
621:     0.007  0.001  0.991        1
622:     0.012  0.162  0.825        1
623:     0.413  0.018  0.569        1
624:     0.357  0.024  0.619        1
625:     0.034  0.515  0.450        1
626:     0.009  0.074  0.917        1
627:     0.002  0.280  0.718        1
628:     0.005  0.448  0.547        1
629:     0.012  0.273  0.715        1
630:     0.005  0.440  0.555        1
631:     0.011  0.189  0.800        1
632:     0.018  0.130  0.852        1
633:     0.004  0.307  0.689        1
634:     0.007  0.024  0.969        1
635:     0.029  0.911  0.061        1
636:     0.003  0.991  0.005        1
637:     0.006  0.991  0.003        1
638:     0.010  0.987  0.003        1
639:     0.012  0.976  0.012        1
640:     0.002  0.995  0.003        1
641:     0.014  0.002  0.984        1
642:     0.022  0.002  0.976        1
643:     0.018  0.005  0.977        1
644:     0.004  0.002  0.994        1
645:     0.011  0.002  0.987        1
646:     0.006  0.002  0.993        1
647:     0.004  0.004  0.992        1
648:     0.011  0.002  0.986        1
649:     0.005  0.004  0.991        1
650:     0.081  0.006  0.913        1
651:     0.004  0.006  0.990        1
652:     0.009  0.002  0.989        1
653:     0.002  0.002  0.996        1
654:     0.004  0.004  0.992        1
655:     0.008  0.006  0.987        1
656:     0.009  0.004  0.986        1
657:     0.004  0.003  0.993        1
658:     0.019  0.035  0.946        1
659:     0.185  0.007  0.808        1
660:     0.025  0.003  0.972        1
661:     0.006  0.003  0.992        1
662:     0.005  0.003  0.992        1
663:     0.013  0.003  0.984        1
664:     0.014  0.021  0.965        1
665:     0.018  0.003  0.979        1
666:     0.012  0.004  0.983        1
667:     0.004  0.021  0.975        1
668:     0.002  0.001  0.997        1
669:     0.001  0.001  0.998        1
670:     0.004  0.005  0.991        1
671:     0.002  0.002  0.996        1
672:     0.003  0.004  0.993        1
673:     0.027  0.005  0.968        1
674:     0.005  0.006  0.989        1
675:     0.010  0.003  0.987        1
676:     0.014  0.005  0.981        1
677:     0.005  0.008  0.987        1
678:     0.080  0.004  0.915        1
679:     0.004  0.002  0.994        1
680:     0.017  0.002  0.981        1
681:     0.003  0.005  0.993        1
682:     0.002  0.004  0.994        1
683:     0.009  0.004  0.987        1
684:     0.002  0.004  0.994        1
685:     0.007  0.003  0.990        1
686:     0.014  0.007  0.979        1
687:     0.021  0.011  0.968        1
688:     0.019  0.032  0.949        1
689:     0.008  0.005  0.987        1
690:     0.032  0.003  0.966        1
691:     0.005  0.009  0.986        1
692:     0.003  0.007  0.990        1
693:     0.007  0.003  0.991        1
694:     0.004  0.005  0.992        1
695:     0.005  0.006  0.989        1
696:     0.031  0.004  0.964        1
697:     0.005  0.005  0.990        1
698:     0.004  0.005  0.992        1
699:     0.020  0.004  0.976        1
700:     0.005  0.005  0.990        1
701:     0.009  0.004  0.987        1
702:     0.013  0.002  0.985        1
703:     0.005  0.004  0.990        1
704:     0.002  0.004  0.994        1
705:     0.004  0.002  0.994        1
706:     0.016  0.002  0.982        1
707:     0.020  0.006  0.974        1
708:     0.007  0.003  0.990        1
709:     0.004  0.007  0.988        1
710:     0.082  0.002  0.915        1
711:     0.002  0.006  0.992        1
712:     0.008  0.001  0.991        1
713:     0.007  0.003  0.990        1
714:     0.003  0.990  0.007        1
715:     0.006  0.987  0.007        1
716:     0.006  0.986  0.008        1
717:     0.028  0.968  0.004        1
718:     0.007  0.962  0.031        1
719:     0.005  0.990  0.005        1
720:     0.006  0.992  0.002        1
721:     0.007  0.984  0.009        1
722:     0.013  0.951  0.035        1
723:     0.003  0.995  0.003        1
724:     0.003  0.987  0.010        1
725:     0.007  0.979  0.015        1
726:     0.002  0.993  0.005        1
727:     0.028  0.955  0.017        1
728:     0.018  0.977  0.006        1
729:     0.087  0.908  0.004        1
730:     0.010  0.983  0.007        1
731:     0.003  0.949  0.048        1
732:     0.002  0.995  0.003        1
733:     0.003  0.989  0.008        1
734:     0.001  0.995  0.003        1
735:     0.015  0.974  0.011        1
736:     0.005  0.986  0.008        1
737:     0.006  0.991  0.003        1
738:     0.001  0.965  0.034        1
739:     0.008  0.970  0.022        1
740:     0.012  0.982  0.007        1
741:     0.001  0.993  0.005        1
742:     0.066  0.928  0.006        1
743:     0.006  0.986  0.008        1
744:     0.013  0.978  0.009        1
745:     0.003  0.982  0.015        1
746:     0.004  0.960  0.036        1
747:     0.004  0.993  0.003        1
748:     0.004  0.933  0.063        1
749:     0.005  0.990  0.006        1
750:     0.013  0.965  0.021        1
751:     0.013  0.976  0.011        1
752:     0.015  0.976  0.009        1
753:     0.004  0.983  0.013        1
754:     0.005  0.985  0.010        1
755:     0.002  0.994  0.004        1
756:     0.003  0.984  0.013        1
757:     0.007  0.989  0.004        1
758:     0.007  0.980  0.013        1
759:     0.008  0.982  0.010        1
760:     0.003  0.990  0.006        1
761:     0.022  0.965  0.013        1
762:     0.007  0.978  0.015        1
763:     0.006  0.985  0.009        1
764:     0.021  0.971  0.008        1
765:     0.009  0.987  0.004        1
766:     0.017  0.960  0.023        1
767:     0.003  0.991  0.007        1
768:     0.007  0.986  0.006        1
769:     0.007  0.952  0.041        1
770:     0.799  0.004  0.198        1
771:     0.542  0.144  0.313        1
772:     0.906  0.047  0.047        1
773:     0.485  0.006  0.509        1
774:     0.855  0.001  0.144        1
775:     0.541  0.008  0.450        1
776:     0.983  0.007  0.010        1
777:     0.992  0.004  0.004        1
778:     0.010  0.493  0.498        1
779:     0.009  0.637  0.353        1
780:     0.810  0.048  0.142        1
781:     0.987  0.002  0.010        1
782:     0.864  0.033  0.103        1
783:     0.687  0.013  0.300        1
784:     0.990  0.004  0.006        1
785:     0.002  0.528  0.470        1
786:     0.003  0.349  0.648        1
787:     0.004  0.739  0.257        1
788:     0.013  0.594  0.393        1
789:     0.014  0.685  0.300        1
790:     0.224  0.369  0.407        1
791:     0.077  0.724  0.198        1
792:     0.001  0.560  0.439        1
793:     0.008  0.503  0.489        1
794:     0.167  0.398  0.435        1
795:     0.003  0.473  0.524        1
796:     0.010  0.640  0.350        1
797:     0.003  0.627  0.370        1
798:     0.032  0.298  0.671        1
799:     0.011  0.600  0.390        1
800:     0.114  0.459  0.427        1
801:     0.024  0.913  0.063        1
802:     0.012  0.577  0.411        1
803:     0.204  0.399  0.396        1
804:     0.006  0.665  0.330        1
805:     0.007  0.706  0.287        1
806:     0.002  0.648  0.351        1
807:     0.005  0.585  0.410        1
808:     0.005  0.641  0.354        1
809:     0.997  0.001  0.002        1
810:     0.997  0.001  0.002        1
811:     0.010  0.690  0.300        1
812:     0.455  0.252  0.293        1
813:     0.015  0.312  0.673        1
814:     0.009  0.720  0.270        1
815:     0.003  0.512  0.485        1
816:     0.241  0.249  0.510        1
817:     0.004  0.584  0.412        1
818:     0.003  0.618  0.378        1
819:     0.005  0.484  0.511        1
820:     0.007  0.474  0.519        1
821:     0.003  0.413  0.584        1
822:     0.002  0.355  0.642        1
823:     0.012  0.694  0.294        1
824:     0.858  0.005  0.137        1
825:     0.851  0.005  0.144        1
826:     0.327  0.004  0.669        1
827:     0.541  0.136  0.323        1
828:     0.847  0.115  0.038        1
829:     0.008  0.515  0.477        1
830:     0.009  0.714  0.277        1
831:     0.003  0.601  0.396        1
832:     0.003  0.594  0.404        1
833:     0.051  0.788  0.161        1
834:     0.306  0.326  0.368        1
835:     0.007  0.680  0.313        1
836:     0.973  0.008  0.020        1
837:     0.641  0.007  0.352        1
838:     0.988  0.003  0.010        1
839:     0.986  0.007  0.007        1
840:     0.992  0.004  0.004        1
841:     0.030  0.965  0.005        1
842:     0.003  0.991  0.006        1
843:     0.004  0.989  0.007        1
844:     0.032  0.949  0.018        1
845:     0.014  0.968  0.018        1
846:     0.004  0.993  0.003        1
847:     0.011  0.915  0.074        1
848:     0.016  0.967  0.016        1
849:     0.006  0.965  0.029        1
850:     0.009  0.976  0.016        1
851:     0.004  0.989  0.008        1
852:     0.004  0.989  0.008        1
853:     0.004  0.985  0.011        1
854:     0.005  0.966  0.029        1
855:     0.007  0.965  0.027        1
856:     0.002  0.991  0.006        1
857:     0.029  0.967  0.005        1
858:     0.639  0.004  0.356        1
859:     0.904  0.006  0.091        1
860:     0.996  0.001  0.002        1
861:     0.943  0.012  0.045        1
862:     0.031  0.938  0.031        1
863:     0.017  0.948  0.035        1
864:     0.011  0.916  0.073        1
865:     0.008  0.884  0.108        1
866:     0.009  0.968  0.023        1
867:     0.021  0.957  0.022        1
868:     0.067  0.918  0.015        1
869:     0.024  0.969  0.007        1
870:     0.006  0.736  0.258        1
871:     0.006  0.987  0.007        1
872:     0.005  0.986  0.009        1
873:     0.007  0.985  0.008        1
874:     0.012  0.980  0.008        1
875:     0.008  0.987  0.005        1
876:     0.014  0.966  0.020        1
877:     0.005  0.973  0.022        1
878:     0.011  0.981  0.008        1
879:     0.015  0.978  0.008        1
880:     0.012  0.963  0.025        1
881:     0.008  0.988  0.004        1
882:     0.022  0.958  0.020        1
883:     0.016  0.534  0.450        1
884:     0.003  0.506  0.490        1
885:     0.995  0.001  0.004        1
886:     0.019  0.686  0.295        1
887:     0.003  0.595  0.402        1
888:     0.006  0.716  0.278        1
889:     0.919  0.029  0.052        1
890:     0.994  0.002  0.004        1
891:     0.989  0.004  0.006        1
892:     0.017  0.955  0.027        1
893:     0.003  0.995  0.003        1
894:     0.003  0.994  0.003        1
895:     0.010  0.970  0.020        1
896:     0.002  0.992  0.005        1
897:     0.004  0.993  0.003        1
898:     0.006  0.989  0.005        1
899:     0.080  0.895  0.025        1
900:     0.036  0.941  0.023        1
901:     0.029  0.927  0.044        1
902:     0.020  0.974  0.006        1
903:     0.007  0.982  0.011        1
904:     0.010  0.913  0.077        1
905:     0.001  0.996  0.002        1
906:     0.014  0.971  0.015        1
907:     0.010  0.968  0.023        1
908:     0.003  0.992  0.005        1
909:     0.840  0.147  0.012        1
910:     0.853  0.017  0.130        1
911:     0.041  0.418  0.542        1
912:     0.005  0.621  0.374        1
913:     0.003  0.701  0.296        1
914:     0.006  0.959  0.035        1
915:     0.003  0.993  0.004        1
916:     0.010  0.985  0.006        1
917:     0.003  0.994  0.003        1
918:     0.004  0.989  0.007        1
919:     0.005  0.977  0.018        1
920:     0.004  0.992  0.004        1
921:     0.004  0.991  0.004        1
922:     0.005  0.985  0.010        1
923:     0.002  0.992  0.006        1
924:     0.014  0.954  0.033        1
925:     0.005  0.992  0.003        1
926:     0.007  0.983  0.010        1
927:     0.001  0.993  0.006        1
928:     0.002  0.996  0.003        1
929:     0.003  0.993  0.004        1
930:     0.011  0.953  0.035        1
931:     0.003  0.992  0.005        1
932:     0.014  0.967  0.019        1
933:     0.001  0.995  0.004        1
934:     0.003  0.002  0.996        1
935:     0.010  0.003  0.987        1
936:     0.010  0.003  0.987        1
937:     0.011  0.003  0.985        1
938:     0.003  0.003  0.995        1
939:     0.004  0.003  0.993        1
940:     0.016  0.002  0.982        1
941:     0.014  0.012  0.974        1
942:     0.006  0.003  0.991        1
943:     0.002  0.002  0.996        1
944:     0.002  0.003  0.996        1
945:     0.033  0.012  0.956        1
946:     0.003  0.004  0.993        1
947:     0.038  0.003  0.959        1
948:     0.046  0.901  0.053        1
949:     0.001  0.240  0.759        1
950:     0.004  0.257  0.739        1
951:     0.995  0.002  0.002        1
952:     0.560  0.008  0.432        1
953:     0.004  0.776  0.221        1
954:     0.002  0.413  0.585        1
955:     0.012  0.627  0.361        1
956:     0.008  0.460  0.532        1
957:     0.016  0.561  0.424        1
958:     0.003  0.585  0.412        1
959:     0.005  0.761  0.234        1
960:     0.236  0.529  0.235        1
961:     0.007  0.763  0.230        1
962:     0.002  0.579  0.418        1
963:     0.001  0.722  0.276        1
964:     0.729  0.002  0.269        1
965:     0.914  0.002  0.084        1
966:     0.824  0.006  0.169        1
967:     0.843  0.002  0.155        1
968:     0.015  0.653  0.332        1
969:     0.018  0.534  0.449        1
970:     0.006  0.690  0.304        1
971:     0.006  0.554  0.440        1
972:     0.011  0.347  0.642        1
973:     0.010  0.511  0.479        1
974:     0.012  0.658  0.330        1
975:     0.015  0.393  0.591        1
976:     0.838  0.152  0.010        1
977:     0.985  0.003  0.012        1
978:     0.992  0.003  0.006        1
979:     0.006  0.440  0.554        1
980:     0.883  0.002  0.115        1
981:     0.995  0.002  0.002        1
982:     0.996  0.002  0.002        1
983:     0.982  0.003  0.014        1
984:     0.795  0.157  0.047        1
985:     0.992  0.002  0.005        1
986:     0.995  0.002  0.003        1
987:     0.853  0.003  0.144        1
988:     0.989  0.004  0.007        1
989:     0.585  0.003  0.412        1
990:     0.993  0.004  0.003        1
991:     0.975  0.014  0.011        1
992:     0.739  0.017  0.244        1
993:     0.006  0.482  0.512        1
994:     0.007  0.548  0.446        1
995:     0.004  0.989  0.007        1
996:     0.016  0.978  0.006        1
997:     0.005  0.989  0.006        1
998:     0.003  0.995  0.002        1
999:     0.001  0.996  0.002        1
1000:     0.003  0.994  0.003        1
1001:     0.005  0.990  0.005        1
1002:     0.007  0.984  0.009        1
1003:     0.004  0.992  0.005        1
1004:     0.007  0.970  0.023        1
1005:     0.004  0.987  0.009        1
1006:     0.008  0.980  0.012        1
1007:     0.004  0.989  0.007        1
1008:     0.003  0.992  0.005        1
1009:     0.002  0.994  0.004        1
1010:     0.006  0.987  0.007        1
1011:     0.049  0.946  0.006        1
1012:     0.037  0.921  0.042        1
1013:     0.002  0.984  0.014        1
1014:     0.014  0.884  0.102        1
1015:     0.017  0.957  0.026        1
1016:     0.017  0.974  0.009        1
1017:     0.045  0.920  0.035        1
1018:     0.006  0.982  0.012        1
1019:     0.033  0.960  0.007        1
1020:     0.007  0.979  0.014        1
1021:     0.029  0.941  0.030        1
1022:     0.003  0.967  0.029        1
1023:     0.014  0.976  0.010        1
1024:     0.004  0.989  0.007        1
1025:     0.004  0.984  0.012        1
1026:     0.006  0.991  0.003        1
1027:     0.009  0.980  0.011        1
1028:     0.017  0.956  0.027        1
1029:     0.005  0.992  0.004        1
1030:     0.997  0.001  0.002        1
1031:     0.658  0.019  0.323        1
