

----------------------------------------------------
STRUCTURE by Pritchard, Stephens and Donnelly (2000)
     and Falush, Stephens and Pritchard (2003)
       Code by Pritchard, Falush and Hubisz
             Version 2.3.4 (Jul 2012)
----------------------------------------------------



Command line arguments:   structure -K 3 -L 574 -N 2600 -i ./TEST.recode.strct_in -D 24690 -o ./TEST_structureOUT/K3_2 
Input File:    ./TEST.recode.strct_in

Run parameters:
   2600 individuals
   574 loci
   3 populations assumed
   1000 Burn-in period
   3000 Reps


--------------------------------------------
Proportion of membership of each pre-defined
 population in each of the 3 clusters

Given    Inferred Clusters       Number of
 Pop       1      2      3      Individuals

  1:     0.003  0.992  0.005        1
  2:     0.005  0.971  0.024        1
  3:     0.006  0.988  0.006        1
  4:     0.008  0.980  0.012        1
  5:     0.004  0.950  0.046        1
  6:     0.022  0.960  0.018        1
  7:     0.004  0.989  0.007        1
  8:     0.003  0.993  0.005        1
  9:     0.002  0.994  0.003        1
 10:     0.010  0.969  0.021        1
 11:     0.006  0.978  0.016        1
 12:     0.004  0.991  0.005        1
 13:     0.009  0.971  0.020        1
 14:     0.003  0.989  0.009        1
 15:     0.012  0.965  0.023        1
 16:     0.002  0.995  0.003        1
 17:     0.008  0.959  0.033        1
 18:     0.004  0.989  0.007        1
 19:     0.003  0.987  0.010        1
 20:     0.009  0.988  0.004        1
 21:     0.016  0.976  0.007        1
 22:     0.003  0.985  0.011        1
 23:     0.005  0.993  0.002        1
 24:     0.010  0.966  0.024        1
 25:     0.003  0.991  0.005        1
 26:     0.002  0.996  0.002        1
 27:     0.002  0.995  0.003        1
 28:     0.006  0.945  0.050        1
 29:     0.004  0.981  0.014        1
 30:     0.037  0.951  0.012        1
 31:     0.003  0.993  0.004        1
 32:     0.007  0.982  0.011        1
 33:     0.018  0.974  0.008        1
 34:     0.012  0.976  0.012        1
 35:     0.007  0.973  0.020        1
 36:     0.023  0.968  0.009        1
 37:     0.001  0.996  0.002        1
 38:     0.015  0.977  0.007        1
 39:     0.002  0.996  0.002        1
 40:     0.002  0.995  0.003        1
 41:     0.026  0.951  0.023        1
 42:     0.006  0.870  0.124        1
 43:     0.075  0.904  0.020        1
 44:     0.060  0.910  0.030        1
 45:     0.003  0.991  0.005        1
 46:     0.001  0.982  0.016        1
 47:     0.009  0.980  0.011        1
 48:     0.106  0.890  0.004        1
 49:     0.003  0.989  0.008        1
 50:     0.005  0.992  0.003        1
 51:     0.002  0.955  0.043        1
 52:     0.005  0.993  0.003        1
 53:     0.010  0.982  0.008        1
 54:     0.010  0.982  0.008        1
 55:     0.002  0.990  0.008        1
 56:     0.004  0.988  0.008        1
 57:     0.006  0.984  0.009        1
 58:     0.003  0.994  0.003        1
 59:     0.004  0.989  0.007        1
 60:     0.029  0.895  0.077        1
 61:     0.084  0.903  0.014        1
 62:     0.006  0.988  0.005        1
 63:     0.045  0.943  0.012        1
 64:     0.014  0.982  0.004        1
 65:     0.003  0.989  0.009        1
 66:     0.029  0.912  0.060        1
 67:     0.002  0.992  0.006        1
 68:     0.007  0.985  0.008        1
 69:     0.003  0.985  0.012        1
 70:     0.005  0.989  0.006        1
 71:     0.003  0.986  0.011        1
 72:     0.005  0.984  0.010        1
 73:     0.009  0.986  0.005        1
 74:     0.018  0.946  0.036        1
 75:     0.005  0.986  0.009        1
 76:     0.006  0.938  0.056        1
 77:     0.009  0.987  0.004        1
 78:     0.006  0.982  0.013        1
 79:     0.024  0.945  0.032        1
 80:     0.004  0.955  0.041        1
 81:     0.004  0.992  0.005        1
 82:     0.007  0.948  0.045        1
 83:     0.010  0.980  0.010        1
 84:     0.011  0.963  0.027        1
 85:     0.003  0.992  0.005        1
 86:     0.012  0.974  0.014        1
 87:     0.002  0.993  0.005        1
 88:     0.021  0.968  0.011        1
 89:     0.004  0.985  0.010        1
 90:     0.006  0.991  0.003        1
 91:     0.007  0.895  0.099        1
 92:     0.005  0.982  0.013        1
 93:     0.008  0.986  0.006        1
 94:     0.004  0.991  0.005        1
 95:     0.015  0.978  0.007        1
 96:     0.003  0.987  0.010        1
 97:     0.003  0.008  0.989        1
 98:     0.004  0.003  0.994        1
 99:     0.012  0.002  0.986        1
100:     0.004  0.010  0.987        1
101:     0.003  0.003  0.994        1
102:     0.003  0.002  0.994        1
103:     0.008  0.003  0.989        1
104:     0.004  0.004  0.992        1
105:     0.003  0.002  0.995        1
106:     0.005  0.001  0.994        1
107:     0.007  0.003  0.990        1
108:     0.006  0.005  0.989        1
109:     0.019  0.003  0.978        1
110:     0.003  0.004  0.993        1
111:     0.003  0.004  0.993        1
112:     0.029  0.001  0.970        1
113:     0.002  0.005  0.993        1
114:     0.002  0.003  0.996        1
115:     0.012  0.004  0.984        1
116:     0.004  0.002  0.994        1
117:     0.005  0.011  0.983        1
118:     0.008  0.007  0.985        1
119:     0.014  0.013  0.973        1
120:     0.003  0.002  0.996        1
121:     0.005  0.007  0.988        1
122:     0.005  0.002  0.993        1
123:     0.003  0.003  0.995        1
124:     0.001  0.002  0.997        1
125:     0.004  0.005  0.991        1
126:     0.003  0.003  0.995        1
127:     0.003  0.003  0.995        1
128:     0.002  0.006  0.992        1
129:     0.005  0.003  0.993        1
130:     0.008  0.005  0.987        1
131:     0.009  0.011  0.979        1
132:     0.011  0.013  0.976        1
133:     0.006  0.003  0.991        1
134:     0.028  0.003  0.969        1
135:     0.022  0.011  0.967        1
136:     0.004  0.008  0.987        1
137:     0.002  0.008  0.990        1
138:     0.003  0.002  0.995        1
139:     0.005  0.001  0.994        1
140:     0.011  0.003  0.986        1
141:     0.004  0.010  0.987        1
142:     0.001  0.004  0.995        1
143:     0.010  0.002  0.987        1
144:     0.003  0.002  0.996        1
145:     0.010  0.004  0.986        1
146:     0.002  0.001  0.996        1
147:     0.014  0.004  0.982        1
148:     0.003  0.001  0.996        1
149:     0.004  0.019  0.977        1
150:     0.014  0.005  0.981        1
151:     0.003  0.005  0.992        1
152:     0.009  0.007  0.984        1
153:     0.003  0.064  0.933        1
154:     0.004  0.016  0.980        1
155:     0.002  0.005  0.994        1
156:     0.002  0.007  0.991        1
157:     0.021  0.014  0.965        1
158:     0.005  0.025  0.969        1
159:     0.004  0.003  0.993        1
160:     0.009  0.007  0.983        1
161:     0.006  0.009  0.985        1
162:     0.003  0.007  0.990        1
163:     0.022  0.005  0.972        1
164:     0.003  0.017  0.980        1
165:     0.017  0.008  0.975        1
166:     0.004  0.031  0.966        1
167:     0.002  0.004  0.994        1
168:     0.003  0.003  0.994        1
169:     0.001  0.003  0.996        1
170:     0.001  0.008  0.991        1
171:     0.002  0.003  0.995        1
172:     0.007  0.008  0.986        1
173:     0.009  0.012  0.978        1
174:     0.003  0.002  0.995        1
175:     0.009  0.002  0.989        1
176:     0.007  0.002  0.991        1
177:     0.014  0.003  0.983        1
178:     0.003  0.003  0.994        1
179:     0.003  0.006  0.992        1
180:     0.002  0.006  0.992        1
181:     0.006  0.002  0.992        1
182:     0.008  0.010  0.981        1
183:     0.003  0.011  0.986        1
184:     0.009  0.011  0.980        1
185:     0.006  0.002  0.992        1
186:     0.001  0.004  0.995        1
187:     0.016  0.002  0.982        1
188:     0.003  0.002  0.995        1
189:     0.005  0.004  0.991        1
190:     0.003  0.007  0.991        1
191:     0.007  0.009  0.985        1
192:     0.002  0.005  0.993        1
193:     0.004  0.005  0.990        1
194:     0.005  0.010  0.985        1
195:     0.003  0.002  0.995        1
196:     0.015  0.003  0.982        1
197:     0.010  0.006  0.984        1
198:     0.002  0.002  0.995        1
199:     0.002  0.006  0.992        1
200:     0.007  0.181  0.812        1
201:     0.003  0.110  0.888        1
202:     0.003  0.002  0.995        1
203:     0.006  0.009  0.985        1
204:     0.005  0.043  0.952        1
205:     0.004  0.066  0.929        1
206:     0.003  0.134  0.863        1
207:     0.005  0.052  0.943        1
208:     0.003  0.030  0.967        1
209:     0.009  0.058  0.934        1
210:     0.003  0.005  0.992        1
211:     0.003  0.021  0.976        1
212:     0.004  0.142  0.855        1
213:     0.010  0.011  0.979        1
214:     0.008  0.041  0.950        1
215:     0.006  0.014  0.980        1
216:     0.007  0.006  0.987        1
217:     0.002  0.018  0.979        1
218:     0.003  0.020  0.977        1
219:     0.015  0.035  0.950        1
220:     0.002  0.004  0.994        1
221:     0.006  0.004  0.990        1
222:     0.005  0.005  0.990        1
223:     0.005  0.084  0.910        1
224:     0.006  0.010  0.985        1
225:     0.004  0.004  0.992        1
226:     0.002  0.231  0.767        1
227:     0.003  0.002  0.995        1
228:     0.001  0.036  0.962        1
229:     0.005  0.204  0.790        1
230:     0.003  0.146  0.851        1
231:     0.005  0.015  0.980        1
232:     0.010  0.012  0.978        1
233:     0.006  0.005  0.989        1
234:     0.002  0.056  0.942        1
235:     0.017  0.007  0.976        1
236:     0.002  0.005  0.993        1
237:     0.005  0.114  0.881        1
238:     0.005  0.015  0.981        1
239:     0.005  0.039  0.956        1
240:     0.004  0.015  0.981        1
241:     0.014  0.008  0.978        1
242:     0.012  0.016  0.972        1
243:     0.003  0.004  0.993        1
244:     0.003  0.073  0.924        1
245:     0.023  0.006  0.971        1
246:     0.007  0.005  0.988        1
247:     0.005  0.040  0.955        1
248:     0.003  0.054  0.942        1
249:     0.003  0.007  0.990        1
250:     0.005  0.043  0.952        1
251:     0.005  0.006  0.989        1
252:     0.003  0.004  0.993        1
253:     0.006  0.016  0.978        1
254:     0.002  0.004  0.994        1
255:     0.011  0.161  0.828        1
256:     0.026  0.018  0.957        1
257:     0.005  0.013  0.982        1
258:     0.015  0.008  0.977        1
259:     0.004  0.007  0.989        1
260:     0.011  0.013  0.975        1
261:     0.023  0.074  0.904        1
262:     0.010  0.042  0.948        1
263:     0.010  0.046  0.944        1
264:     0.001  0.013  0.986        1
265:     0.008  0.007  0.984        1
266:     0.046  0.010  0.944        1
267:     0.001  0.008  0.991        1
268:     0.004  0.058  0.938        1
269:     0.001  0.002  0.997        1
270:     0.002  0.005  0.993        1
271:     0.002  0.111  0.887        1
272:     0.002  0.009  0.989        1
273:     0.002  0.010  0.988        1
274:     0.002  0.008  0.989        1
275:     0.017  0.027  0.957        1
276:     0.031  0.014  0.955        1
277:     0.014  0.090  0.896        1
278:     0.002  0.006  0.993        1
279:     0.002  0.032  0.965        1
280:     0.005  0.009  0.986        1
281:     0.005  0.002  0.993        1
282:     0.005  0.989  0.006        1
283:     0.007  0.990  0.003        1
284:     0.006  0.972  0.023        1
285:     0.005  0.979  0.016        1
286:     0.006  0.992  0.002        1
287:     0.012  0.977  0.011        1
288:     0.005  0.983  0.012        1
289:     0.002  0.994  0.003        1
290:     0.003  0.990  0.007        1
291:     0.003  0.994  0.002        1
292:     0.006  0.983  0.011        1
293:     0.004  0.985  0.012        1
294:     0.002  0.987  0.011        1
295:     0.003  0.987  0.010        1
296:     0.006  0.988  0.006        1
297:     0.003  0.994  0.003        1
298:     0.010  0.983  0.007        1
299:     0.002  0.992  0.006        1
300:     0.008  0.982  0.010        1
301:     0.002  0.991  0.008        1
302:     0.020  0.975  0.006        1
303:     0.007  0.984  0.010        1
304:     0.025  0.967  0.008        1
305:     0.001  0.976  0.023        1
306:     0.007  0.981  0.012        1
307:     0.005  0.985  0.010        1
308:     0.007  0.968  0.025        1
309:     0.003  0.991  0.006        1
310:     0.019  0.978  0.003        1
311:     0.006  0.988  0.005        1
312:     0.003  0.993  0.004        1
313:     0.005  0.929  0.066        1
314:     0.026  0.968  0.006        1
315:     0.005  0.989  0.006        1
316:     0.039  0.945  0.016        1
317:     0.007  0.986  0.007        1
318:     0.002  0.980  0.018        1
319:     0.004  0.952  0.044        1
320:     0.018  0.977  0.005        1
321:     0.006  0.990  0.004        1
322:     0.002  0.995  0.002        1
323:     0.002  0.985  0.013        1
324:     0.024  0.005  0.971        1
325:     0.358  0.024  0.618        1
326:     0.007  0.003  0.990        1
327:     0.012  0.979  0.009        1
328:     0.004  0.994  0.002        1
329:     0.004  0.986  0.010        1
330:     0.001  0.994  0.005        1
331:     0.002  0.989  0.009        1
332:     0.001  0.997  0.002        1
333:     0.002  0.995  0.003        1
334:     0.007  0.962  0.031        1
335:     0.002  0.989  0.009        1
336:     0.003  0.994  0.003        1
337:     0.002  0.993  0.006        1
338:     0.008  0.980  0.012        1
339:     0.003  0.990  0.008        1
340:     0.002  0.987  0.011        1
341:     0.002  0.997  0.001        1
342:     0.002  0.994  0.004        1
343:     0.002  0.995  0.003        1
344:     0.004  0.993  0.003        1
345:     0.004  0.992  0.004        1
346:     0.002  0.994  0.004        1
347:     0.008  0.983  0.008        1
348:     0.004  0.989  0.007        1
349:     0.003  0.991  0.006        1
350:     0.011  0.986  0.003        1
351:     0.004  0.994  0.003        1
352:     0.003  0.989  0.007        1
353:     0.006  0.980  0.014        1
354:     0.003  0.994  0.004        1
355:     0.014  0.976  0.010        1
356:     0.002  0.990  0.007        1
357:     0.004  0.992  0.005        1
358:     0.005  0.979  0.015        1
359:     0.005  0.965  0.029        1
360:     0.003  0.994  0.003        1
361:     0.006  0.987  0.007        1
362:     0.121  0.024  0.855        1
363:     0.044  0.227  0.729        1
364:     0.012  0.033  0.955        1
365:     0.010  0.122  0.868        1
366:     0.003  0.989  0.008        1
367:     0.009  0.975  0.016        1
368:     0.003  0.990  0.007        1
369:     0.005  0.984  0.011        1
370:     0.002  0.994  0.003        1
371:     0.024  0.948  0.028        1
372:     0.004  0.992  0.003        1
373:     0.003  0.986  0.011        1
374:     0.001  0.995  0.004        1
375:     0.008  0.980  0.012        1
376:     0.004  0.980  0.017        1
377:     0.005  0.989  0.006        1
378:     0.003  0.990  0.007        1
379:     0.008  0.986  0.006        1
380:     0.005  0.991  0.004        1
381:     0.021  0.967  0.012        1
382:     0.007  0.988  0.005        1
383:     0.003  0.994  0.003        1
384:     0.010  0.978  0.012        1
385:     0.048  0.937  0.014        1
386:     0.003  0.991  0.006        1
387:     0.003  0.989  0.008        1
388:     0.007  0.982  0.011        1
389:     0.006  0.990  0.004        1
390:     0.010  0.983  0.007        1
391:     0.004  0.987  0.008        1
392:     0.004  0.994  0.002        1
393:     0.002  0.996  0.002        1
394:     0.041  0.033  0.926        1
395:     0.002  0.054  0.944        1
396:     0.119  0.012  0.869        1
397:     0.003  0.023  0.975        1
398:     0.028  0.005  0.967        1
399:     0.010  0.003  0.986        1
400:     0.052  0.052  0.896        1
401:     0.034  0.027  0.939        1
402:     0.004  0.057  0.939        1
403:     0.003  0.983  0.014        1
404:     0.013  0.954  0.033        1
405:     0.006  0.983  0.011        1
406:     0.003  0.994  0.003        1
407:     0.006  0.992  0.002        1
408:     0.097  0.900  0.003        1
409:     0.004  0.993  0.003        1
410:     0.003  0.996  0.002        1
411:     0.012  0.982  0.005        1
412:     0.008  0.985  0.007        1
413:     0.003  0.994  0.003        1
414:     0.002  0.996  0.002        1
415:     0.004  0.987  0.009        1
416:     0.004  0.993  0.003        1
417:     0.005  0.976  0.019        1
418:     0.008  0.005  0.987        1
419:     0.009  0.251  0.741        1
420:     0.428  0.004  0.569        1
421:     0.056  0.005  0.940        1
422:     0.147  0.012  0.842        1
423:     0.015  0.078  0.907        1
424:     0.174  0.019  0.807        1
425:     0.004  0.166  0.830        1
426:     0.025  0.018  0.957        1
427:     0.023  0.008  0.969        1
428:     0.214  0.002  0.784        1
429:     0.008  0.142  0.850        1
430:     0.013  0.159  0.827        1
431:     0.015  0.003  0.982        1
432:     0.076  0.007  0.917        1
433:     0.029  0.177  0.794        1
434:     0.006  0.075  0.919        1
435:     0.042  0.284  0.674        1
436:     0.006  0.021  0.973        1
437:     0.006  0.005  0.989        1
438:     0.006  0.004  0.989        1
439:     0.011  0.195  0.794        1
440:     0.005  0.397  0.599        1
441:     0.185  0.003  0.811        1
442:     0.011  0.020  0.969        1
443:     0.017  0.120  0.863        1
444:     0.093  0.002  0.904        1
445:     0.017  0.005  0.977        1
446:     0.081  0.005  0.914        1
447:     0.004  0.084  0.912        1
448:     0.123  0.004  0.874        1
449:     0.016  0.099  0.886        1
450:     0.095  0.020  0.885        1
451:     0.289  0.002  0.708        1
452:     0.634  0.005  0.361        1
453:     0.005  0.006  0.989        1
454:     0.015  0.014  0.971        1
455:     0.050  0.009  0.940        1
456:     0.710  0.016  0.273        1
457:     0.008  0.244  0.748        1
458:     0.006  0.168  0.826        1
459:     0.003  0.005  0.992        1
460:     0.069  0.141  0.790        1
461:     0.006  0.231  0.763        1
462:     0.006  0.270  0.724        1
463:     0.159  0.152  0.688        1
464:     0.016  0.012  0.972        1
465:     0.022  0.033  0.945        1
466:     0.010  0.023  0.967        1
467:     0.229  0.011  0.761        1
468:     0.002  0.351  0.647        1
469:     0.005  0.004  0.990        1
470:     0.390  0.199  0.411        1
471:     0.039  0.229  0.731        1
472:     0.031  0.034  0.936        1
473:     0.010  0.211  0.779        1
474:     0.161  0.048  0.792        1
475:     0.005  0.008  0.987        1
476:     0.130  0.141  0.729        1
477:     0.012  0.093  0.895        1
478:     0.025  0.031  0.944        1
479:     0.012  0.060  0.928        1
480:     0.191  0.004  0.805        1
481:     0.022  0.034  0.944        1
482:     0.106  0.158  0.735        1
483:     0.025  0.221  0.754        1
484:     0.029  0.002  0.969        1
485:     0.032  0.006  0.962        1
486:     0.036  0.052  0.912        1
487:     0.014  0.005  0.981        1
488:     0.083  0.008  0.909        1
489:     0.032  0.003  0.965        1
490:     0.006  0.318  0.676        1
491:     0.251  0.002  0.747        1
492:     0.117  0.003  0.880        1
493:     0.078  0.488  0.433        1
494:     0.010  0.164  0.825        1
495:     0.209  0.005  0.787        1
496:     0.009  0.026  0.965        1
497:     0.012  0.056  0.933        1
498:     0.006  0.009  0.985        1
499:     0.457  0.025  0.518        1
500:     0.855  0.001  0.144        1
501:     0.337  0.006  0.656        1
502:     0.008  0.007  0.985        1
503:     0.002  0.152  0.845        1
504:     0.003  0.168  0.829        1
505:     0.009  0.005  0.986        1
506:     0.024  0.140  0.837        1
507:     0.052  0.087  0.861        1
508:     0.081  0.034  0.885        1
509:     0.007  0.004  0.989        1
510:     0.098  0.426  0.476        1
511:     0.005  0.067  0.928        1
512:     0.006  0.037  0.957        1
513:     0.327  0.215  0.458        1
514:     0.006  0.008  0.985        1
515:     0.148  0.075  0.777        1
516:     0.046  0.005  0.950        1
517:     0.010  0.012  0.977        1
518:     0.003  0.026  0.971        1
519:     0.378  0.004  0.618        1
520:     0.032  0.005  0.962        1
521:     0.059  0.001  0.939        1
522:     0.315  0.013  0.672        1
523:     0.270  0.011  0.719        1
524:     0.019  0.020  0.961        1
525:     0.006  0.047  0.947        1
526:     0.015  0.040  0.945        1
527:     0.203  0.004  0.794        1
528:     0.083  0.003  0.914        1
529:     0.002  0.003  0.995        1
530:     0.005  0.597  0.398        1
531:     0.310  0.218  0.472        1
532:     0.005  0.054  0.941        1
533:     0.004  0.233  0.762        1
534:     0.006  0.448  0.546        1
535:     0.033  0.137  0.830        1
536:     0.017  0.092  0.891        1
537:     0.003  0.246  0.752        1
538:     0.014  0.202  0.784        1
539:     0.038  0.247  0.715        1
540:     0.003  0.171  0.826        1
541:     0.066  0.003  0.930        1
542:     0.003  0.251  0.746        1
543:     0.003  0.209  0.788        1
544:     0.254  0.282  0.464        1
545:     0.011  0.358  0.631        1
546:     0.084  0.069  0.846        1
547:     0.017  0.546  0.437        1
548:     0.077  0.222  0.700        1
549:     0.002  0.274  0.724        1
550:     0.107  0.289  0.604        1
551:     0.003  0.295  0.702        1
552:     0.003  0.022  0.975        1
553:     0.013  0.132  0.854        1
554:     0.071  0.024  0.905        1
555:     0.004  0.006  0.990        1
556:     0.452  0.030  0.518        1
557:     0.387  0.005  0.608        1
558:     0.062  0.015  0.923        1
559:     0.002  0.136  0.863        1
560:     0.227  0.038  0.736        1
561:     0.005  0.042  0.953        1
562:     0.256  0.117  0.627        1
563:     0.211  0.192  0.596        1
564:     0.045  0.031  0.924        1
565:     0.052  0.012  0.936        1
566:     0.032  0.253  0.715        1
567:     0.179  0.249  0.571        1
568:     0.156  0.004  0.839        1
569:     0.002  0.105  0.893        1
570:     0.019  0.271  0.710        1
571:     0.010  0.004  0.986        1
572:     0.006  0.004  0.990        1
573:     0.142  0.009  0.849        1
574:     0.006  0.357  0.637        1
575:     0.007  0.446  0.547        1
576:     0.291  0.093  0.616        1
577:     0.102  0.009  0.889        1
578:     0.019  0.106  0.875        1
579:     0.002  0.276  0.722        1
580:     0.040  0.190  0.770        1
581:     0.066  0.430  0.504        1
582:     0.141  0.335  0.524        1
583:     0.316  0.111  0.573        1
584:     0.009  0.086  0.905        1
585:     0.002  0.018  0.980        1
586:     0.008  0.005  0.987        1
587:     0.168  0.030  0.802        1
588:     0.445  0.102  0.452        1
589:     0.004  0.008  0.989        1
590:     0.111  0.128  0.761        1
591:     0.008  0.004  0.988        1
592:     0.019  0.136  0.845        1
593:     0.005  0.008  0.987        1
594:     0.493  0.122  0.384        1
595:     0.191  0.061  0.748        1
596:     0.015  0.030  0.955        1
597:     0.010  0.011  0.979        1
598:     0.017  0.030  0.952        1
599:     0.005  0.004  0.992        1
600:     0.009  0.006  0.985        1
601:     0.003  0.001  0.996        1
602:     0.002  0.004  0.995        1
603:     0.009  0.002  0.990        1
604:     0.004  0.003  0.993        1
605:     0.005  0.003  0.991        1
606:     0.017  0.002  0.982        1
607:     0.004  0.002  0.994        1
608:     0.003  0.003  0.995        1
609:     0.004  0.002  0.994        1
610:     0.002  0.002  0.996        1
611:     0.003  0.004  0.994        1
612:     0.005  0.019  0.976        1
613:     0.012  0.004  0.984        1
614:     0.013  0.005  0.982        1
615:     0.002  0.002  0.996        1
616:     0.013  0.003  0.984        1
617:     0.005  0.002  0.994        1
618:     0.009  0.003  0.989        1
619:     0.004  0.004  0.992        1
620:     0.021  0.020  0.959        1
621:     0.003  0.002  0.996        1
622:     0.009  0.149  0.842        1
623:     0.422  0.040  0.538        1
624:     0.361  0.023  0.616        1
625:     0.022  0.506  0.472        1
626:     0.007  0.056  0.938        1
627:     0.003  0.286  0.710        1
628:     0.005  0.433  0.562        1
629:     0.007  0.276  0.717        1
630:     0.002  0.448  0.550        1
631:     0.019  0.192  0.789        1
632:     0.028  0.109  0.863        1
633:     0.010  0.318  0.671        1
634:     0.004  0.024  0.972        1
635:     0.044  0.889  0.067        1
636:     0.002  0.994  0.004        1
637:     0.008  0.987  0.004        1
638:     0.016  0.979  0.005        1
639:     0.022  0.971  0.006        1
640:     0.003  0.994  0.002        1
641:     0.011  0.003  0.986        1
642:     0.023  0.003  0.975        1
643:     0.027  0.006  0.967        1
644:     0.004  0.002  0.995        1
645:     0.013  0.005  0.982        1
646:     0.012  0.003  0.985        1
647:     0.004  0.002  0.995        1
648:     0.008  0.003  0.988        1
649:     0.010  0.002  0.988        1
650:     0.057  0.006  0.936        1
651:     0.004  0.004  0.992        1
652:     0.002  0.005  0.993        1
653:     0.002  0.002  0.996        1
654:     0.002  0.005  0.993        1
655:     0.004  0.005  0.991        1
656:     0.005  0.002  0.994        1
657:     0.005  0.002  0.993        1
658:     0.012  0.031  0.957        1
659:     0.187  0.008  0.805        1
660:     0.020  0.005  0.976        1
661:     0.007  0.002  0.992        1
662:     0.007  0.003  0.990        1
663:     0.013  0.003  0.984        1
664:     0.011  0.017  0.972        1
665:     0.013  0.004  0.983        1
666:     0.009  0.004  0.987        1
667:     0.003  0.039  0.958        1
668:     0.002  0.001  0.997        1
669:     0.002  0.002  0.996        1
670:     0.002  0.008  0.990        1
671:     0.002  0.002  0.996        1
672:     0.005  0.005  0.990        1
673:     0.029  0.005  0.965        1
674:     0.003  0.009  0.987        1
675:     0.012  0.002  0.986        1
676:     0.014  0.010  0.976        1
677:     0.009  0.005  0.986        1
678:     0.094  0.003  0.904        1
679:     0.003  0.004  0.993        1
680:     0.017  0.002  0.982        1
681:     0.002  0.003  0.995        1
682:     0.005  0.003  0.992        1
683:     0.008  0.004  0.987        1
684:     0.002  0.005  0.992        1
685:     0.007  0.007  0.986        1
686:     0.015  0.005  0.980        1
687:     0.049  0.004  0.947        1
688:     0.020  0.044  0.936        1
689:     0.010  0.002  0.988        1
690:     0.034  0.005  0.961        1
691:     0.004  0.013  0.983        1
692:     0.003  0.005  0.992        1
693:     0.011  0.003  0.986        1
694:     0.002  0.004  0.994        1
695:     0.006  0.007  0.986        1
696:     0.027  0.002  0.971        1
697:     0.004  0.009  0.987        1
698:     0.004  0.003  0.993        1
699:     0.014  0.005  0.981        1
700:     0.003  0.006  0.990        1
701:     0.004  0.004  0.991        1
702:     0.007  0.005  0.988        1
703:     0.005  0.004  0.991        1
704:     0.002  0.002  0.995        1
705:     0.007  0.003  0.990        1
706:     0.006  0.004  0.990        1
707:     0.018  0.003  0.980        1
708:     0.009  0.001  0.990        1
709:     0.003  0.019  0.979        1
710:     0.069  0.004  0.927        1
711:     0.002  0.004  0.994        1
712:     0.002  0.003  0.995        1
713:     0.006  0.003  0.991        1
714:     0.004  0.986  0.010        1
715:     0.007  0.984  0.009        1
716:     0.010  0.986  0.004        1
717:     0.029  0.969  0.002        1
718:     0.006  0.973  0.021        1
719:     0.005  0.990  0.004        1
720:     0.005  0.992  0.003        1
721:     0.009  0.987  0.004        1
722:     0.009  0.967  0.025        1
723:     0.001  0.996  0.002        1
724:     0.004  0.985  0.011        1
725:     0.004  0.989  0.008        1
726:     0.003  0.994  0.004        1
727:     0.028  0.956  0.016        1
728:     0.011  0.983  0.005        1
729:     0.061  0.930  0.009        1
730:     0.008  0.986  0.006        1
731:     0.003  0.972  0.025        1
732:     0.002  0.994  0.004        1
733:     0.006  0.985  0.009        1
734:     0.001  0.998  0.001        1
735:     0.009  0.973  0.018        1
736:     0.003  0.990  0.007        1
737:     0.006  0.992  0.002        1
738:     0.002  0.962  0.037        1
739:     0.006  0.980  0.013        1
740:     0.010  0.985  0.005        1
741:     0.004  0.989  0.007        1
742:     0.034  0.955  0.012        1
743:     0.004  0.989  0.008        1
744:     0.007  0.981  0.012        1
745:     0.003  0.971  0.026        1
746:     0.003  0.980  0.018        1
747:     0.002  0.993  0.005        1
748:     0.006  0.947  0.047        1
749:     0.005  0.990  0.005        1
750:     0.013  0.971  0.017        1
751:     0.012  0.968  0.020        1
752:     0.011  0.978  0.011        1
753:     0.003  0.984  0.013        1
754:     0.008  0.984  0.008        1
755:     0.003  0.991  0.006        1
756:     0.003  0.988  0.009        1
757:     0.012  0.985  0.003        1
758:     0.005  0.979  0.015        1
759:     0.009  0.976  0.015        1
760:     0.004  0.990  0.006        1
761:     0.039  0.950  0.011        1
762:     0.013  0.975  0.012        1
763:     0.005  0.988  0.007        1
764:     0.018  0.973  0.008        1
765:     0.008  0.983  0.010        1
766:     0.024  0.952  0.024        1
767:     0.002  0.994  0.005        1
768:     0.003  0.990  0.007        1
769:     0.011  0.977  0.013        1
770:     0.801  0.004  0.196        1
771:     0.539  0.104  0.357        1
772:     0.876  0.019  0.105        1
773:     0.491  0.006  0.503        1
774:     0.871  0.002  0.127        1
775:     0.559  0.001  0.440        1
776:     0.989  0.003  0.007        1
777:     0.993  0.005  0.002        1
778:     0.018  0.512  0.471        1
779:     0.009  0.656  0.335        1
780:     0.800  0.028  0.172        1
781:     0.992  0.001  0.007        1
782:     0.857  0.032  0.111        1
783:     0.689  0.005  0.306        1
784:     0.994  0.002  0.004        1
785:     0.003  0.517  0.480        1
786:     0.002  0.321  0.677        1
787:     0.013  0.733  0.255        1
788:     0.017  0.612  0.371        1
789:     0.007  0.675  0.318        1
790:     0.220  0.372  0.407        1
791:     0.039  0.706  0.256        1
792:     0.003  0.563  0.434        1
793:     0.010  0.502  0.488        1
794:     0.186  0.381  0.433        1
795:     0.005  0.458  0.537        1
796:     0.003  0.644  0.353        1
797:     0.003  0.630  0.368        1
798:     0.006  0.302  0.691        1
799:     0.006  0.601  0.393        1
800:     0.099  0.443  0.458        1
801:     0.028  0.915  0.057        1
802:     0.015  0.588  0.398        1
803:     0.192  0.404  0.404        1
804:     0.005  0.665  0.331        1
805:     0.005  0.718  0.278        1
806:     0.003  0.639  0.358        1
807:     0.007  0.581  0.412        1
808:     0.003  0.644  0.353        1
809:     0.997  0.001  0.002        1
810:     0.996  0.001  0.002        1
811:     0.005  0.666  0.329        1
812:     0.471  0.255  0.274        1
813:     0.038  0.299  0.663        1
814:     0.003  0.717  0.280        1
815:     0.008  0.516  0.476        1
816:     0.230  0.225  0.546        1
817:     0.003  0.589  0.408        1
818:     0.002  0.618  0.380        1
819:     0.008  0.492  0.500        1
820:     0.003  0.460  0.537        1
821:     0.003  0.420  0.577        1
822:     0.011  0.350  0.640        1
823:     0.002  0.691  0.307        1
824:     0.861  0.013  0.126        1
825:     0.855  0.002  0.143        1
826:     0.319  0.004  0.676        1
827:     0.538  0.115  0.348        1
828:     0.838  0.097  0.064        1
829:     0.005  0.524  0.472        1
830:     0.004  0.715  0.280        1
831:     0.005  0.621  0.375        1
832:     0.006  0.595  0.399        1
833:     0.015  0.746  0.239        1
834:     0.302  0.312  0.387        1
835:     0.005  0.674  0.321        1
836:     0.971  0.006  0.023        1
837:     0.647  0.006  0.347        1
838:     0.990  0.002  0.008        1
839:     0.988  0.003  0.009        1
840:     0.994  0.004  0.003        1
841:     0.028  0.966  0.006        1
842:     0.003  0.992  0.005        1
843:     0.006  0.987  0.007        1
844:     0.029  0.960  0.011        1
845:     0.009  0.967  0.024        1
846:     0.003  0.996  0.001        1
847:     0.005  0.904  0.091        1
848:     0.024  0.963  0.014        1
849:     0.007  0.978  0.015        1
850:     0.010  0.979  0.011        1
851:     0.003  0.993  0.005        1
852:     0.005  0.988  0.006        1
853:     0.005  0.985  0.010        1
854:     0.005  0.976  0.019        1
855:     0.007  0.966  0.027        1
856:     0.005  0.989  0.006        1
857:     0.025  0.971  0.005        1
858:     0.635  0.002  0.363        1
859:     0.914  0.003  0.082        1
860:     0.995  0.002  0.002        1
861:     0.942  0.012  0.046        1
862:     0.034  0.944  0.023        1
863:     0.024  0.936  0.040        1
864:     0.009  0.925  0.066        1
865:     0.009  0.895  0.096        1
866:     0.009  0.962  0.028        1
867:     0.014  0.959  0.026        1
868:     0.075  0.921  0.004        1
869:     0.020  0.976  0.004        1
870:     0.003  0.751  0.247        1
871:     0.005  0.987  0.008        1
872:     0.004  0.986  0.010        1
873:     0.004  0.987  0.010        1
874:     0.009  0.986  0.005        1
875:     0.004  0.988  0.008        1
876:     0.014  0.961  0.025        1
877:     0.005  0.985  0.011        1
878:     0.005  0.981  0.014        1
879:     0.014  0.976  0.011        1
880:     0.007  0.964  0.029        1
881:     0.006  0.985  0.009        1
882:     0.015  0.974  0.011        1
883:     0.029  0.521  0.450        1
884:     0.003  0.502  0.495        1
885:     0.996  0.001  0.003        1
886:     0.021  0.707  0.272        1
887:     0.002  0.616  0.382        1
888:     0.002  0.720  0.279        1
889:     0.923  0.038  0.039        1
890:     0.992  0.001  0.007        1
891:     0.988  0.005  0.007        1
892:     0.017  0.959  0.025        1
893:     0.003  0.991  0.005        1
894:     0.003  0.995  0.003        1
895:     0.008  0.972  0.021        1
896:     0.004  0.988  0.009        1
897:     0.007  0.990  0.003        1
898:     0.006  0.990  0.003        1
899:     0.069  0.895  0.036        1
900:     0.040  0.937  0.023        1
901:     0.029  0.920  0.052        1
902:     0.025  0.967  0.008        1
903:     0.004  0.985  0.010        1
904:     0.010  0.929  0.061        1
905:     0.002  0.995  0.003        1
906:     0.007  0.979  0.014        1
907:     0.006  0.974  0.020        1
908:     0.005  0.991  0.004        1
909:     0.848  0.129  0.023        1
910:     0.845  0.021  0.134        1
911:     0.040  0.419  0.540        1
912:     0.005  0.616  0.378        1
913:     0.004  0.696  0.301        1
914:     0.005  0.969  0.026        1
915:     0.008  0.987  0.005        1
916:     0.007  0.988  0.005        1
917:     0.002  0.996  0.001        1
918:     0.005  0.986  0.009        1
919:     0.006  0.983  0.011        1
920:     0.004  0.980  0.016        1
921:     0.004  0.985  0.010        1
922:     0.005  0.986  0.008        1
923:     0.004  0.987  0.010        1
924:     0.011  0.957  0.033        1
925:     0.006  0.993  0.002        1
926:     0.006  0.983  0.011        1
927:     0.002  0.996  0.002        1
928:     0.002  0.996  0.002        1
929:     0.003  0.993  0.005        1
930:     0.006  0.953  0.041        1
931:     0.003  0.994  0.003        1
932:     0.015  0.977  0.008        1
933:     0.003  0.994  0.003        1
934:     0.004  0.001  0.995        1
935:     0.006  0.003  0.990        1
936:     0.007  0.003  0.989        1
937:     0.010  0.005  0.985        1
938:     0.003  0.004  0.993        1
939:     0.003  0.002  0.995        1
940:     0.014  0.003  0.984        1
941:     0.012  0.013  0.975        1
942:     0.004  0.002  0.994        1
943:     0.005  0.001  0.994        1
944:     0.002  0.003  0.995        1
945:     0.034  0.009  0.957        1
946:     0.006  0.002  0.992        1
947:     0.018  0.002  0.981        1
948:     0.051  0.918  0.031        1
949:     0.002  0.229  0.770        1
950:     0.005  0.247  0.747        1
951:     0.994  0.003  0.003        1
952:     0.568  0.010  0.422        1
953:     0.004  0.797  0.199        1
954:     0.005  0.411  0.584        1
955:     0.003  0.617  0.379        1
956:     0.001  0.483  0.515        1
957:     0.004  0.561  0.435        1
958:     0.002  0.593  0.405        1
959:     0.005  0.761  0.234        1
960:     0.222  0.532  0.246        1
961:     0.003  0.777  0.219        1
962:     0.005  0.581  0.414        1
963:     0.003  0.713  0.285        1
964:     0.730  0.002  0.268        1
965:     0.913  0.004  0.083        1
966:     0.827  0.003  0.170        1
967:     0.837  0.002  0.161        1
968:     0.005  0.635  0.360        1
969:     0.030  0.524  0.445        1
970:     0.008  0.682  0.310        1
971:     0.004  0.568  0.428        1
972:     0.010  0.353  0.638        1
973:     0.016  0.526  0.457        1
974:     0.007  0.664  0.328        1
975:     0.025  0.385  0.591        1
976:     0.832  0.157  0.011        1
977:     0.985  0.004  0.011        1
978:     0.990  0.003  0.006        1
979:     0.004  0.440  0.556        1
980:     0.882  0.002  0.116        1
981:     0.997  0.002  0.001        1
982:     0.995  0.002  0.003        1
983:     0.984  0.004  0.011        1
984:     0.791  0.133  0.077        1
985:     0.993  0.003  0.003        1
986:     0.995  0.002  0.003        1
987:     0.854  0.004  0.141        1
988:     0.992  0.003  0.005        1
989:     0.590  0.015  0.395        1
990:     0.993  0.003  0.005        1
991:     0.972  0.013  0.016        1
992:     0.729  0.005  0.266        1
993:     0.003  0.474  0.522        1
994:     0.016  0.552  0.432        1
995:     0.002  0.991  0.007        1
996:     0.014  0.974  0.012        1
997:     0.005  0.990  0.005        1
998:     0.006  0.992  0.002        1
999:     0.001  0.993  0.005        1
1000:     0.003  0.993  0.004        1
1001:     0.003  0.992  0.004        1
1002:     0.007  0.988  0.005        1
1003:     0.004  0.986  0.010        1
1004:     0.009  0.963  0.028        1
1005:     0.003  0.993  0.004        1
1006:     0.006  0.982  0.012        1
1007:     0.003  0.991  0.006        1
1008:     0.005  0.990  0.005        1
1009:     0.002  0.995  0.003        1
1010:     0.005  0.986  0.009        1
1011:     0.038  0.959  0.003        1
1012:     0.055  0.927  0.018        1
1013:     0.002  0.989  0.009        1
1014:     0.018  0.907  0.075        1
1015:     0.016  0.968  0.015        1
1016:     0.015  0.972  0.012        1
1017:     0.056  0.923  0.021        1
1018:     0.003  0.982  0.016        1
1019:     0.027  0.962  0.012        1
1020:     0.004  0.991  0.005        1
1021:     0.033  0.945  0.021        1
1022:     0.006  0.967  0.026        1
1023:     0.013  0.974  0.013        1
1024:     0.006  0.987  0.007        1
1025:     0.003  0.990  0.007        1
1026:     0.005  0.993  0.002        1
1027:     0.006  0.979  0.016        1
1028:     0.019  0.944  0.037        1
1029:     0.004  0.992  0.004        1
1030:     0.996  0.001  0.003        1
1031:     0.654  0.008  0.339        1
