

----------------------------------------------------
STRUCTURE by Pritchard, Stephens and Donnelly (2000)
     and Falush, Stephens and Pritchard (2003)
       Code by Pritchard, Falush and Hubisz
             Version 2.3.4 (Jul 2012)
----------------------------------------------------



Command line arguments:   structure -K 3 -L 574 -N 2600 -i ./TEST.recode.strct_in -D 37035 -o ./TEST_structureOUT/K3_3 
Input File:    ./TEST.recode.strct_in

Run parameters:
   2600 individuals
   574 loci
   3 populations assumed
   1000 Burn-in period
   3000 Reps


--------------------------------------------
Proportion of membership of each pre-defined
 population in each of the 3 clusters

Given    Inferred Clusters       Number of
 Pop       1      2      3      Individuals

  1:     0.995  0.003  0.002        1
  2:     0.960  0.004  0.036        1
  3:     0.990  0.008  0.002        1
  4:     0.972  0.011  0.017        1
  5:     0.943  0.003  0.054        1
  6:     0.964  0.016  0.020        1
  7:     0.988  0.002  0.010        1
  8:     0.988  0.005  0.007        1
  9:     0.995  0.001  0.003        1
 10:     0.976  0.009  0.015        1
 11:     0.983  0.011  0.006        1
 12:     0.988  0.004  0.007        1
 13:     0.956  0.008  0.036        1
 14:     0.979  0.005  0.016        1
 15:     0.976  0.013  0.011        1
 16:     0.995  0.002  0.003        1
 17:     0.963  0.013  0.024        1
 18:     0.992  0.005  0.003        1
 19:     0.993  0.002  0.005        1
 20:     0.983  0.011  0.006        1
 21:     0.977  0.016  0.008        1
 22:     0.985  0.004  0.011        1
 23:     0.993  0.003  0.005        1
 24:     0.971  0.009  0.020        1
 25:     0.986  0.003  0.011        1
 26:     0.994  0.003  0.003        1
 27:     0.992  0.003  0.005        1
 28:     0.968  0.007  0.025        1
 29:     0.978  0.009  0.014        1
 30:     0.951  0.038  0.012        1
 31:     0.994  0.002  0.004        1
 32:     0.988  0.008  0.004        1
 33:     0.973  0.012  0.015        1
 34:     0.983  0.005  0.012        1
 35:     0.978  0.007  0.015        1
 36:     0.971  0.015  0.015        1
 37:     0.995  0.002  0.004        1
 38:     0.982  0.009  0.009        1
 39:     0.994  0.003  0.003        1
 40:     0.997  0.002  0.001        1
 41:     0.957  0.015  0.028        1
 42:     0.909  0.009  0.082        1
 43:     0.909  0.077  0.014        1
 44:     0.928  0.049  0.023        1
 45:     0.991  0.004  0.005        1
 46:     0.992  0.003  0.006        1
 47:     0.984  0.007  0.009        1
 48:     0.893  0.093  0.014        1
 49:     0.986  0.003  0.011        1
 50:     0.994  0.003  0.003        1
 51:     0.962  0.003  0.036        1
 52:     0.990  0.005  0.006        1
 53:     0.983  0.013  0.004        1
 54:     0.981  0.009  0.010        1
 55:     0.988  0.003  0.010        1
 56:     0.988  0.006  0.006        1
 57:     0.981  0.007  0.013        1
 58:     0.995  0.002  0.003        1
 59:     0.989  0.006  0.006        1
 60:     0.931  0.053  0.017        1
 61:     0.887  0.103  0.010        1
 62:     0.993  0.002  0.005        1
 63:     0.941  0.043  0.015        1
 64:     0.986  0.011  0.003        1
 65:     0.990  0.005  0.005        1
 66:     0.915  0.041  0.044        1
 67:     0.985  0.005  0.010        1
 68:     0.989  0.003  0.008        1
 69:     0.988  0.004  0.008        1
 70:     0.992  0.006  0.002        1
 71:     0.983  0.005  0.012        1
 72:     0.989  0.003  0.008        1
 73:     0.979  0.010  0.011        1
 74:     0.939  0.018  0.043        1
 75:     0.989  0.006  0.006        1
 76:     0.940  0.013  0.048        1
 77:     0.991  0.005  0.004        1
 78:     0.982  0.006  0.012        1
 79:     0.944  0.037  0.019        1
 80:     0.955  0.009  0.036        1
 81:     0.990  0.003  0.007        1
 82:     0.953  0.002  0.045        1
 83:     0.991  0.006  0.003        1
 84:     0.962  0.010  0.028        1
 85:     0.990  0.007  0.003        1
 86:     0.968  0.020  0.012        1
 87:     0.991  0.002  0.007        1
 88:     0.973  0.013  0.013        1
 89:     0.988  0.003  0.009        1
 90:     0.990  0.004  0.006        1
 91:     0.917  0.004  0.079        1
 92:     0.982  0.011  0.007        1
 93:     0.988  0.007  0.005        1
 94:     0.990  0.005  0.006        1
 95:     0.978  0.019  0.003        1
 96:     0.987  0.003  0.011        1
 97:     0.010  0.003  0.987        1
 98:     0.004  0.003  0.993        1
 99:     0.002  0.019  0.980        1
100:     0.010  0.005  0.985        1
101:     0.002  0.002  0.996        1
102:     0.002  0.005  0.993        1
103:     0.005  0.004  0.991        1
104:     0.003  0.003  0.994        1
105:     0.002  0.004  0.994        1
106:     0.003  0.004  0.993        1
107:     0.006  0.009  0.985        1
108:     0.001  0.008  0.990        1
109:     0.002  0.015  0.983        1
110:     0.002  0.003  0.994        1
111:     0.005  0.004  0.991        1
112:     0.002  0.030  0.968        1
113:     0.008  0.004  0.988        1
114:     0.005  0.003  0.993        1
115:     0.006  0.010  0.984        1
116:     0.004  0.003  0.994        1
117:     0.012  0.003  0.985        1
118:     0.004  0.008  0.988        1
119:     0.007  0.024  0.969        1
120:     0.005  0.003  0.992        1
121:     0.002  0.006  0.991        1
122:     0.001  0.006  0.994        1
123:     0.003  0.004  0.994        1
124:     0.002  0.001  0.996        1
125:     0.003  0.002  0.995        1
126:     0.003  0.002  0.995        1
127:     0.001  0.004  0.994        1
128:     0.008  0.002  0.990        1
129:     0.003  0.005  0.992        1
130:     0.005  0.008  0.987        1
131:     0.013  0.008  0.978        1
132:     0.012  0.013  0.975        1
133:     0.002  0.003  0.995        1
134:     0.003  0.024  0.973        1
135:     0.015  0.030  0.955        1
136:     0.008  0.002  0.990        1
137:     0.004  0.002  0.994        1
138:     0.002  0.003  0.995        1
139:     0.001  0.005  0.994        1
140:     0.003  0.006  0.991        1
141:     0.008  0.003  0.989        1
142:     0.005  0.003  0.992        1
143:     0.002  0.009  0.989        1
144:     0.004  0.005  0.991        1
145:     0.005  0.011  0.984        1
146:     0.001  0.001  0.998        1
147:     0.002  0.012  0.986        1
148:     0.002  0.005  0.993        1
149:     0.014  0.007  0.979        1
150:     0.006  0.008  0.986        1
151:     0.003  0.002  0.995        1
152:     0.003  0.005  0.992        1
153:     0.060  0.007  0.933        1
154:     0.009  0.004  0.986        1
155:     0.005  0.002  0.993        1
156:     0.004  0.003  0.993        1
157:     0.013  0.021  0.966        1
158:     0.019  0.007  0.974        1
159:     0.008  0.007  0.986        1
160:     0.006  0.019  0.975        1
161:     0.008  0.006  0.986        1
162:     0.007  0.003  0.990        1
163:     0.012  0.025  0.963        1
164:     0.014  0.004  0.982        1
165:     0.009  0.016  0.974        1
166:     0.030  0.005  0.965        1
167:     0.002  0.001  0.996        1
168:     0.004  0.005  0.990        1
169:     0.002  0.002  0.997        1
170:     0.004  0.002  0.994        1
171:     0.004  0.003  0.993        1
172:     0.008  0.005  0.987        1
173:     0.011  0.007  0.982        1
174:     0.001  0.006  0.993        1
175:     0.003  0.003  0.994        1
176:     0.002  0.005  0.993        1
177:     0.003  0.018  0.980        1
178:     0.005  0.002  0.993        1
179:     0.008  0.002  0.991        1
180:     0.006  0.002  0.992        1
181:     0.002  0.003  0.996        1
182:     0.011  0.010  0.979        1
183:     0.011  0.004  0.985        1
184:     0.012  0.007  0.981        1
185:     0.002  0.004  0.994        1
186:     0.002  0.001  0.997        1
187:     0.002  0.010  0.988        1
188:     0.002  0.002  0.996        1
189:     0.003  0.004  0.993        1
190:     0.005  0.002  0.993        1
191:     0.006  0.004  0.989        1
192:     0.006  0.003  0.991        1
193:     0.005  0.002  0.993        1
194:     0.016  0.006  0.978        1
195:     0.002  0.002  0.996        1
196:     0.003  0.006  0.990        1
197:     0.006  0.009  0.985        1
198:     0.002  0.006  0.991        1
199:     0.005  0.005  0.990        1
200:     0.177  0.009  0.814        1
201:     0.100  0.002  0.898        1
202:     0.002  0.002  0.997        1
203:     0.007  0.009  0.983        1
204:     0.060  0.004  0.936        1
205:     0.073  0.005  0.923        1
206:     0.137  0.002  0.861        1
207:     0.041  0.003  0.955        1
208:     0.028  0.004  0.967        1
209:     0.058  0.010  0.932        1
210:     0.005  0.002  0.993        1
211:     0.028  0.003  0.969        1
212:     0.157  0.007  0.836        1
213:     0.010  0.011  0.979        1
214:     0.050  0.006  0.944        1
215:     0.018  0.005  0.977        1
216:     0.009  0.005  0.986        1
217:     0.045  0.004  0.951        1
218:     0.017  0.002  0.980        1
219:     0.029  0.025  0.945        1
220:     0.006  0.004  0.990        1
221:     0.005  0.014  0.981        1
222:     0.006  0.006  0.988        1
223:     0.064  0.005  0.931        1
224:     0.010  0.002  0.988        1
225:     0.005  0.003  0.992        1
226:     0.229  0.003  0.768        1
227:     0.002  0.002  0.995        1
228:     0.036  0.002  0.962        1
229:     0.225  0.006  0.769        1
230:     0.157  0.009  0.834        1
231:     0.009  0.009  0.982        1
232:     0.010  0.008  0.982        1
233:     0.006  0.009  0.985        1
234:     0.064  0.007  0.930        1
235:     0.011  0.019  0.970        1
236:     0.006  0.002  0.992        1
237:     0.130  0.004  0.866        1
238:     0.016  0.004  0.980        1
239:     0.032  0.003  0.965        1
240:     0.006  0.005  0.989        1
241:     0.008  0.014  0.978        1
242:     0.016  0.005  0.979        1
243:     0.008  0.007  0.985        1
244:     0.055  0.005  0.940        1
245:     0.015  0.034  0.951        1
246:     0.005  0.005  0.991        1
247:     0.040  0.003  0.957        1
248:     0.061  0.005  0.934        1
249:     0.004  0.005  0.990        1
250:     0.032  0.004  0.965        1
251:     0.008  0.003  0.990        1
252:     0.005  0.004  0.991        1
253:     0.015  0.003  0.982        1
254:     0.004  0.002  0.995        1
255:     0.152  0.007  0.841        1
256:     0.009  0.021  0.970        1
257:     0.008  0.006  0.986        1
258:     0.005  0.014  0.982        1
259:     0.004  0.009  0.987        1
260:     0.015  0.015  0.971        1
261:     0.065  0.024  0.910        1
262:     0.040  0.006  0.954        1
263:     0.054  0.008  0.938        1
264:     0.013  0.002  0.985        1
265:     0.019  0.003  0.978        1
266:     0.010  0.041  0.949        1
267:     0.006  0.004  0.990        1
268:     0.071  0.003  0.926        1
269:     0.002  0.001  0.997        1
270:     0.007  0.005  0.988        1
271:     0.119  0.003  0.878        1
272:     0.012  0.003  0.985        1
273:     0.007  0.004  0.988        1
274:     0.005  0.006  0.989        1
275:     0.029  0.013  0.958        1
276:     0.010  0.032  0.958        1
277:     0.098  0.006  0.895        1
278:     0.005  0.002  0.993        1
279:     0.030  0.004  0.966        1
280:     0.013  0.009  0.979        1
281:     0.002  0.010  0.988        1
282:     0.991  0.004  0.004        1
283:     0.991  0.006  0.003        1
284:     0.973  0.005  0.022        1
285:     0.978  0.009  0.013        1
286:     0.991  0.007  0.002        1
287:     0.981  0.014  0.005        1
288:     0.962  0.006  0.032        1
289:     0.995  0.003  0.002        1
290:     0.991  0.003  0.006        1
291:     0.989  0.008  0.003        1
292:     0.975  0.009  0.016        1
293:     0.968  0.004  0.029        1
294:     0.988  0.003  0.009        1
295:     0.996  0.001  0.003        1
296:     0.992  0.005  0.003        1
297:     0.996  0.002  0.002        1
298:     0.984  0.013  0.003        1
299:     0.991  0.004  0.005        1
300:     0.987  0.005  0.008        1
301:     0.994  0.003  0.004        1
302:     0.970  0.019  0.011        1
303:     0.988  0.002  0.010        1
304:     0.969  0.016  0.015        1
305:     0.980  0.002  0.019        1
306:     0.985  0.007  0.008        1
307:     0.976  0.003  0.021        1
308:     0.974  0.005  0.021        1
309:     0.985  0.003  0.012        1
310:     0.979  0.015  0.006        1
311:     0.988  0.002  0.010        1
312:     0.996  0.002  0.002        1
313:     0.935  0.004  0.061        1
314:     0.980  0.015  0.005        1
315:     0.981  0.014  0.006        1
316:     0.948  0.026  0.026        1
317:     0.989  0.005  0.006        1
318:     0.971  0.003  0.026        1
319:     0.937  0.004  0.059        1
320:     0.974  0.017  0.009        1
321:     0.988  0.002  0.010        1
322:     0.995  0.002  0.004        1
323:     0.987  0.002  0.011        1
324:     0.005  0.013  0.982        1
325:     0.026  0.346  0.628        1
326:     0.004  0.010  0.986        1
327:     0.972  0.010  0.018        1
328:     0.992  0.005  0.003        1
329:     0.987  0.005  0.008        1
330:     0.995  0.003  0.002        1
331:     0.984  0.005  0.010        1
332:     0.994  0.001  0.005        1
333:     0.997  0.002  0.001        1
334:     0.975  0.007  0.019        1
335:     0.991  0.003  0.006        1
336:     0.996  0.002  0.002        1
337:     0.982  0.003  0.016        1
338:     0.977  0.016  0.007        1
339:     0.993  0.003  0.004        1
340:     0.983  0.007  0.010        1
341:     0.995  0.001  0.003        1
342:     0.993  0.003  0.004        1
343:     0.992  0.003  0.005        1
344:     0.989  0.003  0.008        1
345:     0.997  0.001  0.002        1
346:     0.992  0.002  0.005        1
347:     0.984  0.012  0.005        1
348:     0.988  0.005  0.007        1
349:     0.991  0.002  0.007        1
350:     0.989  0.006  0.005        1
351:     0.994  0.003  0.003        1
352:     0.986  0.004  0.010        1
353:     0.982  0.007  0.011        1
354:     0.989  0.004  0.007        1
355:     0.973  0.020  0.007        1
356:     0.992  0.002  0.006        1
357:     0.987  0.007  0.006        1
358:     0.976  0.002  0.022        1
359:     0.973  0.007  0.020        1
360:     0.994  0.003  0.003        1
361:     0.983  0.008  0.009        1
362:     0.009  0.144  0.847        1
363:     0.232  0.030  0.738        1
364:     0.033  0.008  0.958        1
365:     0.100  0.025  0.875        1
366:     0.984  0.003  0.013        1
367:     0.973  0.010  0.017        1
368:     0.992  0.002  0.006        1
369:     0.981  0.005  0.014        1
370:     0.994  0.001  0.004        1
371:     0.934  0.031  0.035        1
372:     0.994  0.003  0.003        1
373:     0.987  0.004  0.009        1
374:     0.997  0.001  0.002        1
375:     0.986  0.008  0.006        1
376:     0.985  0.004  0.011        1
377:     0.991  0.005  0.004        1
378:     0.992  0.003  0.005        1
379:     0.990  0.005  0.005        1
380:     0.992  0.003  0.005        1
381:     0.950  0.042  0.009        1
382:     0.995  0.004  0.001        1
383:     0.989  0.005  0.006        1
384:     0.979  0.009  0.012        1
385:     0.933  0.048  0.019        1
386:     0.986  0.005  0.009        1
387:     0.983  0.007  0.011        1
388:     0.981  0.008  0.011        1
389:     0.994  0.004  0.002        1
390:     0.983  0.009  0.008        1
391:     0.990  0.004  0.006        1
392:     0.995  0.002  0.003        1
393:     0.995  0.002  0.003        1
394:     0.032  0.021  0.947        1
395:     0.043  0.005  0.952        1
396:     0.012  0.140  0.848        1
397:     0.021  0.007  0.971        1
398:     0.003  0.025  0.972        1
399:     0.005  0.006  0.989        1
400:     0.064  0.033  0.903        1
401:     0.046  0.027  0.928        1
402:     0.037  0.004  0.959        1
403:     0.989  0.003  0.008        1
404:     0.929  0.014  0.057        1
405:     0.990  0.003  0.006        1
406:     0.995  0.002  0.003        1
407:     0.995  0.003  0.002        1
408:     0.901  0.074  0.025        1
409:     0.993  0.003  0.004        1
410:     0.997  0.001  0.002        1
411:     0.983  0.011  0.006        1
412:     0.981  0.015  0.005        1
413:     0.994  0.003  0.003        1
414:     0.995  0.003  0.003        1
415:     0.987  0.005  0.007        1
416:     0.993  0.001  0.006        1
417:     0.965  0.008  0.027        1
418:     0.004  0.015  0.981        1
419:     0.236  0.012  0.753        1
420:     0.003  0.421  0.576        1
421:     0.004  0.097  0.899        1
422:     0.002  0.162  0.836        1
423:     0.098  0.015  0.887        1
424:     0.017  0.206  0.776        1
425:     0.152  0.004  0.845        1
426:     0.017  0.012  0.971        1
427:     0.003  0.018  0.978        1
428:     0.002  0.238  0.761        1
429:     0.132  0.020  0.848        1
430:     0.163  0.014  0.824        1
431:     0.002  0.010  0.988        1
432:     0.008  0.071  0.921        1
433:     0.166  0.012  0.821        1
434:     0.055  0.006  0.939        1
435:     0.270  0.028  0.702        1
436:     0.019  0.010  0.971        1
437:     0.008  0.009  0.983        1
438:     0.002  0.007  0.991        1
439:     0.161  0.027  0.812        1
440:     0.392  0.005  0.602        1
441:     0.007  0.222  0.771        1
442:     0.029  0.012  0.959        1
443:     0.128  0.015  0.857        1
444:     0.005  0.090  0.905        1
445:     0.005  0.013  0.982        1
446:     0.009  0.103  0.888        1
447:     0.041  0.011  0.948        1
448:     0.003  0.094  0.903        1
449:     0.080  0.010  0.910        1
450:     0.015  0.102  0.883        1
451:     0.009  0.286  0.705        1
452:     0.005  0.626  0.369        1
453:     0.007  0.007  0.986        1
454:     0.006  0.016  0.978        1
455:     0.010  0.031  0.959        1
456:     0.014  0.713  0.272        1
457:     0.260  0.007  0.733        1
458:     0.169  0.009  0.821        1
459:     0.005  0.004  0.991        1
460:     0.128  0.071  0.801        1
461:     0.225  0.004  0.771        1
462:     0.278  0.013  0.709        1
463:     0.148  0.128  0.723        1
464:     0.019  0.020  0.961        1
465:     0.031  0.011  0.958        1
466:     0.034  0.007  0.959        1
467:     0.016  0.241  0.743        1
468:     0.334  0.002  0.664        1
469:     0.003  0.006  0.990        1
470:     0.208  0.384  0.408        1
471:     0.232  0.048  0.720        1
472:     0.024  0.031  0.945        1
473:     0.209  0.003  0.788        1
474:     0.060  0.174  0.766        1
475:     0.005  0.004  0.991        1
476:     0.166  0.138  0.695        1
477:     0.092  0.012  0.897        1
478:     0.021  0.035  0.944        1
479:     0.093  0.008  0.899        1
480:     0.004  0.191  0.805        1
481:     0.020  0.029  0.951        1
482:     0.110  0.137  0.753        1
483:     0.220  0.027  0.753        1
484:     0.004  0.021  0.975        1
485:     0.008  0.048  0.945        1
486:     0.077  0.053  0.870        1
487:     0.003  0.027  0.970        1
488:     0.009  0.084  0.906        1
489:     0.003  0.026  0.971        1
490:     0.316  0.006  0.679        1
491:     0.004  0.240  0.756        1
492:     0.002  0.107  0.891        1
493:     0.488  0.043  0.469        1
494:     0.168  0.025  0.807        1
495:     0.015  0.212  0.773        1
496:     0.022  0.011  0.967        1
497:     0.065  0.009  0.926        1
498:     0.006  0.006  0.988        1
499:     0.015  0.456  0.529        1
500:     0.003  0.847  0.150        1
501:     0.017  0.348  0.635        1
502:     0.017  0.017  0.967        1
503:     0.146  0.003  0.851        1
504:     0.149  0.002  0.849        1
505:     0.006  0.003  0.991        1
506:     0.146  0.014  0.841        1
507:     0.100  0.050  0.850        1
508:     0.030  0.075  0.895        1
509:     0.006  0.008  0.986        1
510:     0.420  0.160  0.420        1
511:     0.062  0.003  0.935        1
512:     0.034  0.004  0.962        1
513:     0.221  0.340  0.439        1
514:     0.007  0.005  0.988        1
515:     0.069  0.133  0.798        1
516:     0.008  0.034  0.959        1
517:     0.009  0.008  0.983        1
518:     0.023  0.006  0.971        1
519:     0.007  0.371  0.622        1
520:     0.009  0.046  0.945        1
521:     0.002  0.036  0.962        1
522:     0.018  0.313  0.668        1
523:     0.008  0.276  0.716        1
524:     0.019  0.011  0.970        1
525:     0.040  0.003  0.958        1
526:     0.069  0.022  0.909        1
527:     0.007  0.217  0.775        1
528:     0.007  0.063  0.930        1
529:     0.003  0.003  0.995        1
530:     0.585  0.002  0.413        1
531:     0.236  0.315  0.449        1
532:     0.052  0.007  0.941        1
533:     0.226  0.005  0.768        1
534:     0.429  0.007  0.564        1
535:     0.173  0.015  0.812        1
536:     0.076  0.007  0.917        1
537:     0.242  0.004  0.754        1
538:     0.210  0.010  0.780        1
539:     0.219  0.074  0.706        1
540:     0.174  0.002  0.824        1
541:     0.004  0.035  0.962        1
542:     0.234  0.004  0.762        1
543:     0.207  0.004  0.788        1
544:     0.293  0.250  0.458        1
545:     0.368  0.008  0.624        1
546:     0.100  0.075  0.825        1
547:     0.558  0.020  0.422        1
548:     0.213  0.074  0.713        1
549:     0.292  0.001  0.707        1
550:     0.269  0.128  0.604        1
551:     0.283  0.003  0.713        1
552:     0.019  0.004  0.977        1
553:     0.133  0.010  0.857        1
554:     0.038  0.054  0.908        1
555:     0.003  0.005  0.993        1
556:     0.016  0.460  0.524        1
557:     0.005  0.382  0.613        1
558:     0.018  0.058  0.924        1
559:     0.132  0.003  0.865        1
560:     0.035  0.227  0.738        1
561:     0.045  0.006  0.949        1
562:     0.118  0.249  0.633        1
563:     0.202  0.219  0.579        1
564:     0.024  0.059  0.917        1
565:     0.006  0.060  0.934        1
566:     0.273  0.050  0.677        1
567:     0.237  0.170  0.592        1
568:     0.014  0.156  0.829        1
569:     0.094  0.003  0.903        1
570:     0.283  0.016  0.702        1
571:     0.005  0.012  0.983        1
572:     0.005  0.008  0.988        1
573:     0.025  0.118  0.857        1
574:     0.360  0.006  0.634        1
575:     0.437  0.008  0.555        1
576:     0.092  0.286  0.622        1
577:     0.013  0.105  0.882        1
578:     0.086  0.018  0.896        1
579:     0.267  0.002  0.731        1
580:     0.193  0.016  0.791        1
581:     0.431  0.047  0.522        1
582:     0.350  0.101  0.548        1
583:     0.068  0.313  0.618        1
584:     0.042  0.012  0.946        1
585:     0.015  0.002  0.983        1
586:     0.006  0.007  0.987        1
587:     0.039  0.163  0.798        1
588:     0.098  0.437  0.465        1
589:     0.004  0.007  0.989        1
590:     0.120  0.090  0.790        1
591:     0.002  0.008  0.990        1
592:     0.141  0.047  0.811        1
593:     0.006  0.009  0.986        1
594:     0.131  0.494  0.375        1
595:     0.090  0.180  0.730        1
596:     0.031  0.012  0.958        1
597:     0.030  0.023  0.947        1
598:     0.034  0.011  0.955        1
599:     0.005  0.001  0.993        1
600:     0.008  0.007  0.984        1
601:     0.002  0.002  0.996        1
602:     0.001  0.003  0.996        1
603:     0.001  0.005  0.994        1
604:     0.002  0.003  0.995        1
605:     0.002  0.005  0.992        1
606:     0.001  0.005  0.994        1
607:     0.004  0.002  0.994        1
608:     0.002  0.003  0.995        1
609:     0.002  0.002  0.997        1
610:     0.003  0.003  0.994        1
611:     0.003  0.002  0.995        1
612:     0.018  0.011  0.972        1
613:     0.004  0.013  0.984        1
614:     0.007  0.007  0.986        1
615:     0.001  0.002  0.997        1
616:     0.002  0.012  0.986        1
617:     0.002  0.003  0.996        1
618:     0.004  0.013  0.983        1
619:     0.003  0.002  0.995        1
620:     0.013  0.029  0.957        1
621:     0.002  0.002  0.996        1
622:     0.159  0.014  0.827        1
623:     0.026  0.408  0.566        1
624:     0.003  0.364  0.633        1
625:     0.504  0.014  0.482        1
626:     0.045  0.007  0.948        1
627:     0.285  0.003  0.712        1
628:     0.433  0.003  0.564        1
629:     0.267  0.022  0.711        1
630:     0.447  0.011  0.543        1
631:     0.203  0.015  0.782        1
632:     0.127  0.015  0.858        1
633:     0.313  0.005  0.682        1
634:     0.047  0.008  0.945        1
635:     0.915  0.049  0.037        1
636:     0.993  0.003  0.004        1
637:     0.985  0.010  0.005        1
638:     0.983  0.013  0.004        1
639:     0.976  0.015  0.009        1
640:     0.996  0.002  0.002        1
641:     0.002  0.012  0.985        1
642:     0.003  0.023  0.974        1
643:     0.005  0.028  0.968        1
644:     0.002  0.006  0.992        1
645:     0.003  0.012  0.985        1
646:     0.002  0.009  0.989        1
647:     0.005  0.006  0.989        1
648:     0.001  0.011  0.988        1
649:     0.002  0.007  0.991        1
650:     0.007  0.050  0.943        1
651:     0.002  0.003  0.995        1
652:     0.001  0.004  0.995        1
653:     0.002  0.002  0.996        1
654:     0.002  0.002  0.997        1
655:     0.005  0.010  0.986        1
656:     0.003  0.005  0.992        1
657:     0.003  0.003  0.994        1
658:     0.029  0.011  0.961        1
659:     0.015  0.183  0.802        1
660:     0.001  0.019  0.980        1
661:     0.002  0.006  0.992        1
662:     0.005  0.010  0.985        1
663:     0.002  0.027  0.971        1
664:     0.015  0.016  0.969        1
665:     0.004  0.020  0.976        1
666:     0.003  0.010  0.987        1
667:     0.037  0.004  0.959        1
668:     0.001  0.002  0.997        1
669:     0.001  0.001  0.997        1
670:     0.009  0.003  0.988        1
671:     0.003  0.001  0.996        1
672:     0.002  0.005  0.993        1
673:     0.010  0.018  0.972        1
674:     0.004  0.003  0.993        1
675:     0.002  0.014  0.984        1
676:     0.005  0.018  0.976        1
677:     0.004  0.006  0.990        1
678:     0.002  0.108  0.890        1
679:     0.003  0.003  0.995        1
680:     0.001  0.021  0.978        1
681:     0.004  0.004  0.992        1
682:     0.005  0.004  0.992        1
683:     0.004  0.013  0.983        1
684:     0.007  0.002  0.991        1
685:     0.006  0.007  0.987        1
686:     0.005  0.015  0.980        1
687:     0.009  0.051  0.940        1
688:     0.032  0.032  0.936        1
689:     0.004  0.013  0.983        1
690:     0.004  0.036  0.960        1
691:     0.018  0.004  0.978        1
692:     0.006  0.002  0.993        1
693:     0.006  0.007  0.987        1
694:     0.007  0.003  0.989        1
695:     0.003  0.002  0.994        1
696:     0.003  0.025  0.972        1
697:     0.005  0.008  0.987        1
698:     0.001  0.003  0.996        1
699:     0.006  0.010  0.983        1
700:     0.005  0.004  0.990        1
701:     0.007  0.010  0.983        1
702:     0.006  0.005  0.989        1
703:     0.011  0.009  0.980        1
704:     0.004  0.002  0.995        1
705:     0.004  0.008  0.988        1
706:     0.003  0.008  0.988        1
707:     0.003  0.019  0.978        1
708:     0.002  0.011  0.987        1
709:     0.007  0.003  0.990        1
710:     0.003  0.039  0.958        1
711:     0.007  0.003  0.990        1
712:     0.004  0.006  0.990        1
713:     0.002  0.008  0.991        1
714:     0.990  0.005  0.005        1
715:     0.991  0.006  0.003        1
716:     0.979  0.012  0.009        1
717:     0.957  0.038  0.005        1
718:     0.957  0.011  0.032        1
719:     0.992  0.006  0.002        1
720:     0.992  0.004  0.003        1
721:     0.984  0.012  0.004        1
722:     0.963  0.016  0.021        1
723:     0.995  0.002  0.003        1
724:     0.989  0.004  0.007        1
725:     0.985  0.006  0.010        1
726:     0.993  0.002  0.005        1
727:     0.957  0.029  0.014        1
728:     0.976  0.016  0.008        1
729:     0.901  0.094  0.005        1
730:     0.989  0.007  0.004        1
731:     0.974  0.003  0.024        1
732:     0.991  0.003  0.006        1
733:     0.991  0.005  0.003        1
734:     0.996  0.002  0.002        1
735:     0.973  0.015  0.013        1
736:     0.990  0.004  0.006        1
737:     0.992  0.005  0.003        1
738:     0.970  0.003  0.027        1
739:     0.973  0.004  0.023        1
740:     0.983  0.012  0.005        1
741:     0.991  0.003  0.006        1
742:     0.939  0.053  0.009        1
743:     0.985  0.006  0.009        1
744:     0.984  0.010  0.006        1
745:     0.967  0.004  0.028        1
746:     0.975  0.004  0.021        1
747:     0.987  0.006  0.007        1
748:     0.940  0.004  0.055        1
749:     0.991  0.006  0.004        1
750:     0.959  0.017  0.024        1
751:     0.960  0.021  0.019        1
752:     0.976  0.019  0.006        1
753:     0.986  0.003  0.011        1
754:     0.988  0.007  0.005        1
755:     0.992  0.002  0.006        1
756:     0.992  0.002  0.006        1
757:     0.991  0.007  0.002        1
758:     0.981  0.006  0.012        1
759:     0.968  0.016  0.016        1
760:     0.987  0.005  0.008        1
761:     0.959  0.024  0.017        1
762:     0.982  0.007  0.011        1
763:     0.977  0.006  0.016        1
764:     0.977  0.018  0.005        1
765:     0.984  0.011  0.005        1
766:     0.965  0.028  0.007        1
767:     0.992  0.004  0.004        1
768:     0.991  0.003  0.006        1
769:     0.957  0.006  0.037        1
770:     0.003  0.802  0.195        1
771:     0.134  0.536  0.329        1
772:     0.015  0.891  0.094        1
773:     0.005  0.476  0.519        1
774:     0.001  0.865  0.134        1
775:     0.002  0.556  0.443        1
776:     0.004  0.989  0.007        1
777:     0.004  0.991  0.005        1
778:     0.507  0.019  0.474        1
779:     0.645  0.011  0.344        1
780:     0.024  0.793  0.184        1
781:     0.002  0.993  0.005        1
782:     0.011  0.853  0.137        1
783:     0.011  0.686  0.302        1
784:     0.005  0.988  0.007        1
785:     0.519  0.003  0.478        1
786:     0.325  0.002  0.673        1
787:     0.737  0.003  0.259        1
788:     0.603  0.013  0.383        1
789:     0.679  0.008  0.313        1
790:     0.368  0.230  0.402        1
791:     0.719  0.046  0.235        1
792:     0.569  0.004  0.427        1
793:     0.498  0.004  0.498        1
794:     0.381  0.181  0.438        1
795:     0.463  0.005  0.532        1
796:     0.636  0.005  0.360        1
797:     0.623  0.005  0.372        1
798:     0.314  0.012  0.675        1
799:     0.606  0.006  0.388        1
800:     0.453  0.075  0.472        1
801:     0.900  0.026  0.074        1
802:     0.589  0.006  0.405        1
803:     0.384  0.181  0.434        1
804:     0.667  0.007  0.326        1
805:     0.733  0.008  0.259        1
806:     0.641  0.002  0.357        1
807:     0.596  0.003  0.401        1
808:     0.641  0.007  0.352        1
809:     0.001  0.998  0.001        1
810:     0.001  0.996  0.003        1
811:     0.698  0.004  0.297        1
812:     0.268  0.473  0.259        1
813:     0.292  0.034  0.674        1
814:     0.733  0.012  0.255        1
815:     0.520  0.016  0.464        1
816:     0.237  0.226  0.537        1
817:     0.581  0.005  0.413        1
818:     0.624  0.002  0.374        1
819:     0.491  0.006  0.503        1
820:     0.483  0.005  0.513        1
821:     0.412  0.007  0.581        1
822:     0.347  0.010  0.643        1
823:     0.695  0.007  0.299        1
824:     0.004  0.855  0.141        1
825:     0.003  0.844  0.152        1
826:     0.004  0.316  0.680        1
827:     0.132  0.533  0.335        1
828:     0.096  0.845  0.059        1
829:     0.523  0.004  0.473        1
830:     0.709  0.009  0.282        1
831:     0.600  0.005  0.395        1
832:     0.594  0.002  0.404        1
833:     0.743  0.047  0.210        1
834:     0.342  0.301  0.357        1
835:     0.691  0.006  0.303        1
836:     0.008  0.985  0.008        1
837:     0.003  0.645  0.352        1
838:     0.002  0.994  0.004        1
839:     0.003  0.993  0.004        1
840:     0.002  0.992  0.005        1
841:     0.969  0.024  0.007        1
842:     0.992  0.004  0.004        1
843:     0.991  0.003  0.005        1
844:     0.955  0.031  0.014        1
845:     0.962  0.010  0.028        1
846:     0.993  0.004  0.003        1
847:     0.924  0.016  0.061        1
848:     0.962  0.018  0.021        1
849:     0.973  0.007  0.020        1
850:     0.986  0.007  0.007        1
851:     0.980  0.009  0.011        1
852:     0.986  0.002  0.011        1
853:     0.990  0.001  0.008        1
854:     0.982  0.003  0.015        1
855:     0.952  0.012  0.035        1
856:     0.994  0.003  0.003        1
857:     0.961  0.035  0.004        1
858:     0.006  0.637  0.358        1
859:     0.005  0.892  0.102        1
860:     0.002  0.995  0.003        1
861:     0.011  0.948  0.041        1
862:     0.934  0.029  0.037        1
863:     0.940  0.033  0.027        1
864:     0.906  0.015  0.079        1
865:     0.899  0.007  0.094        1
866:     0.963  0.017  0.020        1
867:     0.973  0.010  0.017        1
868:     0.918  0.072  0.009        1
869:     0.963  0.028  0.008        1
870:     0.763  0.010  0.227        1
871:     0.989  0.005  0.006        1
872:     0.990  0.004  0.006        1
873:     0.975  0.005  0.020        1
874:     0.981  0.012  0.006        1
875:     0.983  0.011  0.007        1
876:     0.948  0.019  0.033        1
877:     0.980  0.004  0.016        1
878:     0.987  0.005  0.007        1
879:     0.984  0.010  0.006        1
880:     0.962  0.010  0.027        1
881:     0.991  0.005  0.004        1
882:     0.973  0.013  0.014        1
883:     0.551  0.022  0.427        1
884:     0.511  0.004  0.485        1
885:     0.001  0.996  0.002        1
886:     0.697  0.044  0.258        1
887:     0.600  0.003  0.396        1
888:     0.725  0.006  0.269        1
889:     0.016  0.916  0.068        1
890:     0.002  0.993  0.006        1
891:     0.002  0.990  0.008        1
892:     0.969  0.019  0.012        1
893:     0.996  0.002  0.002        1
894:     0.996  0.002  0.002        1
895:     0.974  0.006  0.020        1
896:     0.991  0.003  0.006        1
897:     0.990  0.006  0.004        1
898:     0.992  0.005  0.003        1
899:     0.878  0.067  0.055        1
900:     0.935  0.040  0.025        1
901:     0.937  0.031  0.032        1
902:     0.978  0.017  0.005        1
903:     0.982  0.005  0.013        1
904:     0.936  0.018  0.046        1
905:     0.997  0.002  0.002        1
906:     0.975  0.014  0.011        1
907:     0.970  0.003  0.027        1
908:     0.991  0.004  0.005        1
909:     0.108  0.843  0.048        1
910:     0.010  0.838  0.151        1
911:     0.431  0.022  0.547        1
912:     0.624  0.003  0.373        1
913:     0.702  0.001  0.297        1
914:     0.978  0.005  0.018        1
915:     0.990  0.007  0.002        1
916:     0.989  0.008  0.003        1
917:     0.995  0.002  0.002        1
918:     0.983  0.005  0.011        1
919:     0.978  0.008  0.014        1
920:     0.986  0.005  0.010        1
921:     0.985  0.004  0.011        1
922:     0.988  0.005  0.007        1
923:     0.987  0.005  0.008        1
924:     0.948  0.008  0.045        1
925:     0.993  0.004  0.003        1
926:     0.984  0.009  0.008        1
927:     0.997  0.001  0.002        1
928:     0.996  0.002  0.002        1
929:     0.994  0.003  0.003        1
930:     0.948  0.006  0.046        1
931:     0.994  0.002  0.003        1
932:     0.964  0.026  0.011        1
933:     0.996  0.002  0.002        1
934:     0.002  0.005  0.993        1
935:     0.002  0.011  0.987        1
936:     0.002  0.011  0.987        1
937:     0.005  0.010  0.986        1
938:     0.002  0.002  0.995        1
939:     0.003  0.001  0.996        1
940:     0.002  0.014  0.984        1
941:     0.013  0.012  0.975        1
942:     0.003  0.008  0.989        1
943:     0.002  0.005  0.993        1
944:     0.002  0.002  0.995        1
945:     0.009  0.029  0.961        1
946:     0.003  0.004  0.993        1
947:     0.002  0.030  0.968        1
948:     0.918  0.059  0.023        1
949:     0.223  0.005  0.773        1
950:     0.238  0.003  0.759        1
951:     0.002  0.996  0.002        1
952:     0.014  0.561  0.425        1
953:     0.797  0.007  0.196        1
954:     0.407  0.005  0.588        1
955:     0.633  0.011  0.356        1
956:     0.472  0.010  0.518        1
957:     0.547  0.012  0.441        1
958:     0.586  0.003  0.411        1
959:     0.745  0.002  0.253        1
960:     0.555  0.246  0.199        1
961:     0.758  0.006  0.236        1
962:     0.583  0.005  0.411        1
963:     0.718  0.003  0.279        1
964:     0.002  0.744  0.254        1
965:     0.006  0.931  0.063        1
966:     0.002  0.827  0.172        1
967:     0.002  0.850  0.148        1
968:     0.647  0.008  0.345        1
969:     0.521  0.006  0.472        1
970:     0.694  0.010  0.296        1
971:     0.565  0.007  0.428        1
972:     0.349  0.013  0.638        1
973:     0.514  0.004  0.483        1
974:     0.664  0.008  0.328        1
975:     0.388  0.009  0.602        1
976:     0.147  0.828  0.026        1
977:     0.003  0.993  0.004        1
978:     0.004  0.989  0.007        1
979:     0.444  0.004  0.552        1
980:     0.003  0.884  0.113        1
981:     0.003  0.996  0.001        1
982:     0.001  0.996  0.002        1
983:     0.004  0.978  0.017        1
984:     0.147  0.789  0.063        1
985:     0.002  0.994  0.003        1
986:     0.003  0.995  0.002        1
987:     0.017  0.865  0.118        1
988:     0.003  0.991  0.006        1
989:     0.008  0.597  0.395        1
990:     0.002  0.995  0.003        1
991:     0.015  0.962  0.024        1
992:     0.006  0.742  0.252        1
993:     0.481  0.005  0.514        1
994:     0.538  0.010  0.452        1
995:     0.992  0.002  0.006        1
996:     0.977  0.009  0.015        1
997:     0.991  0.002  0.007        1
998:     0.992  0.005  0.004        1
999:     0.995  0.003  0.002        1
1000:     0.995  0.004  0.001        1
1001:     0.993  0.003  0.004        1
1002:     0.987  0.004  0.008        1
1003:     0.988  0.009  0.003        1
1004:     0.965  0.015  0.020        1
1005:     0.993  0.003  0.004        1
1006:     0.975  0.010  0.016        1
1007:     0.987  0.005  0.009        1
1008:     0.986  0.006  0.008        1
1009:     0.992  0.003  0.005        1
1010:     0.979  0.013  0.008        1
1011:     0.948  0.050  0.002        1
1012:     0.902  0.052  0.045        1
1013:     0.988  0.003  0.009        1
1014:     0.916  0.017  0.067        1
1015:     0.963  0.017  0.020        1
1016:     0.985  0.010  0.005        1
1017:     0.931  0.052  0.017        1
1018:     0.971  0.006  0.023        1
1019:     0.970  0.022  0.008        1
1020:     0.994  0.004  0.002        1
1021:     0.939  0.034  0.027        1
1022:     0.981  0.003  0.016        1
1023:     0.977  0.013  0.010        1
1024:     0.990  0.002  0.007        1
1025:     0.993  0.002  0.005        1
1026:     0.992  0.002  0.005        1
1027:     0.982  0.007  0.011        1
1028:     0.956  0.009  0.035        1
1029:     0.991  0.004  0.005        1
1030:     0.001  0.997  0.002        1
1031:     0.007  0.652  0.341        1
