

----------------------------------------------------
STRUCTURE by Pritchard, Stephens and Donnelly (2000)
     and Falush, Stephens and Pritchard (2003)
       Code by Pritchard, Falush and Hubisz
             Version 2.3.4 (Jul 2012)
----------------------------------------------------



Command line arguments:   structure -K 3 -L 574 -N 2600 -i ./TEST.recode.strct_in -D 61725 -o ./TEST_structureOUT/K3_5 
Input File:    ./TEST.recode.strct_in

Run parameters:
   2600 individuals
   574 loci
   3 populations assumed
   1000 Burn-in period
   3000 Reps


--------------------------------------------
Proportion of membership of each pre-defined
 population in each of the 3 clusters

Given    Inferred Clusters       Number of
 Pop       1      2      3      Individuals

  1:     0.990  0.006  0.004        1
  2:     0.971  0.024  0.004        1
  3:     0.991  0.004  0.005        1
  4:     0.977  0.013  0.010        1
  5:     0.952  0.044  0.005        1
  6:     0.950  0.021  0.029        1
  7:     0.988  0.008  0.003        1
  8:     0.993  0.004  0.003        1
  9:     0.995  0.002  0.003        1
 10:     0.983  0.011  0.007        1
 11:     0.979  0.014  0.007        1
 12:     0.988  0.009  0.003        1
 13:     0.975  0.017  0.008        1
 14:     0.988  0.006  0.006        1
 15:     0.971  0.023  0.006        1
 16:     0.997  0.001  0.002        1
 17:     0.960  0.029  0.011        1
 18:     0.992  0.003  0.005        1
 19:     0.992  0.005  0.003        1
 20:     0.984  0.006  0.010        1
 21:     0.966  0.009  0.024        1
 22:     0.990  0.005  0.005        1
 23:     0.993  0.004  0.003        1
 24:     0.969  0.018  0.012        1
 25:     0.993  0.004  0.003        1
 26:     0.996  0.003  0.001        1
 27:     0.994  0.003  0.003        1
 28:     0.940  0.053  0.007        1
 29:     0.974  0.020  0.005        1
 30:     0.955  0.010  0.035        1
 31:     0.984  0.004  0.012        1
 32:     0.982  0.010  0.008        1
 33:     0.970  0.012  0.018        1
 34:     0.983  0.006  0.011        1
 35:     0.983  0.014  0.003        1
 36:     0.968  0.012  0.020        1
 37:     0.993  0.003  0.004        1
 38:     0.979  0.012  0.009        1
 39:     0.990  0.006  0.005        1
 40:     0.996  0.002  0.002        1
 41:     0.941  0.031  0.028        1
 42:     0.878  0.117  0.005        1
 43:     0.911  0.045  0.044        1
 44:     0.910  0.005  0.084        1
 45:     0.989  0.008  0.002        1
 46:     0.980  0.018  0.002        1
 47:     0.986  0.007  0.007        1
 48:     0.881  0.003  0.116        1
 49:     0.988  0.008  0.005        1
 50:     0.994  0.002  0.004        1
 51:     0.977  0.021  0.002        1
 52:     0.992  0.002  0.006        1
 53:     0.981  0.007  0.012        1
 54:     0.981  0.011  0.008        1
 55:     0.992  0.006  0.002        1
 56:     0.989  0.008  0.003        1
 57:     0.979  0.016  0.005        1
 58:     0.994  0.004  0.002        1
 59:     0.986  0.007  0.007        1
 60:     0.915  0.055  0.030        1
 61:     0.893  0.006  0.101        1
 62:     0.994  0.004  0.003        1
 63:     0.943  0.015  0.042        1
 64:     0.983  0.004  0.013        1
 65:     0.986  0.010  0.004        1
 66:     0.893  0.086  0.021        1
 67:     0.987  0.010  0.003        1
 68:     0.991  0.005  0.005        1
 69:     0.987  0.011  0.002        1
 70:     0.988  0.006  0.006        1
 71:     0.978  0.019  0.004        1
 72:     0.983  0.012  0.006        1
 73:     0.982  0.010  0.008        1
 74:     0.947  0.037  0.016        1
 75:     0.987  0.006  0.007        1
 76:     0.929  0.061  0.010        1
 77:     0.991  0.004  0.005        1
 78:     0.981  0.014  0.005        1
 79:     0.947  0.045  0.008        1
 80:     0.969  0.024  0.007        1
 81:     0.995  0.003  0.002        1
 82:     0.953  0.045  0.002        1
 83:     0.981  0.008  0.011        1
 84:     0.954  0.033  0.013        1
 85:     0.989  0.008  0.002        1
 86:     0.974  0.012  0.015        1
 87:     0.992  0.005  0.003        1
 88:     0.973  0.015  0.012        1
 89:     0.982  0.015  0.003        1
 90:     0.988  0.010  0.002        1
 91:     0.911  0.079  0.010        1
 92:     0.983  0.010  0.008        1
 93:     0.983  0.008  0.009        1
 94:     0.986  0.009  0.005        1
 95:     0.974  0.007  0.019        1
 96:     0.981  0.017  0.002        1
 97:     0.005  0.992  0.003        1
 98:     0.002  0.996  0.002        1
 99:     0.006  0.984  0.010        1
100:     0.010  0.982  0.008        1
101:     0.004  0.994  0.002        1
102:     0.001  0.994  0.005        1
103:     0.004  0.992  0.004        1
104:     0.003  0.993  0.004        1
105:     0.001  0.996  0.003        1
106:     0.002  0.989  0.008        1
107:     0.006  0.986  0.008        1
108:     0.003  0.987  0.010        1
109:     0.001  0.978  0.021        1
110:     0.002  0.996  0.002        1
111:     0.006  0.991  0.004        1
112:     0.002  0.973  0.025        1
113:     0.004  0.993  0.002        1
114:     0.002  0.995  0.003        1
115:     0.004  0.985  0.011        1
116:     0.004  0.993  0.002        1
117:     0.005  0.989  0.005        1
118:     0.006  0.987  0.007        1
119:     0.005  0.980  0.015        1
120:     0.004  0.993  0.004        1
121:     0.004  0.992  0.005        1
122:     0.002  0.994  0.005        1
123:     0.003  0.995  0.002        1
124:     0.003  0.995  0.002        1
125:     0.006  0.988  0.005        1
126:     0.002  0.994  0.004        1
127:     0.003  0.994  0.003        1
128:     0.005  0.993  0.002        1
129:     0.002  0.993  0.004        1
130:     0.003  0.987  0.009        1
131:     0.011  0.982  0.006        1
132:     0.009  0.982  0.008        1
133:     0.002  0.995  0.003        1
134:     0.005  0.983  0.013        1
135:     0.011  0.969  0.020        1
136:     0.007  0.990  0.002        1
137:     0.006  0.993  0.001        1
138:     0.002  0.992  0.006        1
139:     0.002  0.995  0.003        1
140:     0.003  0.987  0.010        1
141:     0.007  0.990  0.003        1
142:     0.003  0.994  0.003        1
143:     0.003  0.987  0.011        1
144:     0.003  0.995  0.002        1
145:     0.003  0.984  0.012        1
146:     0.001  0.997  0.001        1
147:     0.002  0.983  0.015        1
148:     0.001  0.996  0.003        1
149:     0.017  0.977  0.006        1
150:     0.005  0.989  0.006        1
151:     0.003  0.995  0.001        1
152:     0.015  0.973  0.013        1
153:     0.056  0.941  0.003        1
154:     0.014  0.981  0.006        1
155:     0.008  0.990  0.002        1
156:     0.008  0.987  0.005        1
157:     0.008  0.978  0.014        1
158:     0.017  0.979  0.004        1
159:     0.003  0.991  0.007        1
160:     0.005  0.973  0.022        1
161:     0.006  0.988  0.006        1
162:     0.004  0.993  0.004        1
163:     0.016  0.972  0.012        1
164:     0.011  0.985  0.004        1
165:     0.012  0.976  0.012        1
166:     0.046  0.950  0.004        1
167:     0.002  0.996  0.001        1
168:     0.005  0.983  0.012        1
169:     0.002  0.996  0.002        1
170:     0.011  0.988  0.001        1
171:     0.005  0.993  0.002        1
172:     0.007  0.986  0.007        1
173:     0.009  0.981  0.010        1
174:     0.001  0.995  0.003        1
175:     0.004  0.989  0.007        1
176:     0.001  0.995  0.004        1
177:     0.003  0.980  0.016        1
178:     0.003  0.995  0.002        1
179:     0.009  0.988  0.003        1
180:     0.003  0.992  0.004        1
181:     0.002  0.996  0.002        1
182:     0.016  0.974  0.010        1
183:     0.010  0.987  0.003        1
184:     0.009  0.980  0.011        1
185:     0.001  0.991  0.008        1
186:     0.004  0.994  0.002        1
187:     0.002  0.987  0.011        1
188:     0.003  0.996  0.001        1
189:     0.002  0.993  0.005        1
190:     0.005  0.993  0.002        1
191:     0.004  0.993  0.004        1
192:     0.006  0.991  0.003        1
193:     0.007  0.992  0.001        1
194:     0.026  0.965  0.009        1
195:     0.001  0.997  0.002        1
196:     0.003  0.985  0.011        1
197:     0.006  0.990  0.005        1
198:     0.001  0.992  0.007        1
199:     0.005  0.993  0.002        1
200:     0.192  0.797  0.010        1
201:     0.085  0.911  0.004        1
202:     0.003  0.995  0.002        1
203:     0.012  0.976  0.012        1
204:     0.074  0.923  0.003        1
205:     0.066  0.929  0.005        1
206:     0.128  0.868  0.004        1
207:     0.041  0.953  0.006        1
208:     0.023  0.973  0.004        1
209:     0.058  0.931  0.011        1
210:     0.002  0.993  0.005        1
211:     0.016  0.981  0.003        1
212:     0.145  0.850  0.006        1
213:     0.008  0.983  0.009        1
214:     0.087  0.907  0.006        1
215:     0.015  0.978  0.006        1
216:     0.011  0.980  0.009        1
217:     0.025  0.974  0.002        1
218:     0.013  0.985  0.002        1
219:     0.035  0.947  0.018        1
220:     0.004  0.994  0.002        1
221:     0.004  0.985  0.011        1
222:     0.009  0.985  0.006        1
223:     0.054  0.945  0.001        1
224:     0.008  0.989  0.003        1
225:     0.003  0.992  0.004        1
226:     0.229  0.767  0.004        1
227:     0.002  0.996  0.003        1
228:     0.037  0.961  0.003        1
229:     0.220  0.775  0.005        1
230:     0.153  0.839  0.008        1
231:     0.010  0.985  0.004        1
232:     0.009  0.976  0.015        1
233:     0.006  0.985  0.009        1
234:     0.058  0.939  0.003        1
235:     0.010  0.979  0.011        1
236:     0.004  0.995  0.001        1
237:     0.113  0.882  0.005        1
238:     0.010  0.988  0.003        1
239:     0.043  0.953  0.004        1
240:     0.016  0.976  0.008        1
241:     0.006  0.976  0.018        1
242:     0.013  0.978  0.009        1
243:     0.005  0.992  0.003        1
244:     0.061  0.935  0.004        1
245:     0.009  0.967  0.024        1
246:     0.010  0.987  0.004        1
247:     0.045  0.949  0.006        1
248:     0.079  0.917  0.004        1
249:     0.014  0.979  0.007        1
250:     0.038  0.960  0.003        1
251:     0.005  0.991  0.004        1
252:     0.006  0.993  0.002        1
253:     0.020  0.977  0.003        1
254:     0.003  0.993  0.003        1
255:     0.152  0.842  0.006        1
256:     0.016  0.970  0.015        1
257:     0.017  0.971  0.012        1
258:     0.009  0.970  0.020        1
259:     0.013  0.984  0.003        1
260:     0.008  0.980  0.012        1
261:     0.072  0.902  0.026        1
262:     0.032  0.956  0.011        1
263:     0.047  0.941  0.012        1
264:     0.011  0.988  0.002        1
265:     0.011  0.984  0.005        1
266:     0.018  0.936  0.046        1
267:     0.003  0.993  0.004        1
268:     0.065  0.932  0.003        1
269:     0.003  0.996  0.001        1
270:     0.006  0.992  0.002        1
271:     0.119  0.879  0.002        1
272:     0.014  0.984  0.003        1
273:     0.011  0.985  0.004        1
274:     0.010  0.987  0.003        1
275:     0.037  0.949  0.013        1
276:     0.014  0.964  0.023        1
277:     0.118  0.872  0.010        1
278:     0.009  0.990  0.001        1
279:     0.027  0.971  0.003        1
280:     0.012  0.977  0.011        1
281:     0.002  0.993  0.005        1
282:     0.992  0.004  0.004        1
283:     0.992  0.005  0.004        1
284:     0.968  0.027  0.005        1
285:     0.977  0.015  0.008        1
286:     0.987  0.004  0.010        1
287:     0.977  0.008  0.014        1
288:     0.967  0.024  0.009        1
289:     0.995  0.002  0.003        1
290:     0.994  0.004  0.002        1
291:     0.991  0.004  0.005        1
292:     0.977  0.016  0.007        1
293:     0.972  0.025  0.003        1
294:     0.992  0.004  0.003        1
295:     0.993  0.005  0.003        1
296:     0.987  0.006  0.008        1
297:     0.992  0.004  0.004        1
298:     0.991  0.003  0.005        1
299:     0.990  0.008  0.003        1
300:     0.987  0.006  0.007        1
301:     0.992  0.005  0.003        1
302:     0.963  0.011  0.026        1
303:     0.989  0.009  0.003        1
304:     0.976  0.007  0.018        1
305:     0.987  0.010  0.003        1
306:     0.980  0.012  0.008        1
307:     0.984  0.011  0.006        1
308:     0.973  0.020  0.007        1
309:     0.989  0.007  0.003        1
310:     0.982  0.008  0.010        1
311:     0.990  0.002  0.007        1
312:     0.995  0.003  0.002        1
313:     0.940  0.057  0.003        1
314:     0.975  0.005  0.019        1
315:     0.983  0.007  0.010        1
316:     0.934  0.021  0.045        1
317:     0.991  0.004  0.005        1
318:     0.973  0.023  0.004        1
319:     0.956  0.037  0.007        1
320:     0.973  0.005  0.022        1
321:     0.988  0.005  0.007        1
322:     0.994  0.004  0.002        1
323:     0.975  0.021  0.003        1
324:     0.010  0.977  0.013        1
325:     0.018  0.627  0.355        1
326:     0.002  0.989  0.009        1
327:     0.970  0.009  0.021        1
328:     0.995  0.001  0.004        1
329:     0.991  0.005  0.003        1
330:     0.994  0.002  0.004        1
331:     0.986  0.009  0.006        1
332:     0.997  0.002  0.001        1
333:     0.994  0.004  0.002        1
334:     0.975  0.015  0.010        1
335:     0.991  0.006  0.003        1
336:     0.992  0.006  0.003        1
337:     0.989  0.009  0.002        1
338:     0.975  0.018  0.007        1
339:     0.995  0.003  0.002        1
340:     0.987  0.011  0.003        1
341:     0.996  0.002  0.002        1
342:     0.994  0.004  0.002        1
343:     0.996  0.003  0.001        1
344:     0.985  0.010  0.005        1
345:     0.995  0.002  0.003        1
346:     0.991  0.006  0.003        1
347:     0.975  0.014  0.011        1
348:     0.993  0.005  0.002        1
349:     0.988  0.008  0.004        1
350:     0.983  0.008  0.009        1
351:     0.991  0.004  0.004        1
352:     0.990  0.007  0.003        1
353:     0.971  0.017  0.012        1
354:     0.990  0.007  0.003        1
355:     0.971  0.010  0.018        1
356:     0.990  0.007  0.002        1
357:     0.985  0.007  0.008        1
358:     0.985  0.009  0.006        1
359:     0.976  0.016  0.008        1
360:     0.993  0.005  0.003        1
361:     0.976  0.008  0.016        1
362:     0.019  0.827  0.154        1
363:     0.231  0.726  0.043        1
364:     0.039  0.951  0.010        1
365:     0.111  0.866  0.024        1
366:     0.982  0.015  0.003        1
367:     0.974  0.018  0.008        1
368:     0.989  0.006  0.005        1
369:     0.982  0.014  0.004        1
370:     0.996  0.002  0.002        1
371:     0.953  0.018  0.029        1
372:     0.991  0.006  0.003        1
373:     0.986  0.009  0.005        1
374:     0.994  0.004  0.002        1
375:     0.979  0.016  0.006        1
376:     0.983  0.014  0.003        1
377:     0.990  0.005  0.005        1
378:     0.995  0.002  0.002        1
379:     0.993  0.003  0.005        1
380:     0.988  0.005  0.007        1
381:     0.958  0.012  0.030        1
382:     0.993  0.003  0.004        1
383:     0.994  0.004  0.003        1
384:     0.980  0.009  0.011        1
385:     0.937  0.010  0.054        1
386:     0.988  0.009  0.003        1
387:     0.986  0.008  0.006        1
388:     0.982  0.007  0.011        1
389:     0.991  0.003  0.007        1
390:     0.981  0.011  0.007        1
391:     0.992  0.004  0.004        1
392:     0.995  0.003  0.002        1
393:     0.996  0.003  0.001        1
394:     0.025  0.920  0.055        1
395:     0.060  0.935  0.006        1
396:     0.009  0.845  0.146        1
397:     0.020  0.978  0.002        1
398:     0.003  0.972  0.025        1
399:     0.006  0.985  0.009        1
400:     0.075  0.890  0.035        1
401:     0.035  0.922  0.043        1
402:     0.061  0.935  0.004        1
403:     0.990  0.007  0.002        1
404:     0.925  0.054  0.020        1
405:     0.989  0.008  0.003        1
406:     0.991  0.007  0.002        1
407:     0.991  0.002  0.007        1
408:     0.898  0.004  0.097        1
409:     0.995  0.002  0.003        1
410:     0.994  0.003  0.003        1
411:     0.978  0.006  0.015        1
412:     0.972  0.007  0.021        1
413:     0.995  0.003  0.002        1
414:     0.996  0.002  0.002        1
415:     0.987  0.009  0.004        1
416:     0.992  0.005  0.003        1
417:     0.960  0.031  0.008        1
418:     0.005  0.981  0.014        1
419:     0.242  0.748  0.010        1
420:     0.009  0.559  0.432        1
421:     0.008  0.914  0.078        1
422:     0.015  0.847  0.139        1
423:     0.085  0.907  0.008        1
424:     0.021  0.798  0.181        1
425:     0.172  0.825  0.003        1
426:     0.010  0.966  0.024        1
427:     0.005  0.985  0.011        1
428:     0.002  0.761  0.237        1
429:     0.156  0.840  0.004        1
430:     0.156  0.817  0.028        1
431:     0.002  0.992  0.006        1
432:     0.004  0.907  0.089        1
433:     0.180  0.808  0.011        1
434:     0.046  0.949  0.005        1
435:     0.282  0.692  0.026        1
436:     0.023  0.970  0.007        1
437:     0.010  0.981  0.009        1
438:     0.004  0.993  0.003        1
439:     0.179  0.802  0.019        1
440:     0.399  0.587  0.014        1
441:     0.006  0.776  0.218        1
442:     0.021  0.967  0.012        1
443:     0.126  0.854  0.020        1
444:     0.003  0.904  0.093        1
445:     0.006  0.984  0.010        1
446:     0.006  0.891  0.103        1
447:     0.061  0.922  0.017        1
448:     0.003  0.884  0.113        1
449:     0.086  0.902  0.012        1
450:     0.022  0.879  0.099        1
451:     0.004  0.705  0.290        1
452:     0.003  0.365  0.631        1
453:     0.009  0.988  0.003        1
454:     0.010  0.968  0.022        1
455:     0.008  0.945  0.047        1
456:     0.038  0.235  0.727        1
457:     0.253  0.739  0.008        1
458:     0.150  0.844  0.007        1
459:     0.003  0.996  0.002        1
460:     0.164  0.756  0.080        1
461:     0.248  0.746  0.006        1
462:     0.277  0.713  0.010        1
463:     0.157  0.721  0.123        1
464:     0.023  0.961  0.016        1
465:     0.042  0.943  0.015        1
466:     0.039  0.957  0.005        1
467:     0.007  0.760  0.233        1
468:     0.355  0.642  0.003        1
469:     0.004  0.990  0.006        1
470:     0.183  0.439  0.378        1
471:     0.243  0.729  0.028        1
472:     0.042  0.926  0.032        1
473:     0.226  0.760  0.014        1
474:     0.032  0.830  0.138        1
475:     0.006  0.991  0.003        1
476:     0.133  0.706  0.161        1
477:     0.101  0.884  0.015        1
478:     0.024  0.956  0.020        1
479:     0.086  0.903  0.012        1
480:     0.003  0.814  0.183        1
481:     0.029  0.935  0.036        1
482:     0.130  0.722  0.148        1
483:     0.228  0.756  0.016        1
484:     0.004  0.963  0.033        1
485:     0.008  0.962  0.030        1
486:     0.070  0.895  0.035        1
487:     0.003  0.969  0.028        1
488:     0.009  0.898  0.093        1
489:     0.003  0.963  0.034        1
490:     0.309  0.683  0.008        1
491:     0.003  0.745  0.252        1
492:     0.001  0.862  0.137        1
493:     0.496  0.456  0.048        1
494:     0.172  0.808  0.020        1
495:     0.016  0.774  0.210        1
496:     0.032  0.961  0.007        1
497:     0.055  0.927  0.019        1
498:     0.007  0.989  0.004        1
499:     0.010  0.534  0.455        1
500:     0.003  0.139  0.858        1
501:     0.008  0.664  0.328        1
502:     0.014  0.964  0.021        1
503:     0.151  0.847  0.002        1
504:     0.151  0.845  0.004        1
505:     0.009  0.986  0.005        1
506:     0.125  0.850  0.025        1
507:     0.110  0.849  0.041        1
508:     0.035  0.880  0.085        1
509:     0.003  0.988  0.009        1
510:     0.423  0.443  0.134        1
511:     0.066  0.927  0.008        1
512:     0.062  0.933  0.004        1
513:     0.220  0.453  0.327        1
514:     0.011  0.986  0.003        1
515:     0.099  0.762  0.139        1
516:     0.018  0.947  0.035        1
517:     0.016  0.972  0.012        1
518:     0.019  0.977  0.004        1
519:     0.006  0.617  0.377        1
520:     0.010  0.949  0.041        1
521:     0.001  0.946  0.053        1
522:     0.015  0.664  0.321        1
523:     0.010  0.714  0.276        1
524:     0.024  0.963  0.014        1
525:     0.044  0.953  0.003        1
526:     0.065  0.915  0.020        1
527:     0.005  0.783  0.212        1
528:     0.005  0.934  0.061        1
529:     0.003  0.994  0.002        1
530:     0.592  0.403  0.005        1
531:     0.201  0.514  0.285        1
532:     0.065  0.929  0.006        1
533:     0.246  0.750  0.004        1
534:     0.442  0.555  0.004        1
535:     0.132  0.855  0.013        1
536:     0.094  0.885  0.021        1
537:     0.245  0.747  0.008        1
538:     0.207  0.782  0.011        1
539:     0.240  0.692  0.068        1
540:     0.168  0.824  0.008        1
541:     0.006  0.954  0.041        1
542:     0.229  0.766  0.005        1
543:     0.186  0.811  0.002        1
544:     0.289  0.460  0.251        1
545:     0.370  0.623  0.007        1
546:     0.100  0.811  0.089        1
547:     0.552  0.433  0.015        1
548:     0.232  0.732  0.035        1
549:     0.285  0.712  0.003        1
550:     0.285  0.613  0.102        1
551:     0.289  0.705  0.007        1
552:     0.031  0.964  0.005        1
553:     0.137  0.854  0.008        1
554:     0.034  0.903  0.063        1
555:     0.004  0.993  0.004        1
556:     0.052  0.500  0.449        1
557:     0.006  0.609  0.385        1
558:     0.020  0.925  0.055        1
559:     0.130  0.868  0.002        1
560:     0.029  0.748  0.223        1
561:     0.038  0.952  0.009        1
562:     0.087  0.660  0.253        1
563:     0.205  0.593  0.202        1
564:     0.026  0.923  0.051        1
565:     0.005  0.926  0.069        1
566:     0.279  0.696  0.024        1
567:     0.258  0.567  0.175        1
568:     0.005  0.835  0.160        1
569:     0.117  0.879  0.004        1
570:     0.282  0.685  0.033        1
571:     0.005  0.981  0.015        1
572:     0.005  0.973  0.022        1
573:     0.011  0.860  0.129        1
574:     0.352  0.642  0.006        1
575:     0.447  0.549  0.004        1
576:     0.083  0.629  0.289        1
577:     0.007  0.938  0.055        1
578:     0.113  0.872  0.015        1
579:     0.270  0.726  0.004        1
580:     0.187  0.776  0.037        1
581:     0.439  0.540  0.021        1
582:     0.331  0.532  0.138        1
583:     0.092  0.596  0.312        1
584:     0.078  0.919  0.004        1
585:     0.014  0.984  0.002        1
586:     0.006  0.986  0.009        1
587:     0.023  0.796  0.181        1
588:     0.100  0.454  0.446        1
589:     0.005  0.987  0.008        1
590:     0.115  0.801  0.085        1
591:     0.003  0.988  0.009        1
592:     0.145  0.812  0.043        1
593:     0.006  0.991  0.003        1
594:     0.131  0.377  0.492        1
595:     0.077  0.747  0.176        1
596:     0.032  0.963  0.005        1
597:     0.025  0.963  0.012        1
598:     0.038  0.948  0.014        1
599:     0.004  0.995  0.002        1
600:     0.007  0.983  0.011        1
601:     0.001  0.996  0.003        1
602:     0.002  0.994  0.004        1
603:     0.002  0.993  0.004        1
604:     0.003  0.989  0.008        1
605:     0.002  0.991  0.007        1
606:     0.002  0.987  0.011        1
607:     0.003  0.994  0.004        1
608:     0.002  0.995  0.002        1
609:     0.003  0.994  0.002        1
610:     0.002  0.996  0.002        1
611:     0.007  0.990  0.003        1
612:     0.019  0.974  0.006        1
613:     0.004  0.985  0.011        1
614:     0.003  0.989  0.008        1
615:     0.001  0.996  0.002        1
616:     0.003  0.977  0.020        1
617:     0.002  0.994  0.004        1
618:     0.003  0.991  0.005        1
619:     0.005  0.991  0.005        1
620:     0.015  0.961  0.024        1
621:     0.002  0.994  0.004        1
622:     0.153  0.837  0.010        1
623:     0.037  0.550  0.413        1
624:     0.005  0.643  0.352        1
625:     0.510  0.465  0.025        1
626:     0.041  0.954  0.005        1
627:     0.288  0.711  0.001        1
628:     0.442  0.551  0.007        1
629:     0.277  0.715  0.009        1
630:     0.452  0.544  0.004        1
631:     0.199  0.777  0.025        1
632:     0.107  0.868  0.025        1
633:     0.311  0.672  0.017        1
634:     0.022  0.971  0.007        1
635:     0.915  0.044  0.041        1
636:     0.996  0.003  0.002        1
637:     0.983  0.004  0.013        1
638:     0.990  0.006  0.004        1
639:     0.964  0.013  0.023        1
640:     0.995  0.003  0.002        1
641:     0.002  0.989  0.010        1
642:     0.002  0.971  0.026        1
643:     0.002  0.976  0.022        1
644:     0.002  0.994  0.004        1
645:     0.009  0.982  0.009        1
646:     0.001  0.982  0.017        1
647:     0.004  0.991  0.005        1
648:     0.001  0.994  0.004        1
649:     0.002  0.994  0.004        1
650:     0.007  0.928  0.065        1
651:     0.004  0.994  0.003        1
652:     0.002  0.995  0.003        1
653:     0.003  0.996  0.002        1
654:     0.007  0.991  0.003        1
655:     0.004  0.990  0.005        1
656:     0.004  0.988  0.008        1
657:     0.002  0.995  0.003        1
658:     0.025  0.968  0.007        1
659:     0.005  0.803  0.193        1
660:     0.003  0.962  0.034        1
661:     0.002  0.992  0.006        1
662:     0.004  0.988  0.009        1
663:     0.002  0.987  0.012        1
664:     0.024  0.960  0.016        1
665:     0.003  0.976  0.021        1
666:     0.006  0.985  0.009        1
667:     0.031  0.966  0.003        1
668:     0.002  0.996  0.003        1
669:     0.001  0.996  0.003        1
670:     0.007  0.989  0.004        1
671:     0.001  0.996  0.003        1
672:     0.005  0.983  0.012        1
673:     0.004  0.962  0.034        1
674:     0.004  0.995  0.001        1
675:     0.003  0.985  0.013        1
676:     0.007  0.977  0.015        1
677:     0.008  0.984  0.008        1
678:     0.003  0.918  0.079        1
679:     0.001  0.996  0.002        1
680:     0.001  0.970  0.029        1
681:     0.003  0.994  0.003        1
682:     0.003  0.990  0.007        1
683:     0.005  0.983  0.012        1
684:     0.003  0.995  0.002        1
685:     0.010  0.980  0.011        1
686:     0.005  0.981  0.013        1
687:     0.007  0.938  0.055        1
688:     0.032  0.939  0.029        1
689:     0.003  0.980  0.017        1
690:     0.006  0.975  0.019        1
691:     0.008  0.988  0.003        1
692:     0.005  0.993  0.002        1
693:     0.004  0.991  0.005        1
694:     0.006  0.992  0.002        1
695:     0.007  0.988  0.005        1
696:     0.004  0.970  0.026        1
697:     0.005  0.985  0.010        1
698:     0.002  0.995  0.003        1
699:     0.005  0.981  0.015        1
700:     0.003  0.993  0.004        1
701:     0.005  0.986  0.009        1
702:     0.004  0.991  0.005        1
703:     0.009  0.984  0.007        1
704:     0.003  0.995  0.002        1
705:     0.004  0.989  0.007        1
706:     0.004  0.992  0.005        1
707:     0.005  0.967  0.028        1
708:     0.002  0.988  0.011        1
709:     0.009  0.986  0.005        1
710:     0.002  0.929  0.068        1
711:     0.004  0.994  0.002        1
712:     0.001  0.992  0.007        1
713:     0.002  0.990  0.007        1
714:     0.990  0.003  0.006        1
715:     0.993  0.003  0.005        1
716:     0.991  0.005  0.003        1
717:     0.960  0.003  0.036        1
718:     0.957  0.033  0.010        1
719:     0.995  0.003  0.003        1
720:     0.994  0.003  0.003        1
721:     0.988  0.004  0.007        1
722:     0.965  0.016  0.019        1
723:     0.995  0.003  0.002        1
724:     0.990  0.007  0.003        1
725:     0.983  0.008  0.008        1
726:     0.994  0.003  0.003        1
727:     0.961  0.014  0.025        1
728:     0.979  0.005  0.016        1
729:     0.939  0.005  0.056        1
730:     0.987  0.005  0.008        1
731:     0.977  0.017  0.006        1
732:     0.996  0.002  0.002        1
733:     0.985  0.010  0.004        1
734:     0.996  0.002  0.002        1
735:     0.962  0.026  0.012        1
736:     0.987  0.009  0.004        1
737:     0.992  0.003  0.005        1
738:     0.979  0.017  0.004        1
739:     0.970  0.026  0.004        1
740:     0.976  0.005  0.019        1
741:     0.988  0.005  0.007        1
742:     0.937  0.009  0.054        1
743:     0.991  0.003  0.006        1
744:     0.987  0.008  0.005        1
745:     0.977  0.020  0.004        1
746:     0.978  0.019  0.004        1
747:     0.986  0.008  0.007        1
748:     0.939  0.056  0.005        1
749:     0.989  0.007  0.004        1
750:     0.970  0.020  0.010        1
751:     0.964  0.014  0.022        1
752:     0.973  0.013  0.015        1
753:     0.984  0.010  0.006        1
754:     0.985  0.011  0.004        1
755:     0.995  0.003  0.002        1
756:     0.986  0.009  0.005        1
757:     0.986  0.004  0.011        1
758:     0.975  0.021  0.005        1
759:     0.979  0.010  0.010        1
760:     0.991  0.004  0.005        1
761:     0.967  0.011  0.022        1
762:     0.983  0.012  0.006        1
763:     0.986  0.008  0.006        1
764:     0.975  0.005  0.020        1
765:     0.986  0.007  0.008        1
766:     0.945  0.026  0.029        1
767:     0.995  0.003  0.003        1
768:     0.986  0.004  0.009        1
769:     0.957  0.036  0.007        1
770:     0.004  0.188  0.808        1
771:     0.111  0.342  0.547        1
772:     0.022  0.076  0.902        1
773:     0.005  0.508  0.487        1
774:     0.002  0.132  0.866        1
775:     0.012  0.430  0.557        1
776:     0.004  0.007  0.989        1
777:     0.005  0.003  0.992        1
778:     0.503  0.487  0.010        1
779:     0.640  0.350  0.010        1
780:     0.020  0.185  0.794        1
781:     0.002  0.007  0.991        1
782:     0.029  0.120  0.851        1
783:     0.007  0.314  0.680        1
784:     0.006  0.005  0.989        1
785:     0.511  0.486  0.002        1
786:     0.338  0.660  0.002        1
787:     0.744  0.250  0.005        1
788:     0.623  0.367  0.010        1
789:     0.668  0.329  0.003        1
790:     0.375  0.401  0.224        1
791:     0.742  0.203  0.056        1
792:     0.568  0.425  0.007        1
793:     0.488  0.509  0.003        1
794:     0.377  0.451  0.172        1
795:     0.463  0.529  0.008        1
796:     0.635  0.363  0.002        1
797:     0.619  0.379  0.002        1
798:     0.297  0.685  0.019        1
799:     0.597  0.397  0.006        1
800:     0.458  0.431  0.110        1
801:     0.890  0.086  0.024        1
802:     0.588  0.405  0.008        1
803:     0.376  0.453  0.171        1
804:     0.667  0.323  0.010        1
805:     0.710  0.281  0.010        1
806:     0.635  0.363  0.002        1
807:     0.566  0.427  0.007        1
808:     0.652  0.345  0.003        1
809:     0.001  0.002  0.996        1
810:     0.001  0.002  0.997        1
811:     0.674  0.320  0.006        1
812:     0.243  0.299  0.459        1
813:     0.277  0.698  0.025        1
814:     0.729  0.267  0.003        1
815:     0.505  0.476  0.019        1
816:     0.240  0.515  0.245        1
817:     0.588  0.408  0.004        1
818:     0.617  0.381  0.002        1
819:     0.498  0.500  0.002        1
820:     0.485  0.511  0.004        1
821:     0.400  0.595  0.005        1
822:     0.345  0.650  0.006        1
823:     0.678  0.320  0.002        1
824:     0.011  0.121  0.868        1
825:     0.004  0.153  0.844        1
826:     0.006  0.670  0.324        1
827:     0.140  0.317  0.543        1
828:     0.136  0.029  0.835        1
829:     0.524  0.472  0.004        1
830:     0.709  0.289  0.002        1
831:     0.607  0.390  0.003        1
832:     0.586  0.412  0.002        1
833:     0.755  0.240  0.006        1
834:     0.328  0.372  0.300        1
835:     0.680  0.314  0.006        1
836:     0.008  0.017  0.975        1
837:     0.007  0.350  0.643        1
838:     0.002  0.003  0.995        1
839:     0.002  0.004  0.994        1
840:     0.004  0.006  0.990        1
841:     0.975  0.005  0.020        1
842:     0.991  0.006  0.003        1
843:     0.984  0.011  0.005        1
844:     0.939  0.018  0.043        1
845:     0.981  0.013  0.006        1
846:     0.994  0.002  0.003        1
847:     0.904  0.083  0.013        1
848:     0.958  0.011  0.031        1
849:     0.973  0.021  0.006        1
850:     0.981  0.005  0.013        1
851:     0.982  0.012  0.006        1
852:     0.990  0.008  0.003        1
853:     0.989  0.008  0.003        1
854:     0.970  0.023  0.007        1
855:     0.962  0.030  0.008        1
856:     0.990  0.005  0.005        1
857:     0.960  0.002  0.038        1
858:     0.003  0.357  0.640        1
859:     0.005  0.080  0.915        1
860:     0.002  0.002  0.996        1
861:     0.015  0.035  0.950        1
862:     0.933  0.028  0.039        1
863:     0.951  0.023  0.026        1
864:     0.918  0.072  0.009        1
865:     0.884  0.110  0.006        1
866:     0.963  0.020  0.017        1
867:     0.975  0.009  0.015        1
868:     0.909  0.014  0.077        1
869:     0.971  0.007  0.021        1
870:     0.753  0.243  0.004        1
871:     0.988  0.007  0.005        1
872:     0.985  0.012  0.003        1
873:     0.979  0.017  0.004        1
874:     0.986  0.004  0.010        1
875:     0.988  0.009  0.003        1
876:     0.955  0.025  0.019        1
877:     0.981  0.012  0.007        1
878:     0.979  0.016  0.005        1
879:     0.980  0.008  0.012        1
880:     0.959  0.030  0.012        1
881:     0.990  0.004  0.006        1
882:     0.968  0.014  0.017        1
883:     0.538  0.446  0.015        1
884:     0.498  0.497  0.005        1
885:     0.001  0.002  0.997        1
886:     0.726  0.233  0.041        1
887:     0.605  0.394  0.002        1
888:     0.728  0.269  0.003        1
889:     0.030  0.048  0.922        1
890:     0.002  0.007  0.991        1
891:     0.003  0.005  0.993        1
892:     0.959  0.024  0.017        1
893:     0.995  0.003  0.002        1
894:     0.996  0.001  0.002        1
895:     0.965  0.025  0.009        1
896:     0.990  0.008  0.002        1
897:     0.991  0.004  0.005        1
898:     0.986  0.008  0.006        1
899:     0.894  0.030  0.075        1
900:     0.956  0.015  0.029        1
901:     0.922  0.051  0.028        1
902:     0.975  0.007  0.018        1
903:     0.982  0.013  0.005        1
904:     0.911  0.080  0.009        1
905:     0.995  0.002  0.004        1
906:     0.971  0.018  0.011        1
907:     0.987  0.007  0.006        1
908:     0.993  0.003  0.004        1
909:     0.142  0.004  0.854        1
910:     0.023  0.137  0.840        1
911:     0.420  0.566  0.014        1
912:     0.630  0.357  0.013        1
913:     0.696  0.303  0.001        1
914:     0.975  0.019  0.006        1
915:     0.985  0.008  0.007        1
916:     0.991  0.004  0.005        1
917:     0.993  0.004  0.003        1
918:     0.985  0.011  0.005        1
919:     0.989  0.006  0.005        1
920:     0.992  0.005  0.003        1
921:     0.993  0.006  0.002        1
922:     0.984  0.011  0.005        1
923:     0.987  0.008  0.005        1
924:     0.962  0.028  0.009        1
925:     0.992  0.002  0.006        1
926:     0.982  0.010  0.008        1
927:     0.995  0.001  0.003        1
928:     0.996  0.002  0.002        1
929:     0.995  0.002  0.004        1
930:     0.946  0.046  0.007        1
931:     0.993  0.006  0.001        1
932:     0.976  0.011  0.013        1
933:     0.996  0.002  0.002        1
934:     0.001  0.995  0.004        1
935:     0.003  0.994  0.003        1
936:     0.002  0.988  0.010        1
937:     0.003  0.974  0.023        1
938:     0.003  0.994  0.003        1
939:     0.002  0.991  0.007        1
940:     0.003  0.989  0.008        1
941:     0.009  0.981  0.011        1
942:     0.003  0.990  0.008        1
943:     0.004  0.988  0.008        1
944:     0.005  0.994  0.001        1
945:     0.008  0.970  0.022        1
946:     0.002  0.995  0.003        1
947:     0.002  0.961  0.037        1
948:     0.897  0.027  0.076        1
949:     0.234  0.764  0.002        1
950:     0.252  0.745  0.003        1
951:     0.003  0.002  0.995        1
952:     0.014  0.425  0.561        1
953:     0.796  0.201  0.002        1
954:     0.400  0.597  0.003        1
955:     0.613  0.382  0.005        1
956:     0.471  0.523  0.006        1
957:     0.551  0.426  0.023        1
958:     0.588  0.410  0.002        1
959:     0.768  0.229  0.003        1
960:     0.524  0.252  0.224        1
961:     0.775  0.221  0.004        1
962:     0.596  0.395  0.009        1
963:     0.726  0.273  0.001        1
964:     0.002  0.256  0.742        1
965:     0.003  0.082  0.916        1
966:     0.003  0.172  0.826        1
967:     0.002  0.161  0.838        1
968:     0.651  0.347  0.002        1
969:     0.525  0.465  0.010        1
970:     0.712  0.281  0.007        1
971:     0.559  0.435  0.006        1
972:     0.347  0.644  0.009        1
973:     0.509  0.483  0.008        1
974:     0.660  0.332  0.008        1
975:     0.397  0.587  0.016        1
976:     0.155  0.016  0.829        1
977:     0.004  0.007  0.990        1
978:     0.003  0.005  0.992        1
979:     0.422  0.569  0.009        1
980:     0.003  0.107  0.890        1
981:     0.002  0.001  0.997        1
982:     0.002  0.004  0.994        1
983:     0.007  0.008  0.985        1
984:     0.166  0.037  0.797        1
985:     0.002  0.003  0.994        1
986:     0.001  0.001  0.997        1
987:     0.007  0.138  0.855        1
988:     0.003  0.004  0.993        1
989:     0.012  0.397  0.592        1
990:     0.002  0.004  0.994        1
991:     0.014  0.014  0.972        1
992:     0.010  0.258  0.732        1
993:     0.475  0.521  0.004        1
994:     0.541  0.446  0.013        1
995:     0.987  0.011  0.002        1
996:     0.972  0.009  0.019        1
997:     0.989  0.007  0.004        1
998:     0.990  0.003  0.006        1
999:     0.995  0.003  0.002        1
1000:     0.993  0.004  0.003        1
1001:     0.986  0.009  0.005        1
1002:     0.984  0.010  0.007        1
1003:     0.992  0.004  0.004        1
1004:     0.967  0.025  0.009        1
1005:     0.991  0.005  0.004        1
1006:     0.985  0.006  0.009        1
1007:     0.984  0.012  0.004        1
1008:     0.992  0.004  0.003        1
1009:     0.994  0.004  0.002        1
1010:     0.989  0.008  0.003        1
1011:     0.952  0.005  0.043        1
1012:     0.910  0.035  0.055        1
1013:     0.991  0.007  0.002        1
1014:     0.932  0.051  0.018        1
1015:     0.961  0.017  0.022        1
1016:     0.982  0.007  0.012        1
1017:     0.929  0.027  0.044        1
1018:     0.979  0.014  0.007        1
1019:     0.970  0.004  0.025        1
1020:     0.987  0.007  0.006        1
1021:     0.938  0.025  0.037        1
1022:     0.984  0.008  0.008        1
1023:     0.977  0.011  0.013        1
1024:     0.987  0.006  0.007        1
1025:     0.991  0.007  0.003        1
1026:     0.990  0.005  0.005        1
1027:     0.979  0.015  0.006        1
1028:     0.951  0.039  0.010        1
1029:     0.990  0.004  0.007        1
1030:     0.001  0.003  0.996        1
1031:     0.011  0.341  0.648        1
