

----------------------------------------------------
STRUCTURE by Pritchard, Stephens and Donnelly (2000)
     and Falush, Stephens and Pritchard (2003)
       Code by Pritchard, Falush and Hubisz
             Version 2.3.4 (Jul 2012)
----------------------------------------------------



Command line arguments:   structure -K 3 -L 574 -N 2600 -i ./TEST.recode.strct_in -D 74070 -o ./TEST_structureOUT/K3_6 
Input File:    ./TEST.recode.strct_in

Run parameters:
   2600 individuals
   574 loci
   3 populations assumed
   1000 Burn-in period
   3000 Reps


--------------------------------------------
Proportion of membership of each pre-defined
 population in each of the 3 clusters

Given    Inferred Clusters       Number of
 Pop       1      2      3      Individuals

  1:     0.004  0.988  0.007        1
  2:     0.007  0.974  0.019        1
  3:     0.009  0.989  0.002        1
  4:     0.007  0.987  0.006        1
  5:     0.003  0.946  0.052        1
  6:     0.016  0.961  0.024        1
  7:     0.004  0.984  0.012        1
  8:     0.007  0.990  0.003        1
  9:     0.003  0.993  0.004        1
 10:     0.009  0.976  0.015        1
 11:     0.012  0.981  0.007        1
 12:     0.005  0.985  0.009        1
 13:     0.004  0.971  0.025        1
 14:     0.006  0.981  0.013        1
 15:     0.013  0.972  0.015        1
 16:     0.002  0.995  0.003        1
 17:     0.013  0.959  0.027        1
 18:     0.003  0.990  0.007        1
 19:     0.002  0.993  0.004        1
 20:     0.009  0.983  0.009        1
 21:     0.031  0.963  0.006        1
 22:     0.010  0.979  0.011        1
 23:     0.003  0.991  0.006        1
 24:     0.019  0.969  0.012        1
 25:     0.003  0.991  0.007        1
 26:     0.001  0.997  0.002        1
 27:     0.004  0.991  0.005        1
 28:     0.004  0.932  0.064        1
 29:     0.007  0.980  0.013        1
 30:     0.047  0.943  0.010        1
 31:     0.002  0.995  0.003        1
 32:     0.007  0.979  0.014        1
 33:     0.038  0.954  0.008        1
 34:     0.008  0.978  0.014        1
 35:     0.006  0.969  0.025        1
 36:     0.012  0.977  0.010        1
 37:     0.001  0.995  0.003        1
 38:     0.005  0.986  0.008        1
 39:     0.004  0.992  0.004        1
 40:     0.002  0.996  0.002        1
 41:     0.020  0.959  0.020        1
 42:     0.007  0.904  0.088        1
 43:     0.037  0.928  0.035        1
 44:     0.072  0.917  0.011        1
 45:     0.003  0.994  0.004        1
 46:     0.002  0.985  0.013        1
 47:     0.011  0.983  0.006        1
 48:     0.090  0.904  0.006        1
 49:     0.005  0.983  0.012        1
 50:     0.003  0.994  0.002        1
 51:     0.003  0.976  0.021        1
 52:     0.004  0.990  0.006        1
 53:     0.011  0.982  0.007        1
 54:     0.007  0.980  0.012        1
 55:     0.003  0.993  0.004        1
 56:     0.003  0.983  0.014        1
 57:     0.005  0.988  0.007        1
 58:     0.002  0.994  0.004        1
 59:     0.004  0.993  0.003        1
 60:     0.029  0.911  0.061        1
 61:     0.099  0.891  0.010        1
 62:     0.003  0.993  0.004        1
 63:     0.046  0.936  0.018        1
 64:     0.008  0.988  0.004        1
 65:     0.003  0.991  0.005        1
 66:     0.026  0.902  0.072        1
 67:     0.002  0.989  0.009        1
 68:     0.005  0.990  0.005        1
 69:     0.005  0.983  0.012        1
 70:     0.006  0.990  0.005        1
 71:     0.004  0.982  0.013        1
 72:     0.005  0.986  0.009        1
 73:     0.007  0.985  0.008        1
 74:     0.013  0.939  0.048        1
 75:     0.005  0.991  0.004        1
 76:     0.004  0.935  0.062        1
 77:     0.007  0.988  0.005        1
 78:     0.008  0.977  0.015        1
 79:     0.027  0.938  0.035        1
 80:     0.008  0.951  0.040        1
 81:     0.002  0.994  0.004        1
 82:     0.002  0.950  0.048        1
 83:     0.015  0.979  0.006        1
 84:     0.010  0.948  0.043        1
 85:     0.004  0.991  0.005        1
 86:     0.014  0.975  0.011        1
 87:     0.003  0.993  0.005        1
 88:     0.021  0.965  0.014        1
 89:     0.002  0.989  0.009        1
 90:     0.004  0.991  0.006        1
 91:     0.005  0.900  0.095        1
 92:     0.004  0.991  0.005        1
 93:     0.006  0.987  0.007        1
 94:     0.004  0.990  0.006        1
 95:     0.013  0.982  0.005        1
 96:     0.003  0.990  0.007        1
 97:     0.002  0.004  0.993        1
 98:     0.002  0.005  0.993        1
 99:     0.016  0.006  0.978        1
100:     0.006  0.005  0.989        1
101:     0.002  0.004  0.994        1
102:     0.004  0.002  0.994        1
103:     0.003  0.004  0.993        1
104:     0.005  0.003  0.992        1
105:     0.003  0.001  0.996        1
106:     0.005  0.003  0.992        1
107:     0.012  0.004  0.984        1
108:     0.008  0.002  0.990        1
109:     0.011  0.002  0.988        1
110:     0.003  0.003  0.994        1
111:     0.003  0.003  0.994        1
112:     0.029  0.001  0.970        1
113:     0.003  0.007  0.990        1
114:     0.003  0.005  0.993        1
115:     0.013  0.003  0.984        1
116:     0.002  0.002  0.996        1
117:     0.005  0.010  0.985        1
118:     0.005  0.004  0.991        1
119:     0.026  0.008  0.966        1
120:     0.006  0.003  0.991        1
121:     0.004  0.004  0.992        1
122:     0.003  0.002  0.996        1
123:     0.004  0.002  0.995        1
124:     0.001  0.003  0.996        1
125:     0.002  0.007  0.991        1
126:     0.006  0.003  0.992        1
127:     0.002  0.001  0.997        1
128:     0.003  0.009  0.988        1
129:     0.006  0.007  0.987        1
130:     0.007  0.006  0.986        1
131:     0.006  0.012  0.982        1
132:     0.012  0.015  0.973        1
133:     0.003  0.001  0.995        1
134:     0.033  0.006  0.962        1
135:     0.029  0.008  0.963        1
136:     0.003  0.019  0.978        1
137:     0.002  0.003  0.995        1
138:     0.006  0.002  0.991        1
139:     0.005  0.002  0.993        1
140:     0.013  0.003  0.984        1
141:     0.004  0.007  0.988        1
142:     0.001  0.005  0.994        1
143:     0.005  0.005  0.991        1
144:     0.002  0.002  0.996        1
145:     0.011  0.003  0.986        1
146:     0.002  0.001  0.997        1
147:     0.016  0.001  0.983        1
148:     0.004  0.001  0.995        1
149:     0.006  0.026  0.967        1
150:     0.005  0.006  0.989        1
151:     0.001  0.002  0.997        1
152:     0.006  0.006  0.988        1
153:     0.005  0.064  0.932        1
154:     0.004  0.011  0.986        1
155:     0.003  0.004  0.994        1
156:     0.005  0.003  0.992        1
157:     0.017  0.013  0.970        1
158:     0.009  0.023  0.968        1
159:     0.003  0.005  0.992        1
160:     0.016  0.008  0.976        1
161:     0.005  0.006  0.989        1
162:     0.004  0.007  0.989        1
163:     0.015  0.012  0.973        1
164:     0.002  0.017  0.980        1
165:     0.016  0.009  0.975        1
166:     0.009  0.053  0.938        1
167:     0.004  0.004  0.992        1
168:     0.007  0.002  0.991        1
169:     0.002  0.003  0.995        1
170:     0.003  0.008  0.990        1
171:     0.002  0.007  0.991        1
172:     0.006  0.008  0.986        1
173:     0.005  0.012  0.982        1
174:     0.005  0.001  0.994        1
175:     0.011  0.004  0.985        1
176:     0.007  0.004  0.989        1
177:     0.014  0.008  0.978        1
178:     0.003  0.004  0.993        1
179:     0.003  0.007  0.990        1
180:     0.005  0.003  0.992        1
181:     0.004  0.001  0.995        1
182:     0.010  0.012  0.977        1
183:     0.004  0.011  0.985        1
184:     0.006  0.005  0.989        1
185:     0.006  0.002  0.992        1
186:     0.002  0.004  0.994        1
187:     0.018  0.002  0.980        1
188:     0.002  0.003  0.995        1
189:     0.004  0.003  0.993        1
190:     0.002  0.006  0.992        1
191:     0.007  0.008  0.985        1
192:     0.003  0.004  0.992        1
193:     0.004  0.008  0.988        1
194:     0.004  0.022  0.974        1
195:     0.001  0.001  0.998        1
196:     0.011  0.004  0.985        1
197:     0.007  0.005  0.988        1
198:     0.004  0.006  0.991        1
199:     0.004  0.005  0.991        1
200:     0.009  0.196  0.795        1
201:     0.004  0.082  0.914        1
202:     0.002  0.004  0.994        1
203:     0.006  0.010  0.984        1
204:     0.004  0.044  0.952        1
205:     0.003  0.066  0.932        1
206:     0.002  0.133  0.865        1
207:     0.005  0.066  0.929        1
208:     0.007  0.032  0.961        1
209:     0.008  0.069  0.923        1
210:     0.003  0.006  0.991        1
211:     0.002  0.031  0.966        1
212:     0.006  0.135  0.858        1
213:     0.005  0.013  0.981        1
214:     0.007  0.057  0.935        1
215:     0.006  0.014  0.980        1
216:     0.006  0.006  0.988        1
217:     0.005  0.021  0.974        1
218:     0.003  0.016  0.981        1
219:     0.017  0.021  0.962        1
220:     0.003  0.007  0.990        1
221:     0.006  0.005  0.989        1
222:     0.006  0.005  0.989        1
223:     0.003  0.069  0.928        1
224:     0.001  0.007  0.991        1
225:     0.005  0.004  0.992        1
226:     0.002  0.225  0.773        1
227:     0.002  0.001  0.997        1
228:     0.003  0.050  0.947        1
229:     0.002  0.219  0.779        1
230:     0.005  0.130  0.865        1
231:     0.004  0.012  0.984        1
232:     0.010  0.016  0.974        1
233:     0.005  0.008  0.987        1
234:     0.003  0.055  0.942        1
235:     0.017  0.007  0.976        1
236:     0.002  0.004  0.994        1
237:     0.003  0.133  0.864        1
238:     0.004  0.011  0.985        1
239:     0.003  0.042  0.956        1
240:     0.002  0.013  0.984        1
241:     0.014  0.004  0.982        1
242:     0.005  0.019  0.976        1
243:     0.006  0.006  0.988        1
244:     0.006  0.084  0.910        1
245:     0.031  0.017  0.952        1
246:     0.005  0.008  0.987        1
247:     0.004  0.056  0.940        1
248:     0.003  0.050  0.946        1
249:     0.004  0.010  0.987        1
250:     0.004  0.038  0.958        1
251:     0.004  0.006  0.990        1
252:     0.003  0.004  0.993        1
253:     0.004  0.022  0.973        1
254:     0.002  0.003  0.995        1
255:     0.004  0.149  0.847        1
256:     0.019  0.009  0.972        1
257:     0.008  0.021  0.972        1
258:     0.013  0.008  0.978        1
259:     0.004  0.005  0.990        1
260:     0.015  0.010  0.975        1
261:     0.025  0.039  0.936        1
262:     0.007  0.040  0.954        1
263:     0.006  0.047  0.947        1
264:     0.002  0.017  0.981        1
265:     0.004  0.013  0.982        1
266:     0.056  0.011  0.933        1
267:     0.004  0.007  0.988        1
268:     0.002  0.067  0.930        1
269:     0.002  0.002  0.996        1
270:     0.004  0.008  0.988        1
271:     0.002  0.130  0.867        1
272:     0.002  0.011  0.987        1
273:     0.004  0.008  0.988        1
274:     0.004  0.005  0.991        1
275:     0.015  0.034  0.951        1
276:     0.046  0.007  0.947        1
277:     0.007  0.109  0.884        1
278:     0.002  0.004  0.994        1
279:     0.004  0.040  0.956        1
280:     0.004  0.013  0.983        1
281:     0.007  0.003  0.989        1
282:     0.007  0.990  0.003        1
283:     0.002  0.996  0.002        1
284:     0.006  0.975  0.019        1
285:     0.008  0.976  0.017        1
286:     0.005  0.991  0.004        1
287:     0.009  0.985  0.006        1
288:     0.012  0.973  0.015        1
289:     0.002  0.995  0.003        1
290:     0.005  0.986  0.009        1
291:     0.008  0.989  0.003        1
292:     0.005  0.988  0.006        1
293:     0.003  0.966  0.031        1
294:     0.002  0.992  0.006        1
295:     0.003  0.995  0.002        1
296:     0.009  0.988  0.003        1
297:     0.002  0.996  0.003        1
298:     0.008  0.989  0.003        1
299:     0.002  0.989  0.009        1
300:     0.009  0.980  0.012        1
301:     0.003  0.992  0.006        1
302:     0.024  0.970  0.005        1
303:     0.002  0.994  0.004        1
304:     0.025  0.968  0.008        1
305:     0.002  0.981  0.017        1
306:     0.006  0.982  0.012        1
307:     0.005  0.987  0.008        1
308:     0.008  0.968  0.024        1
309:     0.007  0.984  0.010        1
310:     0.017  0.976  0.008        1
311:     0.008  0.985  0.008        1
312:     0.002  0.994  0.004        1
313:     0.003  0.917  0.080        1
314:     0.017  0.980  0.003        1
315:     0.008  0.988  0.005        1
316:     0.027  0.942  0.030        1
317:     0.007  0.985  0.008        1
318:     0.006  0.983  0.011        1
319:     0.006  0.947  0.047        1
320:     0.018  0.975  0.007        1
321:     0.003  0.993  0.004        1
322:     0.002  0.995  0.003        1
323:     0.003  0.986  0.011        1
324:     0.017  0.004  0.980        1
325:     0.354  0.012  0.634        1
326:     0.008  0.003  0.989        1
327:     0.015  0.980  0.005        1
328:     0.004  0.993  0.003        1
329:     0.002  0.992  0.005        1
330:     0.004  0.994  0.002        1
331:     0.004  0.986  0.010        1
332:     0.001  0.995  0.004        1
333:     0.004  0.994  0.002        1
334:     0.013  0.969  0.018        1
335:     0.002  0.993  0.004        1
336:     0.002  0.995  0.004        1
337:     0.001  0.987  0.012        1
338:     0.009  0.982  0.009        1
339:     0.003  0.986  0.011        1
340:     0.004  0.984  0.012        1
341:     0.001  0.997  0.002        1
342:     0.002  0.996  0.003        1
343:     0.003  0.994  0.003        1
344:     0.005  0.984  0.011        1
345:     0.004  0.994  0.002        1
346:     0.003  0.990  0.007        1
347:     0.018  0.975  0.007        1
348:     0.006  0.986  0.008        1
349:     0.006  0.990  0.003        1
350:     0.012  0.985  0.003        1
351:     0.005  0.992  0.004        1
352:     0.005  0.986  0.009        1
353:     0.006  0.969  0.025        1
354:     0.003  0.994  0.003        1
355:     0.021  0.966  0.013        1
356:     0.004  0.984  0.012        1
357:     0.010  0.986  0.004        1
358:     0.005  0.980  0.015        1
359:     0.009  0.981  0.010        1
360:     0.003  0.994  0.003        1
361:     0.013  0.979  0.009        1
362:     0.171  0.018  0.811        1
363:     0.024  0.237  0.740        1
364:     0.016  0.050  0.934        1
365:     0.014  0.116  0.870        1
366:     0.004  0.986  0.011        1
367:     0.007  0.978  0.015        1
368:     0.004  0.988  0.008        1
369:     0.006  0.974  0.019        1
370:     0.003  0.994  0.003        1
371:     0.016  0.960  0.024        1
372:     0.003  0.994  0.003        1
373:     0.004  0.983  0.013        1
374:     0.001  0.996  0.003        1
375:     0.007  0.981  0.012        1
376:     0.004  0.983  0.013        1
377:     0.006  0.990  0.004        1
378:     0.002  0.991  0.006        1
379:     0.007  0.987  0.006        1
380:     0.003  0.995  0.003        1
381:     0.028  0.963  0.009        1
382:     0.003  0.993  0.004        1
383:     0.001  0.997  0.002        1
384:     0.012  0.979  0.009        1
385:     0.046  0.939  0.014        1
386:     0.003  0.982  0.014        1
387:     0.003  0.988  0.009        1
388:     0.008  0.984  0.008        1
389:     0.009  0.988  0.003        1
390:     0.018  0.974  0.008        1
391:     0.004  0.992  0.004        1
392:     0.003  0.993  0.004        1
393:     0.002  0.996  0.002        1
394:     0.040  0.033  0.927        1
395:     0.006  0.069  0.924        1
396:     0.139  0.007  0.854        1
397:     0.003  0.017  0.980        1
398:     0.047  0.002  0.951        1
399:     0.007  0.004  0.989        1
400:     0.038  0.056  0.906        1
401:     0.049  0.039  0.912        1
402:     0.008  0.045  0.947        1
403:     0.003  0.987  0.010        1
404:     0.017  0.941  0.042        1
405:     0.003  0.991  0.005        1
406:     0.004  0.987  0.009        1
407:     0.005  0.992  0.002        1
408:     0.089  0.899  0.011        1
409:     0.005  0.993  0.002        1
410:     0.004  0.994  0.002        1
411:     0.012  0.980  0.008        1
412:     0.018  0.973  0.009        1
413:     0.003  0.990  0.007        1
414:     0.001  0.996  0.003        1
415:     0.006  0.990  0.004        1
416:     0.002  0.994  0.004        1
417:     0.006  0.972  0.022        1
418:     0.010  0.004  0.986        1
419:     0.003  0.237  0.759        1
420:     0.431  0.003  0.566        1
421:     0.065  0.006  0.929        1
422:     0.157  0.008  0.835        1
423:     0.013  0.082  0.905        1
424:     0.204  0.013  0.783        1
425:     0.010  0.143  0.847        1
426:     0.019  0.020  0.961        1
427:     0.009  0.008  0.982        1
428:     0.230  0.006  0.764        1
429:     0.008  0.133  0.859        1
430:     0.020  0.155  0.825        1
431:     0.009  0.002  0.989        1
432:     0.075  0.006  0.919        1
433:     0.012  0.179  0.809        1
434:     0.012  0.050  0.938        1
435:     0.022  0.272  0.706        1
436:     0.010  0.029  0.961        1
437:     0.010  0.010  0.980        1
438:     0.002  0.003  0.994        1
439:     0.013  0.169  0.818        1
440:     0.011  0.398  0.591        1
441:     0.205  0.003  0.792        1
442:     0.013  0.029  0.958        1
443:     0.004  0.125  0.871        1
444:     0.085  0.009  0.906        1
445:     0.015  0.004  0.981        1
446:     0.091  0.002  0.907        1
447:     0.022  0.055  0.923        1
448:     0.124  0.004  0.873        1
449:     0.010  0.096  0.893        1
450:     0.064  0.019  0.917        1
451:     0.272  0.005  0.723        1
452:     0.639  0.003  0.358        1
453:     0.008  0.006  0.986        1
454:     0.023  0.008  0.969        1
455:     0.031  0.005  0.964        1
456:     0.724  0.026  0.249        1
457:     0.009  0.257  0.734        1
458:     0.005  0.160  0.835        1
459:     0.003  0.003  0.994        1
460:     0.091  0.166  0.743        1
461:     0.009  0.224  0.766        1
462:     0.013  0.274  0.713        1
463:     0.124  0.149  0.726        1
464:     0.011  0.020  0.968        1
465:     0.007  0.040  0.953        1
466:     0.005  0.056  0.940        1
467:     0.221  0.010  0.769        1
468:     0.004  0.345  0.651        1
469:     0.003  0.011  0.986        1
470:     0.383  0.204  0.413        1
471:     0.029  0.222  0.749        1
472:     0.033  0.048  0.919        1
473:     0.007  0.215  0.778        1
474:     0.159  0.056  0.786        1
475:     0.003  0.003  0.994        1
476:     0.138  0.171  0.691        1
477:     0.009  0.105  0.886        1
478:     0.017  0.041  0.942        1
479:     0.006  0.072  0.922        1
480:     0.191  0.005  0.804        1
481:     0.034  0.021  0.945        1
482:     0.145  0.103  0.752        1
483:     0.023  0.214  0.762        1
484:     0.030  0.003  0.967        1
485:     0.035  0.007  0.959        1
486:     0.037  0.062  0.901        1
487:     0.021  0.005  0.975        1
488:     0.076  0.008  0.916        1
489:     0.038  0.003  0.959        1
490:     0.010  0.313  0.677        1
491:     0.253  0.003  0.744        1
492:     0.095  0.002  0.903        1
493:     0.041  0.511  0.449        1
494:     0.026  0.161  0.813        1
495:     0.212  0.016  0.772        1
496:     0.011  0.033  0.955        1
497:     0.007  0.051  0.942        1
498:     0.004  0.006  0.989        1
499:     0.460  0.009  0.531        1
500:     0.854  0.003  0.143        1
501:     0.335  0.006  0.659        1
502:     0.013  0.006  0.981        1
503:     0.003  0.119  0.878        1
504:     0.005  0.151  0.844        1
505:     0.009  0.007  0.984        1
506:     0.019  0.136  0.845        1
507:     0.034  0.104  0.862        1
508:     0.093  0.030  0.877        1
509:     0.007  0.003  0.990        1
510:     0.078  0.423  0.499        1
511:     0.006  0.041  0.953        1
512:     0.002  0.056  0.941        1
513:     0.340  0.234  0.427        1
514:     0.006  0.008  0.986        1
515:     0.131  0.075  0.794        1
516:     0.045  0.015  0.940        1
517:     0.015  0.009  0.976        1
518:     0.004  0.016  0.981        1
519:     0.369  0.006  0.625        1
520:     0.039  0.006  0.954        1
521:     0.084  0.002  0.914        1
522:     0.313  0.028  0.659        1
523:     0.260  0.004  0.736        1
524:     0.016  0.012  0.972        1
525:     0.007  0.041  0.952        1
526:     0.017  0.086  0.896        1
527:     0.210  0.002  0.788        1
528:     0.063  0.004  0.933        1
529:     0.003  0.004  0.993        1
530:     0.014  0.598  0.389        1
531:     0.306  0.222  0.471        1
532:     0.006  0.078  0.916        1
533:     0.005  0.235  0.760        1
534:     0.006  0.438  0.556        1
535:     0.017  0.140  0.843        1
536:     0.005  0.098  0.897        1
537:     0.003  0.237  0.760        1
538:     0.019  0.198  0.783        1
539:     0.082  0.234  0.684        1
540:     0.011  0.160  0.829        1
541:     0.030  0.002  0.967        1
542:     0.008  0.237  0.755        1
543:     0.004  0.195  0.802        1
544:     0.257  0.286  0.456        1
545:     0.016  0.354  0.630        1
546:     0.074  0.070  0.856        1
547:     0.018  0.549  0.434        1
548:     0.077  0.208  0.716        1
549:     0.003  0.281  0.716        1
550:     0.127  0.280  0.593        1
551:     0.003  0.295  0.702        1
552:     0.003  0.015  0.981        1
553:     0.011  0.138  0.851        1
554:     0.055  0.065  0.880        1
555:     0.003  0.008  0.989        1
556:     0.453  0.054  0.493        1
557:     0.379  0.003  0.618        1
558:     0.056  0.012  0.932        1
559:     0.001  0.135  0.863        1
560:     0.220  0.021  0.759        1
561:     0.007  0.049  0.945        1
562:     0.267  0.109  0.624        1
563:     0.209  0.203  0.588        1
564:     0.043  0.046  0.911        1
565:     0.079  0.007  0.915        1
566:     0.051  0.269  0.680        1
567:     0.189  0.251  0.560        1
568:     0.167  0.010  0.822        1
569:     0.004  0.082  0.914        1
570:     0.041  0.270  0.689        1
571:     0.009  0.004  0.986        1
572:     0.011  0.002  0.987        1
573:     0.119  0.013  0.868        1
574:     0.008  0.349  0.643        1
575:     0.008  0.427  0.565        1
576:     0.300  0.095  0.604        1
577:     0.076  0.005  0.919        1
578:     0.011  0.101  0.887        1
579:     0.003  0.277  0.720        1
580:     0.027  0.194  0.780        1
581:     0.050  0.439  0.511        1
582:     0.124  0.337  0.540        1
583:     0.314  0.096  0.590        1
584:     0.007  0.074  0.920        1
585:     0.004  0.014  0.983        1
586:     0.006  0.005  0.989        1
587:     0.139  0.022  0.839        1
588:     0.441  0.090  0.469        1
589:     0.008  0.005  0.987        1
590:     0.079  0.103  0.818        1
591:     0.005  0.001  0.994        1
592:     0.021  0.132  0.847        1
593:     0.005  0.009  0.986        1
594:     0.494  0.139  0.367        1
595:     0.192  0.064  0.744        1
596:     0.011  0.028  0.960        1
597:     0.017  0.018  0.965        1
598:     0.014  0.038  0.948        1
599:     0.002  0.005  0.993        1
600:     0.011  0.006  0.983        1
601:     0.002  0.001  0.997        1
602:     0.002  0.003  0.995        1
603:     0.004  0.003  0.993        1
604:     0.005  0.004  0.991        1
605:     0.004  0.003  0.993        1
606:     0.007  0.002  0.991        1
607:     0.003  0.005  0.992        1
608:     0.003  0.003  0.993        1
609:     0.002  0.002  0.996        1
610:     0.004  0.003  0.993        1
611:     0.002  0.003  0.995        1
612:     0.011  0.016  0.973        1
613:     0.016  0.004  0.980        1
614:     0.005  0.005  0.990        1
615:     0.003  0.002  0.995        1
616:     0.005  0.003  0.993        1
617:     0.002  0.003  0.995        1
618:     0.010  0.002  0.989        1
619:     0.003  0.003  0.994        1
620:     0.032  0.016  0.952        1
621:     0.004  0.002  0.994        1
622:     0.006  0.161  0.833        1
623:     0.411  0.034  0.555        1
624:     0.351  0.003  0.646        1
625:     0.025  0.494  0.481        1
626:     0.007  0.066  0.928        1
627:     0.006  0.277  0.717        1
628:     0.003  0.432  0.564        1
629:     0.007  0.277  0.716        1
630:     0.005  0.440  0.555        1
631:     0.022  0.178  0.800        1
632:     0.020  0.120  0.860        1
633:     0.010  0.323  0.666        1
634:     0.005  0.039  0.957        1
635:     0.027  0.940  0.034        1
636:     0.002  0.994  0.004        1
637:     0.008  0.986  0.006        1
638:     0.012  0.984  0.005        1
639:     0.022  0.966  0.012        1
640:     0.003  0.995  0.003        1
641:     0.010  0.002  0.988        1
642:     0.018  0.002  0.980        1
643:     0.044  0.003  0.953        1
644:     0.004  0.001  0.994        1
645:     0.013  0.003  0.983        1
646:     0.005  0.003  0.991        1
647:     0.006  0.005  0.989        1
648:     0.007  0.002  0.991        1
649:     0.006  0.001  0.992        1
650:     0.054  0.004  0.942        1
651:     0.002  0.004  0.994        1
652:     0.005  0.003  0.993        1
653:     0.002  0.002  0.996        1
654:     0.004  0.004  0.992        1
655:     0.009  0.007  0.983        1
656:     0.008  0.004  0.988        1
657:     0.005  0.002  0.993        1
658:     0.009  0.026  0.965        1
659:     0.186  0.007  0.807        1
660:     0.021  0.002  0.977        1
661:     0.006  0.002  0.992        1
662:     0.006  0.004  0.991        1
663:     0.009  0.002  0.989        1
664:     0.010  0.020  0.970        1
665:     0.023  0.006  0.972        1
666:     0.012  0.004  0.984        1
667:     0.005  0.023  0.972        1
668:     0.002  0.001  0.997        1
669:     0.002  0.001  0.997        1
670:     0.002  0.008  0.991        1
671:     0.001  0.001  0.998        1
672:     0.011  0.003  0.986        1
673:     0.034  0.008  0.958        1
674:     0.004  0.005  0.992        1
675:     0.006  0.001  0.992        1
676:     0.016  0.007  0.977        1
677:     0.006  0.003  0.991        1
678:     0.063  0.005  0.932        1
679:     0.005  0.002  0.993        1
680:     0.017  0.002  0.981        1
681:     0.002  0.005  0.992        1
682:     0.006  0.002  0.991        1
683:     0.013  0.003  0.983        1
684:     0.002  0.006  0.991        1
685:     0.007  0.007  0.986        1
686:     0.013  0.003  0.984        1
687:     0.027  0.007  0.966        1
688:     0.027  0.039  0.934        1
689:     0.013  0.006  0.981        1
690:     0.017  0.008  0.975        1
691:     0.002  0.013  0.985        1
692:     0.002  0.011  0.986        1
693:     0.004  0.004  0.993        1
694:     0.002  0.007  0.992        1
695:     0.005  0.007  0.989        1
696:     0.025  0.004  0.971        1
697:     0.005  0.010  0.985        1
698:     0.005  0.004  0.991        1
699:     0.015  0.008  0.977        1
700:     0.003  0.005  0.993        1
701:     0.004  0.002  0.994        1
702:     0.007  0.003  0.990        1
703:     0.005  0.005  0.990        1
704:     0.003  0.005  0.992        1
705:     0.005  0.002  0.993        1
706:     0.007  0.005  0.988        1
707:     0.015  0.007  0.978        1
708:     0.014  0.001  0.985        1
709:     0.001  0.007  0.992        1
710:     0.077  0.004  0.919        1
711:     0.001  0.004  0.995        1
712:     0.008  0.002  0.991        1
713:     0.010  0.002  0.988        1
714:     0.002  0.992  0.006        1
715:     0.004  0.986  0.010        1
716:     0.011  0.982  0.007        1
717:     0.034  0.962  0.005        1
718:     0.009  0.949  0.042        1
719:     0.005  0.991  0.004        1
720:     0.006  0.991  0.003        1
721:     0.006  0.986  0.008        1
722:     0.022  0.965  0.013        1
723:     0.002  0.995  0.003        1
724:     0.004  0.992  0.004        1
725:     0.010  0.975  0.015        1
726:     0.003  0.994  0.003        1
727:     0.019  0.960  0.021        1
728:     0.007  0.988  0.005        1
729:     0.106  0.887  0.008        1
730:     0.009  0.987  0.004        1
731:     0.002  0.971  0.027        1
732:     0.004  0.994  0.002        1
733:     0.004  0.986  0.009        1
734:     0.003  0.995  0.002        1
735:     0.008  0.968  0.024        1
736:     0.006  0.988  0.006        1
737:     0.008  0.989  0.004        1
738:     0.003  0.983  0.014        1
739:     0.009  0.978  0.014        1
740:     0.016  0.971  0.013        1
741:     0.003  0.993  0.004        1
742:     0.037  0.951  0.012        1
743:     0.008  0.988  0.004        1
744:     0.011  0.980  0.009        1
745:     0.004  0.972  0.024        1
746:     0.003  0.963  0.033        1
747:     0.009  0.984  0.007        1
748:     0.001  0.925  0.073        1
749:     0.003  0.989  0.008        1
750:     0.015  0.964  0.021        1
751:     0.019  0.969  0.012        1
752:     0.010  0.982  0.008        1
753:     0.003  0.986  0.011        1
754:     0.007  0.980  0.013        1
755:     0.002  0.995  0.004        1
756:     0.004  0.985  0.011        1
757:     0.010  0.983  0.007        1
758:     0.006  0.979  0.015        1
759:     0.008  0.982  0.010        1
760:     0.006  0.991  0.003        1
761:     0.029  0.955  0.016        1
762:     0.008  0.977  0.015        1
763:     0.007  0.986  0.007        1
764:     0.021  0.975  0.004        1
765:     0.005  0.991  0.004        1
766:     0.034  0.948  0.018        1
767:     0.004  0.993  0.003        1
768:     0.004  0.986  0.009        1
769:     0.009  0.951  0.040        1
770:     0.801  0.007  0.193        1
771:     0.547  0.099  0.355        1
772:     0.903  0.037  0.060        1
773:     0.484  0.007  0.509        1
774:     0.851  0.001  0.148        1
775:     0.550  0.007  0.444        1
776:     0.988  0.005  0.007        1
777:     0.992  0.003  0.005        1
778:     0.006  0.500  0.493        1
779:     0.008  0.662  0.330        1
780:     0.796  0.016  0.188        1
781:     0.992  0.002  0.006        1
782:     0.854  0.021  0.125        1
783:     0.684  0.021  0.295        1
784:     0.988  0.005  0.008        1
785:     0.004  0.533  0.463        1
786:     0.002  0.338  0.660        1
787:     0.004  0.730  0.267        1
788:     0.019  0.592  0.389        1
789:     0.008  0.671  0.321        1
790:     0.231  0.376  0.394        1
791:     0.056  0.717  0.228        1
792:     0.003  0.550  0.447        1
793:     0.008  0.506  0.486        1
794:     0.170  0.374  0.456        1
795:     0.006  0.469  0.525        1
796:     0.004  0.650  0.346        1
797:     0.001  0.631  0.368        1
798:     0.022  0.293  0.685        1
799:     0.007  0.601  0.392        1
800:     0.126  0.442  0.432        1
801:     0.024  0.899  0.077        1
802:     0.008  0.584  0.407        1
803:     0.175  0.388  0.437        1
804:     0.005  0.677  0.318        1
805:     0.009  0.729  0.262        1
806:     0.003  0.661  0.336        1
807:     0.007  0.573  0.420        1
808:     0.004  0.648  0.348        1
809:     0.997  0.001  0.002        1
810:     0.998  0.001  0.001        1
811:     0.006  0.663  0.331        1
812:     0.470  0.259  0.271        1
813:     0.045  0.282  0.673        1
814:     0.008  0.722  0.270        1
815:     0.009  0.503  0.488        1
816:     0.236  0.228  0.537        1
817:     0.006  0.565  0.430        1
818:     0.002  0.634  0.364        1
819:     0.005  0.506  0.490        1
820:     0.008  0.469  0.523        1
821:     0.004  0.409  0.587        1
822:     0.006  0.337  0.656        1
823:     0.005  0.682  0.313        1
824:     0.859  0.011  0.130        1
825:     0.858  0.006  0.136        1
826:     0.325  0.004  0.672        1
827:     0.541  0.131  0.329        1
828:     0.844  0.125  0.030        1
829:     0.005  0.528  0.467        1
830:     0.007  0.705  0.288        1
831:     0.002  0.612  0.386        1
832:     0.002  0.579  0.420        1
833:     0.037  0.748  0.216        1
834:     0.314  0.306  0.380        1
835:     0.010  0.684  0.307        1
836:     0.969  0.012  0.019        1
837:     0.639  0.008  0.353        1
838:     0.990  0.003  0.007        1
839:     0.994  0.002  0.004        1
840:     0.993  0.003  0.004        1
841:     0.024  0.973  0.003        1
842:     0.002  0.991  0.007        1
843:     0.005  0.987  0.007        1
844:     0.022  0.962  0.016        1
845:     0.008  0.973  0.019        1
846:     0.005  0.993  0.002        1
847:     0.005  0.914  0.081        1
848:     0.019  0.964  0.017        1
849:     0.008  0.973  0.019        1
850:     0.007  0.981  0.012        1
851:     0.004  0.987  0.009        1
852:     0.005  0.990  0.005        1
853:     0.002  0.993  0.005        1
854:     0.006  0.967  0.027        1
855:     0.012  0.962  0.025        1
856:     0.003  0.991  0.006        1
857:     0.033  0.963  0.004        1
858:     0.640  0.007  0.353        1
859:     0.910  0.004  0.087        1
860:     0.994  0.001  0.004        1
861:     0.941  0.004  0.054        1
862:     0.033  0.941  0.026        1
863:     0.020  0.936  0.044        1
864:     0.014  0.916  0.070        1
865:     0.008  0.925  0.068        1
866:     0.012  0.966  0.022        1
867:     0.012  0.976  0.012        1
868:     0.079  0.907  0.014        1
869:     0.017  0.975  0.007        1
870:     0.009  0.779  0.212        1
871:     0.006  0.983  0.011        1
872:     0.004  0.986  0.010        1
873:     0.005  0.986  0.009        1
874:     0.013  0.980  0.006        1
875:     0.006  0.990  0.004        1
876:     0.010  0.975  0.015        1
877:     0.009  0.980  0.011        1
878:     0.011  0.980  0.009        1
879:     0.008  0.987  0.005        1
880:     0.006  0.953  0.040        1
881:     0.005  0.986  0.009        1
882:     0.020  0.970  0.010        1
883:     0.023  0.534  0.443        1
884:     0.003  0.499  0.498        1
885:     0.997  0.001  0.001        1
886:     0.027  0.710  0.263        1
887:     0.001  0.602  0.397        1
888:     0.006  0.724  0.270        1
889:     0.924  0.036  0.040        1
890:     0.992  0.002  0.006        1
891:     0.990  0.003  0.007        1
892:     0.012  0.971  0.018        1
893:     0.002  0.995  0.003        1
894:     0.003  0.993  0.004        1
895:     0.012  0.968  0.019        1
896:     0.002  0.989  0.009        1
897:     0.006  0.990  0.004        1
898:     0.006  0.989  0.005        1
899:     0.083  0.896  0.021        1
900:     0.037  0.947  0.017        1
901:     0.016  0.919  0.065        1
902:     0.014  0.978  0.008        1
903:     0.007  0.981  0.012        1
904:     0.010  0.932  0.058        1
905:     0.003  0.995  0.002        1
906:     0.006  0.981  0.013        1
907:     0.013  0.970  0.017        1
908:     0.003  0.991  0.006        1
909:     0.847  0.140  0.013        1
910:     0.849  0.021  0.131        1
911:     0.021  0.432  0.547        1
912:     0.004  0.619  0.377        1
913:     0.005  0.711  0.285        1
914:     0.006  0.971  0.023        1
915:     0.009  0.986  0.005        1
916:     0.006  0.990  0.004        1
917:     0.002  0.996  0.002        1
918:     0.003  0.990  0.008        1
919:     0.004  0.989  0.007        1
920:     0.003  0.988  0.009        1
921:     0.004  0.982  0.014        1
922:     0.005  0.982  0.012        1
923:     0.005  0.991  0.004        1
924:     0.008  0.955  0.037        1
925:     0.002  0.992  0.005        1
926:     0.005  0.981  0.014        1
927:     0.002  0.996  0.002        1
928:     0.002  0.997  0.002        1
929:     0.003  0.994  0.003        1
930:     0.005  0.952  0.043        1
931:     0.003  0.994  0.003        1
932:     0.018  0.964  0.018        1
933:     0.003  0.995  0.002        1
934:     0.003  0.002  0.995        1
935:     0.009  0.001  0.990        1
936:     0.008  0.003  0.989        1
937:     0.014  0.005  0.981        1
938:     0.003  0.004  0.993        1
939:     0.003  0.003  0.994        1
940:     0.015  0.004  0.981        1
941:     0.006  0.014  0.980        1
942:     0.005  0.002  0.993        1
943:     0.006  0.002  0.992        1
944:     0.003  0.003  0.994        1
945:     0.025  0.006  0.969        1
946:     0.003  0.003  0.994        1
947:     0.019  0.002  0.979        1
948:     0.057  0.920  0.023        1
949:     0.003  0.231  0.766        1
950:     0.003  0.250  0.747        1
951:     0.994  0.002  0.003        1
952:     0.573  0.006  0.420        1
953:     0.007  0.797  0.196        1
954:     0.003  0.400  0.597        1
955:     0.014  0.614  0.373        1
956:     0.007  0.474  0.520        1
957:     0.005  0.545  0.450        1
958:     0.002  0.579  0.418        1
959:     0.004  0.750  0.247        1
960:     0.231  0.531  0.238        1
961:     0.002  0.758  0.239        1
962:     0.007  0.589  0.404        1
963:     0.003  0.709  0.288        1
964:     0.746  0.004  0.250        1
965:     0.920  0.003  0.077        1
966:     0.831  0.007  0.162        1
967:     0.838  0.003  0.159        1
968:     0.015  0.647  0.338        1
969:     0.022  0.521  0.456        1
970:     0.014  0.692  0.294        1
971:     0.006  0.551  0.443        1
972:     0.008  0.360  0.631        1
973:     0.008  0.510  0.482        1
974:     0.006  0.648  0.346        1
975:     0.007  0.398  0.595        1
976:     0.833  0.150  0.017        1
977:     0.990  0.003  0.008        1
978:     0.990  0.003  0.006        1
979:     0.005  0.445  0.550        1
980:     0.890  0.002  0.108        1
981:     0.997  0.002  0.002        1
982:     0.996  0.002  0.002        1
983:     0.981  0.006  0.013        1
984:     0.813  0.183  0.004        1
985:     0.994  0.003  0.003        1
986:     0.996  0.001  0.002        1
987:     0.848  0.004  0.148        1
988:     0.994  0.003  0.002        1
989:     0.596  0.011  0.394        1
990:     0.994  0.003  0.002        1
991:     0.970  0.013  0.016        1
992:     0.743  0.013  0.244        1
993:     0.004  0.468  0.528        1
994:     0.007  0.534  0.459        1
995:     0.003  0.992  0.005        1
996:     0.013  0.981  0.006        1
997:     0.002  0.992  0.006        1
998:     0.005  0.991  0.004        1
999:     0.003  0.995  0.002        1
1000:     0.005  0.992  0.003        1
1001:     0.004  0.991  0.005        1
1002:     0.004  0.987  0.010        1
1003:     0.003  0.990  0.007        1
1004:     0.014  0.976  0.010        1
1005:     0.004  0.991  0.005        1
1006:     0.011  0.985  0.004        1
1007:     0.004  0.986  0.010        1
1008:     0.003  0.992  0.005        1
1009:     0.002  0.995  0.003        1
1010:     0.007  0.985  0.008        1
1011:     0.045  0.951  0.004        1
1012:     0.043  0.914  0.043        1
1013:     0.004  0.988  0.008        1
1014:     0.029  0.905  0.067        1
1015:     0.010  0.961  0.029        1
1016:     0.010  0.984  0.006        1
1017:     0.056  0.934  0.010        1
1018:     0.005  0.973  0.022        1
1019:     0.013  0.980  0.007        1
1020:     0.004  0.990  0.006        1
1021:     0.021  0.952  0.027        1
1022:     0.003  0.959  0.038        1
1023:     0.012  0.977  0.011        1
1024:     0.005  0.988  0.008        1
1025:     0.005  0.985  0.010        1
1026:     0.004  0.993  0.003        1
1027:     0.012  0.975  0.013        1
1028:     0.013  0.968  0.019        1
1029:     0.005  0.991  0.003        1
1030:     0.996  0.001  0.003        1
1031:     0.649  0.005  0.346        1
