

----------------------------------------------------
STRUCTURE by Pritchard, Stephens and Donnelly (2000)
     and Falush, Stephens and Pritchard (2003)
       Code by Pritchard, Falush and Hubisz
             Version 2.3.4 (Jul 2012)
----------------------------------------------------



Command line arguments:   structure -K 3 -L 574 -N 2600 -i ./TEST.recode.strct_in -D 86415 -o ./TEST_structureOUT/K3_7 
Input File:    ./TEST.recode.strct_in

Run parameters:
   2600 individuals
   574 loci
   3 populations assumed
   1000 Burn-in period
   3000 Reps


--------------------------------------------
Proportion of membership of each pre-defined
 population in each of the 3 clusters

Given    Inferred Clusters       Number of
 Pop       1      2      3      Individuals

  1:     0.005  0.003  0.992        1
  2:     0.004  0.019  0.977        1
  3:     0.008  0.007  0.985        1
  4:     0.004  0.016  0.980        1
  5:     0.003  0.051  0.945        1
  6:     0.021  0.015  0.964        1
  7:     0.002  0.007  0.991        1
  8:     0.001  0.004  0.995        1
  9:     0.005  0.002  0.993        1
 10:     0.013  0.010  0.977        1
 11:     0.005  0.014  0.981        1
 12:     0.006  0.016  0.978        1
 13:     0.008  0.018  0.974        1
 14:     0.004  0.010  0.987        1
 15:     0.008  0.014  0.979        1
 16:     0.002  0.003  0.995        1
 17:     0.007  0.022  0.971        1
 18:     0.004  0.003  0.994        1
 19:     0.003  0.008  0.989        1
 20:     0.019  0.003  0.977        1
 21:     0.016  0.007  0.977        1
 22:     0.003  0.005  0.991        1
 23:     0.004  0.005  0.991        1
 24:     0.017  0.016  0.967        1
 25:     0.002  0.004  0.994        1
 26:     0.003  0.002  0.995        1
 27:     0.007  0.003  0.990        1
 28:     0.004  0.039  0.956        1
 29:     0.004  0.013  0.982        1
 30:     0.037  0.021  0.942        1
 31:     0.002  0.002  0.996        1
 32:     0.006  0.010  0.984        1
 33:     0.023  0.009  0.967        1
 34:     0.009  0.009  0.982        1
 35:     0.007  0.013  0.980        1
 36:     0.017  0.009  0.974        1
 37:     0.003  0.004  0.993        1
 38:     0.010  0.015  0.975        1
 39:     0.006  0.005  0.989        1
 40:     0.001  0.002  0.997        1
 41:     0.017  0.026  0.957        1
 42:     0.010  0.099  0.891        1
 43:     0.090  0.012  0.899        1
 44:     0.067  0.009  0.923        1
 45:     0.005  0.007  0.988        1
 46:     0.002  0.004  0.993        1
 47:     0.011  0.010  0.978        1
 48:     0.110  0.010  0.880        1
 49:     0.007  0.013  0.980        1
 50:     0.003  0.003  0.994        1
 51:     0.001  0.018  0.981        1
 52:     0.007  0.004  0.990        1
 53:     0.010  0.009  0.981        1
 54:     0.009  0.014  0.976        1
 55:     0.002  0.007  0.990        1
 56:     0.007  0.007  0.987        1
 57:     0.003  0.011  0.986        1
 58:     0.002  0.003  0.995        1
 59:     0.005  0.004  0.991        1
 60:     0.044  0.036  0.920        1
 61:     0.090  0.007  0.903        1
 62:     0.005  0.007  0.988        1
 63:     0.036  0.016  0.948        1
 64:     0.013  0.002  0.985        1
 65:     0.005  0.006  0.989        1
 66:     0.040  0.047  0.913        1
 67:     0.005  0.008  0.987        1
 68:     0.003  0.006  0.991        1
 69:     0.002  0.016  0.982        1
 70:     0.008  0.010  0.982        1
 71:     0.003  0.011  0.985        1
 72:     0.002  0.008  0.990        1
 73:     0.007  0.008  0.985        1
 74:     0.020  0.027  0.953        1
 75:     0.008  0.007  0.986        1
 76:     0.011  0.042  0.946        1
 77:     0.004  0.004  0.992        1
 78:     0.009  0.011  0.980        1
 79:     0.019  0.040  0.941        1
 80:     0.007  0.035  0.959        1
 81:     0.005  0.004  0.992        1
 82:     0.006  0.055  0.940        1
 83:     0.008  0.005  0.987        1
 84:     0.008  0.025  0.967        1
 85:     0.004  0.004  0.992        1
 86:     0.012  0.010  0.978        1
 87:     0.003  0.004  0.993        1
 88:     0.015  0.020  0.966        1
 89:     0.003  0.010  0.987        1
 90:     0.005  0.007  0.988        1
 91:     0.007  0.077  0.917        1
 92:     0.012  0.009  0.978        1
 93:     0.005  0.004  0.991        1
 94:     0.006  0.008  0.986        1
 95:     0.006  0.010  0.984        1
 96:     0.003  0.011  0.986        1
 97:     0.003  0.991  0.006        1
 98:     0.003  0.994  0.003        1
 99:     0.016  0.981  0.003        1
100:     0.003  0.985  0.012        1
101:     0.002  0.996  0.002        1
102:     0.003  0.994  0.003        1
103:     0.003  0.995  0.002        1
104:     0.004  0.994  0.002        1
105:     0.003  0.994  0.003        1
106:     0.005  0.990  0.004        1
107:     0.008  0.981  0.011        1
108:     0.007  0.991  0.002        1
109:     0.018  0.980  0.003        1
110:     0.003  0.993  0.004        1
111:     0.004  0.990  0.006        1
112:     0.043  0.954  0.003        1
113:     0.002  0.993  0.006        1
114:     0.004  0.993  0.003        1
115:     0.006  0.990  0.004        1
116:     0.004  0.993  0.003        1
117:     0.003  0.985  0.011        1
118:     0.004  0.992  0.003        1
119:     0.019  0.975  0.006        1
120:     0.003  0.995  0.002        1
121:     0.005  0.993  0.002        1
122:     0.005  0.993  0.002        1
123:     0.002  0.996  0.001        1
124:     0.003  0.994  0.003        1
125:     0.006  0.991  0.003        1
126:     0.004  0.992  0.004        1
127:     0.003  0.995  0.002        1
128:     0.004  0.991  0.005        1
129:     0.004  0.991  0.005        1
130:     0.006  0.988  0.005        1
131:     0.009  0.980  0.011        1
132:     0.013  0.983  0.004        1
133:     0.006  0.991  0.003        1
134:     0.033  0.963  0.004        1
135:     0.034  0.955  0.011        1
136:     0.003  0.988  0.010        1
137:     0.002  0.995  0.003        1
138:     0.002  0.997  0.001        1
139:     0.004  0.995  0.001        1
140:     0.005  0.990  0.005        1
141:     0.005  0.981  0.014        1
142:     0.003  0.995  0.002        1
143:     0.007  0.986  0.007        1
144:     0.003  0.991  0.006        1
145:     0.012  0.984  0.004        1
146:     0.003  0.996  0.001        1
147:     0.019  0.979  0.002        1
148:     0.003  0.995  0.001        1
149:     0.005  0.984  0.010        1
150:     0.014  0.981  0.005        1
151:     0.002  0.995  0.003        1
152:     0.010  0.982  0.008        1
153:     0.004  0.962  0.034        1
154:     0.008  0.975  0.016        1
155:     0.003  0.990  0.007        1
156:     0.002  0.991  0.007        1
157:     0.020  0.974  0.007        1
158:     0.007  0.976  0.017        1
159:     0.005  0.991  0.004        1
160:     0.020  0.975  0.005        1
161:     0.007  0.984  0.009        1
162:     0.002  0.983  0.015        1
163:     0.032  0.953  0.015        1
164:     0.003  0.992  0.005        1
165:     0.013  0.981  0.006        1
166:     0.009  0.936  0.055        1
167:     0.004  0.994  0.003        1
168:     0.009  0.987  0.003        1
169:     0.003  0.993  0.004        1
170:     0.002  0.990  0.008        1
171:     0.003  0.993  0.004        1
172:     0.003  0.981  0.015        1
173:     0.015  0.968  0.016        1
174:     0.002  0.996  0.002        1
175:     0.009  0.989  0.002        1
176:     0.004  0.995  0.001        1
177:     0.030  0.966  0.003        1
178:     0.003  0.992  0.005        1
179:     0.003  0.991  0.006        1
180:     0.003  0.993  0.004        1
181:     0.003  0.996  0.002        1
182:     0.011  0.979  0.011        1
183:     0.007  0.980  0.013        1
184:     0.006  0.987  0.007        1
185:     0.009  0.989  0.003        1
186:     0.002  0.995  0.003        1
187:     0.009  0.989  0.002        1
188:     0.002  0.996  0.002        1
189:     0.006  0.991  0.003        1
190:     0.002  0.988  0.009        1
191:     0.003  0.990  0.006        1
192:     0.003  0.993  0.004        1
193:     0.003  0.991  0.007        1
194:     0.005  0.973  0.022        1
195:     0.001  0.997  0.001        1
196:     0.014  0.983  0.003        1
197:     0.009  0.986  0.005        1
198:     0.006  0.992  0.001        1
199:     0.003  0.990  0.007        1
200:     0.007  0.827  0.166        1
201:     0.002  0.896  0.102        1
202:     0.002  0.995  0.003        1
203:     0.006  0.988  0.006        1
204:     0.006  0.945  0.049        1
205:     0.003  0.920  0.077        1
206:     0.002  0.873  0.125        1
207:     0.006  0.940  0.054        1
208:     0.004  0.957  0.039        1
209:     0.007  0.938  0.055        1
210:     0.001  0.994  0.004        1
211:     0.003  0.974  0.023        1
212:     0.009  0.858  0.134        1
213:     0.010  0.973  0.017        1
214:     0.005  0.936  0.059        1
215:     0.004  0.979  0.016        1
216:     0.005  0.989  0.006        1
217:     0.004  0.973  0.023        1
218:     0.002  0.978  0.020        1
219:     0.013  0.952  0.034        1
220:     0.003  0.992  0.005        1
221:     0.007  0.990  0.003        1
222:     0.006  0.983  0.011        1
223:     0.004  0.933  0.062        1
224:     0.004  0.985  0.011        1
225:     0.004  0.994  0.002        1
226:     0.001  0.773  0.226        1
227:     0.005  0.993  0.003        1
228:     0.001  0.965  0.033        1
229:     0.009  0.770  0.221        1
230:     0.002  0.841  0.157        1
231:     0.007  0.984  0.009        1
232:     0.008  0.980  0.012        1
233:     0.006  0.984  0.010        1
234:     0.004  0.939  0.056        1
235:     0.022  0.972  0.006        1
236:     0.002  0.989  0.009        1
237:     0.004  0.869  0.127        1
238:     0.001  0.982  0.017        1
239:     0.003  0.956  0.041        1
240:     0.005  0.982  0.013        1
241:     0.013  0.983  0.004        1
242:     0.006  0.977  0.018        1
243:     0.005  0.990  0.005        1
244:     0.003  0.938  0.059        1
245:     0.040  0.953  0.007        1
246:     0.008  0.984  0.008        1
247:     0.005  0.958  0.037        1
248:     0.004  0.940  0.056        1
249:     0.010  0.980  0.010        1
250:     0.005  0.960  0.035        1
251:     0.002  0.991  0.007        1
252:     0.002  0.991  0.007        1
253:     0.004  0.974  0.023        1
254:     0.001  0.998  0.001        1
255:     0.004  0.833  0.163        1
256:     0.015  0.973  0.012        1
257:     0.006  0.982  0.013        1
258:     0.018  0.974  0.008        1
259:     0.007  0.987  0.007        1
260:     0.024  0.962  0.014        1
261:     0.041  0.898  0.061        1
262:     0.006  0.952  0.042        1
263:     0.017  0.924  0.059        1
264:     0.002  0.977  0.020        1
265:     0.006  0.987  0.007        1
266:     0.047  0.939  0.014        1
267:     0.005  0.988  0.007        1
268:     0.004  0.924  0.072        1
269:     0.002  0.993  0.004        1
270:     0.006  0.989  0.005        1
271:     0.003  0.880  0.117        1
272:     0.002  0.982  0.016        1
273:     0.003  0.986  0.011        1
274:     0.003  0.988  0.010        1
275:     0.011  0.964  0.025        1
276:     0.030  0.962  0.008        1
277:     0.010  0.876  0.114        1
278:     0.003  0.992  0.005        1
279:     0.004  0.976  0.020        1
280:     0.007  0.986  0.007        1
281:     0.002  0.996  0.002        1
282:     0.008  0.007  0.986        1
283:     0.005  0.002  0.994        1
284:     0.006  0.030  0.964        1
285:     0.007  0.017  0.977        1
286:     0.014  0.003  0.983        1
287:     0.007  0.008  0.986        1
288:     0.008  0.029  0.963        1
289:     0.003  0.001  0.996        1
290:     0.004  0.010  0.986        1
291:     0.009  0.002  0.989        1
292:     0.007  0.007  0.986        1
293:     0.002  0.020  0.977        1
294:     0.003  0.010  0.987        1
295:     0.002  0.006  0.992        1
296:     0.005  0.007  0.987        1
297:     0.003  0.003  0.994        1
298:     0.009  0.003  0.988        1
299:     0.005  0.005  0.990        1
300:     0.005  0.004  0.991        1
301:     0.003  0.005  0.992        1
302:     0.014  0.007  0.979        1
303:     0.004  0.008  0.988        1
304:     0.026  0.011  0.962        1
305:     0.001  0.019  0.980        1
306:     0.007  0.013  0.980        1
307:     0.007  0.010  0.983        1
308:     0.012  0.023  0.965        1
309:     0.003  0.012  0.984        1
310:     0.013  0.007  0.980        1
311:     0.014  0.009  0.977        1
312:     0.001  0.002  0.997        1
313:     0.005  0.074  0.920        1
314:     0.015  0.006  0.979        1
315:     0.004  0.002  0.994        1
316:     0.036  0.039  0.925        1
317:     0.005  0.005  0.990        1
318:     0.004  0.011  0.985        1
319:     0.004  0.042  0.954        1
320:     0.021  0.006  0.973        1
321:     0.006  0.004  0.991        1
322:     0.002  0.002  0.996        1
323:     0.002  0.012  0.985        1
324:     0.017  0.979  0.003        1
325:     0.356  0.598  0.046        1
326:     0.007  0.990  0.003        1
327:     0.017  0.022  0.962        1
328:     0.003  0.002  0.994        1
329:     0.006  0.007  0.987        1
330:     0.002  0.004  0.994        1
331:     0.002  0.012  0.986        1
332:     0.001  0.004  0.995        1
333:     0.003  0.005  0.993        1
334:     0.011  0.021  0.968        1
335:     0.003  0.005  0.992        1
336:     0.003  0.003  0.994        1
337:     0.002  0.016  0.982        1
338:     0.011  0.011  0.978        1
339:     0.003  0.010  0.987        1
340:     0.003  0.012  0.986        1
341:     0.001  0.001  0.998        1
342:     0.002  0.006  0.992        1
343:     0.001  0.005  0.993        1
344:     0.005  0.011  0.985        1
345:     0.002  0.002  0.996        1
346:     0.004  0.005  0.991        1
347:     0.013  0.006  0.981        1
348:     0.004  0.005  0.990        1
349:     0.002  0.008  0.990        1
350:     0.012  0.002  0.986        1
351:     0.003  0.004  0.993        1
352:     0.005  0.003  0.991        1
353:     0.009  0.021  0.969        1
354:     0.004  0.007  0.988        1
355:     0.016  0.012  0.971        1
356:     0.002  0.006  0.993        1
357:     0.005  0.007  0.988        1
358:     0.005  0.020  0.975        1
359:     0.006  0.007  0.987        1
360:     0.003  0.002  0.995        1
361:     0.008  0.009  0.983        1
362:     0.169  0.816  0.015        1
363:     0.024  0.743  0.233        1
364:     0.012  0.954  0.034        1
365:     0.024  0.877  0.099        1
366:     0.003  0.009  0.988        1
367:     0.005  0.018  0.977        1
368:     0.007  0.006  0.987        1
369:     0.008  0.011  0.982        1
370:     0.002  0.006  0.993        1
371:     0.030  0.035  0.935        1
372:     0.004  0.002  0.994        1
373:     0.004  0.005  0.991        1
374:     0.001  0.003  0.996        1
375:     0.006  0.014  0.980        1
376:     0.005  0.010  0.985        1
377:     0.005  0.003  0.992        1
378:     0.003  0.002  0.995        1
379:     0.002  0.004  0.993        1
380:     0.004  0.005  0.991        1
381:     0.041  0.008  0.951        1
382:     0.006  0.003  0.992        1
383:     0.003  0.002  0.995        1
384:     0.017  0.006  0.977        1
385:     0.060  0.003  0.936        1
386:     0.002  0.008  0.989        1
387:     0.007  0.009  0.984        1
388:     0.010  0.008  0.982        1
389:     0.007  0.003  0.990        1
390:     0.011  0.008  0.980        1
391:     0.005  0.005  0.990        1
392:     0.002  0.003  0.995        1
393:     0.001  0.003  0.995        1
394:     0.059  0.915  0.026        1
395:     0.005  0.953  0.042        1
396:     0.130  0.843  0.027        1
397:     0.007  0.974  0.019        1
398:     0.037  0.960  0.003        1
399:     0.005  0.991  0.004        1
400:     0.055  0.867  0.078        1
401:     0.048  0.930  0.022        1
402:     0.005  0.946  0.049        1
403:     0.002  0.012  0.987        1
404:     0.020  0.046  0.934        1
405:     0.003  0.009  0.988        1
406:     0.003  0.003  0.993        1
407:     0.006  0.002  0.992        1
408:     0.070  0.019  0.912        1
409:     0.003  0.005  0.992        1
410:     0.002  0.002  0.996        1
411:     0.009  0.007  0.984        1
412:     0.011  0.011  0.978        1
413:     0.002  0.004  0.993        1
414:     0.004  0.002  0.994        1
415:     0.005  0.010  0.984        1
416:     0.002  0.002  0.995        1
417:     0.009  0.017  0.974        1
418:     0.010  0.988  0.002        1
419:     0.008  0.747  0.245        1
420:     0.414  0.571  0.015        1
421:     0.069  0.925  0.007        1
422:     0.145  0.846  0.009        1
423:     0.024  0.867  0.109        1
424:     0.197  0.784  0.019        1
425:     0.002  0.833  0.165        1
426:     0.021  0.966  0.012        1
427:     0.021  0.970  0.009        1
428:     0.237  0.761  0.002        1
429:     0.018  0.854  0.128        1
430:     0.015  0.820  0.165        1
431:     0.012  0.986  0.002        1
432:     0.068  0.924  0.007        1
433:     0.025  0.799  0.176        1
434:     0.010  0.951  0.040        1
435:     0.040  0.690  0.270        1
436:     0.008  0.973  0.019        1
437:     0.015  0.978  0.007        1
438:     0.002  0.993  0.005        1
439:     0.007  0.830  0.162        1
440:     0.011  0.602  0.387        1
441:     0.206  0.791  0.002        1
442:     0.011  0.966  0.023        1
443:     0.021  0.850  0.130        1
444:     0.086  0.907  0.006        1
445:     0.011  0.983  0.006        1
446:     0.104  0.884  0.012        1
447:     0.015  0.908  0.078        1
448:     0.129  0.866  0.005        1
449:     0.012  0.892  0.096        1
450:     0.070  0.911  0.019        1
451:     0.301  0.693  0.007        1
452:     0.636  0.360  0.004        1
453:     0.007  0.986  0.008        1
454:     0.021  0.973  0.007        1
455:     0.052  0.943  0.005        1
456:     0.729  0.261  0.011        1
457:     0.005  0.745  0.250        1
458:     0.006  0.824  0.170        1
459:     0.004  0.990  0.005        1
460:     0.120  0.762  0.119        1
461:     0.011  0.748  0.242        1
462:     0.010  0.708  0.282        1
463:     0.150  0.699  0.152        1
464:     0.021  0.966  0.013        1
465:     0.009  0.947  0.044        1
466:     0.007  0.964  0.029        1
467:     0.231  0.762  0.007        1
468:     0.002  0.639  0.359        1
469:     0.007  0.988  0.005        1
470:     0.404  0.390  0.206        1
471:     0.051  0.722  0.227        1
472:     0.048  0.915  0.037        1
473:     0.017  0.762  0.221        1
474:     0.166  0.783  0.051        1
475:     0.003  0.992  0.005        1
476:     0.141  0.694  0.165        1
477:     0.012  0.879  0.109        1
478:     0.021  0.951  0.028        1
479:     0.010  0.919  0.071        1
480:     0.183  0.815  0.003        1
481:     0.015  0.931  0.055        1
482:     0.148  0.709  0.143        1
483:     0.022  0.753  0.225        1
484:     0.046  0.951  0.003        1
485:     0.067  0.928  0.005        1
486:     0.026  0.876  0.098        1
487:     0.029  0.968  0.003        1
488:     0.097  0.896  0.007        1
489:     0.034  0.960  0.006        1
490:     0.008  0.673  0.319        1
491:     0.246  0.749  0.005        1
492:     0.113  0.885  0.003        1
493:     0.032  0.468  0.500        1
494:     0.027  0.807  0.166        1
495:     0.209  0.779  0.012        1
496:     0.015  0.954  0.032        1
497:     0.019  0.928  0.053        1
498:     0.005  0.991  0.005        1
499:     0.471  0.522  0.008        1
500:     0.850  0.149  0.002        1
501:     0.336  0.660  0.004        1
502:     0.009  0.980  0.011        1
503:     0.002  0.898  0.100        1
504:     0.003  0.850  0.147        1
505:     0.007  0.987  0.006        1
506:     0.024  0.831  0.145        1
507:     0.044  0.840  0.116        1
508:     0.067  0.911  0.022        1
509:     0.012  0.986  0.002        1
510:     0.134  0.458  0.408        1
511:     0.008  0.900  0.092        1
512:     0.002  0.963  0.035        1
513:     0.336  0.452  0.213        1
514:     0.002  0.987  0.011        1
515:     0.132  0.803  0.066        1
516:     0.035  0.955  0.010        1
517:     0.005  0.984  0.011        1
518:     0.007  0.980  0.013        1
519:     0.384  0.610  0.006        1
520:     0.048  0.948  0.004        1
521:     0.072  0.925  0.002        1
522:     0.309  0.680  0.011        1
523:     0.277  0.715  0.008        1
524:     0.015  0.972  0.013        1
525:     0.004  0.961  0.035        1
526:     0.012  0.922  0.066        1
527:     0.192  0.801  0.007        1
528:     0.075  0.920  0.004        1
529:     0.003  0.994  0.003        1
530:     0.002  0.416  0.583        1
531:     0.306  0.454  0.240        1
532:     0.007  0.918  0.075        1
533:     0.006  0.766  0.228        1
534:     0.003  0.563  0.433        1
535:     0.024  0.852  0.124        1
536:     0.019  0.906  0.075        1
537:     0.006  0.747  0.248        1
538:     0.011  0.771  0.218        1
539:     0.082  0.702  0.216        1
540:     0.003  0.819  0.177        1
541:     0.051  0.943  0.007        1
542:     0.002  0.767  0.231        1
543:     0.003  0.779  0.217        1
544:     0.260  0.450  0.290        1
545:     0.025  0.607  0.369        1
546:     0.073  0.851  0.075        1
547:     0.011  0.444  0.545        1
548:     0.062  0.709  0.229        1
549:     0.004  0.705  0.291        1
550:     0.134  0.594  0.273        1
551:     0.004  0.712  0.283        1
552:     0.004  0.970  0.027        1
553:     0.004  0.867  0.129        1
554:     0.063  0.887  0.049        1
555:     0.005  0.988  0.007        1
556:     0.456  0.516  0.029        1
557:     0.390  0.607  0.003        1
558:     0.050  0.942  0.008        1
559:     0.001  0.861  0.138        1
560:     0.228  0.742  0.031        1
561:     0.006  0.923  0.071        1
562:     0.255  0.633  0.113        1
563:     0.223  0.583  0.194        1
564:     0.046  0.921  0.033        1
565:     0.071  0.920  0.009        1
566:     0.028  0.704  0.268        1
567:     0.179  0.565  0.256        1
568:     0.156  0.834  0.010        1
569:     0.003  0.898  0.099        1
570:     0.033  0.687  0.281        1
571:     0.009  0.988  0.003        1
572:     0.011  0.984  0.005        1
573:     0.121  0.869  0.010        1
574:     0.012  0.639  0.349        1
575:     0.005  0.557  0.438        1
576:     0.291  0.613  0.096        1
577:     0.095  0.887  0.019        1
578:     0.011  0.890  0.100        1
579:     0.001  0.721  0.278        1
580:     0.023  0.794  0.184        1
581:     0.039  0.535  0.426        1
582:     0.134  0.510  0.355        1
583:     0.322  0.602  0.076        1
584:     0.004  0.946  0.050        1
585:     0.003  0.986  0.011        1
586:     0.008  0.986  0.005        1
587:     0.185  0.798  0.016        1
588:     0.452  0.473  0.075        1
589:     0.010  0.983  0.007        1
590:     0.090  0.780  0.130        1
591:     0.011  0.986  0.002        1
592:     0.012  0.848  0.140        1
593:     0.003  0.990  0.007        1
594:     0.493  0.366  0.140        1
595:     0.187  0.756  0.057        1
596:     0.015  0.967  0.019        1
597:     0.013  0.963  0.024        1
598:     0.010  0.970  0.020        1
599:     0.004  0.990  0.006        1
600:     0.010  0.985  0.005        1
601:     0.003  0.994  0.003        1
602:     0.003  0.995  0.002        1
603:     0.003  0.996  0.002        1
604:     0.003  0.995  0.002        1
605:     0.003  0.994  0.003        1
606:     0.002  0.995  0.003        1
607:     0.002  0.996  0.002        1
608:     0.004  0.992  0.004        1
609:     0.004  0.995  0.001        1
610:     0.004  0.993  0.003        1
611:     0.001  0.996  0.003        1
612:     0.011  0.972  0.017        1
613:     0.016  0.979  0.004        1
614:     0.005  0.992  0.003        1
615:     0.001  0.996  0.003        1
616:     0.011  0.985  0.004        1
617:     0.002  0.997  0.001        1
618:     0.010  0.986  0.004        1
619:     0.003  0.994  0.003        1
620:     0.025  0.960  0.015        1
621:     0.004  0.994  0.002        1
622:     0.005  0.834  0.161        1
623:     0.411  0.571  0.018        1
624:     0.364  0.625  0.012        1
625:     0.016  0.479  0.506        1
626:     0.006  0.935  0.059        1
627:     0.006  0.718  0.275        1
628:     0.002  0.560  0.438        1
629:     0.008  0.703  0.288        1
630:     0.002  0.539  0.458        1
631:     0.017  0.795  0.188        1
632:     0.019  0.862  0.119        1
633:     0.026  0.661  0.313        1
634:     0.007  0.964  0.029        1
635:     0.037  0.050  0.913        1
636:     0.003  0.005  0.992        1
637:     0.012  0.003  0.985        1
638:     0.010  0.002  0.988        1
639:     0.017  0.009  0.973        1
640:     0.002  0.002  0.996        1
641:     0.013  0.985  0.002        1
642:     0.028  0.970  0.002        1
643:     0.030  0.966  0.005        1
644:     0.003  0.995  0.002        1
645:     0.012  0.980  0.008        1
646:     0.005  0.994  0.001        1
647:     0.005  0.992  0.003        1
648:     0.009  0.989  0.002        1
649:     0.009  0.990  0.002        1
650:     0.055  0.939  0.006        1
651:     0.005  0.988  0.007        1
652:     0.005  0.993  0.002        1
653:     0.001  0.998  0.001        1
654:     0.004  0.992  0.004        1
655:     0.005  0.990  0.005        1
656:     0.008  0.991  0.002        1
657:     0.004  0.992  0.004        1
658:     0.007  0.960  0.033        1
659:     0.190  0.801  0.009        1
660:     0.022  0.975  0.003        1
661:     0.007  0.992  0.001        1
662:     0.005  0.993  0.002        1
663:     0.008  0.989  0.002        1
664:     0.013  0.971  0.016        1
665:     0.016  0.980  0.004        1
666:     0.011  0.980  0.009        1
667:     0.003  0.968  0.030        1
668:     0.002  0.996  0.002        1
669:     0.001  0.996  0.002        1
670:     0.002  0.993  0.005        1
671:     0.003  0.995  0.002        1
672:     0.007  0.985  0.008        1
673:     0.020  0.975  0.005        1
674:     0.002  0.994  0.004        1
675:     0.008  0.991  0.002        1
676:     0.014  0.976  0.010        1
677:     0.008  0.986  0.006        1
678:     0.078  0.917  0.005        1
679:     0.006  0.992  0.002        1
680:     0.014  0.984  0.002        1
681:     0.001  0.995  0.004        1
682:     0.006  0.990  0.005        1
683:     0.010  0.986  0.004        1
684:     0.003  0.992  0.005        1
685:     0.010  0.984  0.006        1
686:     0.013  0.983  0.004        1
687:     0.028  0.965  0.008        1
688:     0.021  0.941  0.038        1
689:     0.023  0.975  0.002        1
690:     0.029  0.965  0.006        1
691:     0.003  0.987  0.010        1
692:     0.002  0.991  0.006        1
693:     0.007  0.990  0.003        1
694:     0.004  0.991  0.005        1
695:     0.002  0.993  0.004        1
696:     0.022  0.974  0.004        1
697:     0.005  0.991  0.004        1
698:     0.006  0.990  0.003        1
699:     0.012  0.981  0.007        1
700:     0.003  0.992  0.005        1
701:     0.007  0.988  0.005        1
702:     0.005  0.991  0.004        1
703:     0.012  0.983  0.005        1
704:     0.004  0.993  0.003        1
705:     0.004  0.994  0.002        1
706:     0.012  0.986  0.002        1
707:     0.022  0.975  0.003        1
708:     0.015  0.983  0.003        1
709:     0.002  0.989  0.009        1
710:     0.058  0.939  0.004        1
711:     0.002  0.993  0.006        1
712:     0.008  0.991  0.001        1
713:     0.008  0.989  0.003        1
714:     0.006  0.009  0.985        1
715:     0.009  0.008  0.983        1
716:     0.009  0.008  0.983        1
717:     0.026  0.003  0.971        1
718:     0.008  0.023  0.969        1
719:     0.002  0.002  0.996        1
720:     0.004  0.003  0.994        1
721:     0.009  0.010  0.982        1
722:     0.017  0.020  0.963        1
723:     0.002  0.002  0.996        1
724:     0.003  0.008  0.989        1
725:     0.008  0.015  0.977        1
726:     0.002  0.005  0.993        1
727:     0.028  0.012  0.960        1
728:     0.012  0.003  0.984        1
729:     0.086  0.010  0.905        1
730:     0.006  0.003  0.991        1
731:     0.003  0.025  0.972        1
732:     0.003  0.003  0.993        1
733:     0.006  0.005  0.989        1
734:     0.001  0.003  0.995        1
735:     0.016  0.019  0.964        1
736:     0.004  0.003  0.993        1
737:     0.003  0.004  0.992        1
738:     0.002  0.032  0.966        1
739:     0.012  0.022  0.966        1
740:     0.007  0.006  0.987        1
741:     0.003  0.004  0.993        1
742:     0.046  0.011  0.943        1
743:     0.013  0.009  0.979        1
744:     0.012  0.014  0.974        1
745:     0.002  0.016  0.982        1
746:     0.003  0.021  0.976        1
747:     0.007  0.003  0.990        1
748:     0.004  0.045  0.951        1
749:     0.005  0.004  0.991        1
750:     0.017  0.013  0.970        1
751:     0.018  0.014  0.968        1
752:     0.012  0.011  0.977        1
753:     0.002  0.014  0.984        1
754:     0.004  0.005  0.991        1
755:     0.003  0.004  0.993        1
756:     0.005  0.007  0.988        1
757:     0.009  0.004  0.988        1
758:     0.006  0.022  0.972        1
759:     0.011  0.012  0.978        1
760:     0.005  0.010  0.985        1
761:     0.034  0.019  0.947        1
762:     0.007  0.006  0.987        1
763:     0.005  0.004  0.990        1
764:     0.022  0.009  0.970        1
765:     0.008  0.007  0.985        1
766:     0.022  0.016  0.962        1
767:     0.003  0.008  0.989        1
768:     0.004  0.010  0.987        1
769:     0.008  0.040  0.952        1
770:     0.817  0.181  0.002        1
771:     0.542  0.346  0.111        1
772:     0.881  0.094  0.025        1
773:     0.492  0.493  0.015        1
774:     0.860  0.139  0.001        1
775:     0.567  0.423  0.010        1
776:     0.986  0.010  0.005        1
777:     0.992  0.004  0.004        1
778:     0.009  0.505  0.485        1
779:     0.007  0.352  0.641        1
780:     0.795  0.173  0.032        1
781:     0.991  0.007  0.002        1
782:     0.859  0.113  0.028        1
783:     0.682  0.297  0.020        1
784:     0.991  0.004  0.005        1
785:     0.002  0.477  0.521        1
786:     0.003  0.672  0.326        1
787:     0.004  0.262  0.735        1
788:     0.019  0.381  0.600        1
789:     0.008  0.314  0.678        1
790:     0.218  0.411  0.371        1
791:     0.063  0.204  0.733        1
792:     0.002  0.450  0.547        1
793:     0.005  0.485  0.510        1
794:     0.181  0.424  0.394        1
795:     0.004  0.533  0.463        1
796:     0.006  0.355  0.639        1
797:     0.002  0.374  0.624        1
798:     0.014  0.685  0.301        1
799:     0.016  0.400  0.585        1
800:     0.129  0.416  0.455        1
801:     0.043  0.056  0.901        1
802:     0.014  0.404  0.582        1
803:     0.164  0.438  0.398        1
804:     0.011  0.329  0.659        1
805:     0.004  0.276  0.720        1
806:     0.002  0.358  0.639        1
807:     0.007  0.405  0.588        1
808:     0.002  0.360  0.638        1
809:     0.997  0.002  0.001        1
810:     0.997  0.002  0.001        1
811:     0.005  0.317  0.678        1
812:     0.463  0.306  0.230        1
813:     0.028  0.690  0.281        1
814:     0.006  0.274  0.719        1
815:     0.006  0.483  0.511        1
816:     0.250  0.491  0.259        1
817:     0.003  0.415  0.581        1
818:     0.007  0.370  0.623        1
819:     0.004  0.503  0.493        1
820:     0.006  0.521  0.473        1
821:     0.002  0.584  0.414        1
822:     0.012  0.643  0.345        1
823:     0.003  0.301  0.696        1
824:     0.875  0.112  0.013        1
825:     0.857  0.138  0.005        1
826:     0.318  0.679  0.003        1
827:     0.538  0.319  0.143        1
828:     0.836  0.047  0.118        1
829:     0.003  0.489  0.508        1
830:     0.008  0.278  0.714        1
831:     0.003  0.391  0.606        1
832:     0.001  0.402  0.596        1
833:     0.019  0.220  0.761        1
834:     0.286  0.407  0.306        1
835:     0.003  0.307  0.690        1
836:     0.971  0.016  0.014        1
837:     0.641  0.350  0.009        1
838:     0.993  0.005  0.002        1
839:     0.991  0.006  0.003        1
840:     0.990  0.006  0.004        1
841:     0.024  0.010  0.966        1
842:     0.005  0.009  0.986        1
843:     0.004  0.017  0.979        1
844:     0.021  0.011  0.968        1
845:     0.007  0.024  0.969        1
846:     0.003  0.003  0.994        1
847:     0.013  0.101  0.886        1
848:     0.029  0.017  0.953        1
849:     0.006  0.014  0.979        1
850:     0.009  0.009  0.982        1
851:     0.003  0.011  0.986        1
852:     0.004  0.010  0.986        1
853:     0.003  0.009  0.988        1
854:     0.007  0.021  0.973        1
855:     0.007  0.050  0.943        1
856:     0.005  0.004  0.990        1
857:     0.036  0.004  0.960        1
858:     0.640  0.351  0.008        1
859:     0.912  0.081  0.008        1
860:     0.996  0.002  0.002        1
861:     0.948  0.042  0.011        1
862:     0.035  0.024  0.941        1
863:     0.024  0.035  0.940        1
864:     0.014  0.070  0.916        1
865:     0.009  0.070  0.921        1
866:     0.011  0.028  0.961        1
867:     0.010  0.023  0.967        1
868:     0.080  0.013  0.907        1
869:     0.031  0.011  0.958        1
870:     0.005  0.235  0.760        1
871:     0.005  0.011  0.984        1
872:     0.004  0.019  0.977        1
873:     0.008  0.011  0.981        1
874:     0.010  0.005  0.985        1
875:     0.006  0.004  0.990        1
876:     0.017  0.024  0.959        1
877:     0.007  0.025  0.968        1
878:     0.007  0.015  0.978        1
879:     0.008  0.010  0.982        1
880:     0.008  0.032  0.961        1
881:     0.005  0.007  0.987        1
882:     0.018  0.012  0.969        1
883:     0.014  0.446  0.540        1
884:     0.005  0.479  0.516        1
885:     0.997  0.002  0.001        1
886:     0.045  0.232  0.723        1
887:     0.003  0.383  0.614        1
888:     0.002  0.270  0.727        1
889:     0.923  0.039  0.037        1
890:     0.993  0.005  0.002        1
891:     0.990  0.007  0.003        1
892:     0.014  0.033  0.953        1
893:     0.003  0.003  0.995        1
894:     0.003  0.004  0.993        1
895:     0.007  0.031  0.962        1
896:     0.003  0.008  0.989        1
897:     0.006  0.003  0.991        1
898:     0.007  0.005  0.987        1
899:     0.072  0.049  0.879        1
900:     0.040  0.013  0.947        1
901:     0.034  0.033  0.933        1
902:     0.023  0.005  0.972        1
903:     0.005  0.010  0.985        1
904:     0.008  0.077  0.914        1
905:     0.002  0.004  0.994        1
906:     0.017  0.015  0.968        1
907:     0.013  0.032  0.955        1
908:     0.003  0.004  0.993        1
909:     0.842  0.043  0.115        1
910:     0.855  0.130  0.014        1
911:     0.020  0.556  0.424        1
912:     0.003  0.374  0.623        1
913:     0.005  0.288  0.707        1
914:     0.005  0.022  0.973        1
915:     0.004  0.006  0.989        1
916:     0.002  0.005  0.993        1
917:     0.002  0.002  0.996        1
918:     0.002  0.007  0.991        1
919:     0.005  0.012  0.983        1
920:     0.003  0.008  0.990        1
921:     0.005  0.008  0.987        1
922:     0.008  0.012  0.980        1
923:     0.006  0.003  0.991        1
924:     0.010  0.053  0.937        1
925:     0.005  0.002  0.993        1
926:     0.007  0.011  0.982        1
927:     0.002  0.003  0.995        1
928:     0.002  0.002  0.996        1
929:     0.005  0.005  0.991        1
930:     0.008  0.032  0.960        1
931:     0.003  0.007  0.990        1
932:     0.021  0.014  0.965        1
933:     0.002  0.002  0.996        1
934:     0.003  0.995  0.002        1
935:     0.011  0.985  0.004        1
936:     0.006  0.992  0.002        1
937:     0.012  0.985  0.003        1
938:     0.004  0.993  0.003        1
939:     0.003  0.995  0.001        1
940:     0.016  0.982  0.002        1
941:     0.012  0.971  0.017        1
942:     0.005  0.993  0.002        1
943:     0.003  0.994  0.003        1
944:     0.002  0.994  0.004        1
945:     0.019  0.976  0.005        1
946:     0.004  0.994  0.002        1
947:     0.038  0.958  0.004        1
948:     0.075  0.024  0.901        1
949:     0.003  0.768  0.229        1
950:     0.006  0.739  0.255        1
951:     0.994  0.003  0.003        1
952:     0.556  0.439  0.005        1
953:     0.005  0.216  0.779        1
954:     0.008  0.594  0.398        1
955:     0.006  0.369  0.625        1
956:     0.002  0.534  0.464        1
957:     0.013  0.430  0.557        1
958:     0.002  0.385  0.613        1
959:     0.003  0.234  0.763        1
960:     0.233  0.240  0.526        1
961:     0.006  0.244  0.750        1
962:     0.007  0.415  0.578        1
963:     0.007  0.284  0.709        1
964:     0.729  0.268  0.003        1
965:     0.906  0.092  0.002        1
966:     0.827  0.165  0.008        1
967:     0.838  0.160  0.002        1
968:     0.007  0.355  0.638        1
969:     0.010  0.463  0.527        1
970:     0.005  0.324  0.671        1
971:     0.003  0.433  0.564        1
972:     0.011  0.640  0.349        1
973:     0.005  0.491  0.504        1
974:     0.006  0.339  0.655        1
975:     0.015  0.596  0.389        1
976:     0.828  0.012  0.160        1
977:     0.991  0.005  0.003        1
978:     0.991  0.005  0.004        1
979:     0.004  0.558  0.439        1
980:     0.879  0.120  0.001        1
981:     0.996  0.002  0.002        1
982:     0.996  0.003  0.002        1
983:     0.986  0.010  0.005        1
984:     0.792  0.060  0.148        1
985:     0.993  0.004  0.003        1
986:     0.996  0.002  0.002        1
987:     0.843  0.152  0.005        1
988:     0.991  0.007  0.002        1
989:     0.592  0.391  0.016        1
990:     0.995  0.003  0.002        1
991:     0.976  0.012  0.011        1
992:     0.737  0.253  0.010        1
993:     0.004  0.523  0.473        1
994:     0.004  0.453  0.543        1
995:     0.002  0.011  0.987        1
996:     0.007  0.010  0.983        1
997:     0.003  0.007  0.990        1
998:     0.004  0.005  0.991        1
999:     0.002  0.002  0.996        1
1000:     0.004  0.004  0.992        1
1001:     0.007  0.005  0.988        1
1002:     0.004  0.006  0.990        1
1003:     0.008  0.008  0.984        1
1004:     0.009  0.036  0.955        1
1005:     0.003  0.004  0.993        1
1006:     0.017  0.005  0.978        1
1007:     0.003  0.005  0.993        1
1008:     0.004  0.005  0.991        1
1009:     0.002  0.004  0.994        1
1010:     0.006  0.005  0.989        1
1011:     0.040  0.005  0.956        1
1012:     0.032  0.048  0.920        1
1013:     0.002  0.012  0.986        1
1014:     0.024  0.066  0.910        1
1015:     0.017  0.019  0.964        1
1016:     0.014  0.006  0.980        1
1017:     0.055  0.024  0.921        1
1018:     0.004  0.016  0.980        1
1019:     0.028  0.004  0.968        1
1020:     0.006  0.004  0.990        1
1021:     0.053  0.019  0.928        1
1022:     0.003  0.046  0.950        1
1023:     0.015  0.008  0.978        1
1024:     0.005  0.011  0.984        1
1025:     0.003  0.007  0.990        1
1026:     0.006  0.003  0.991        1
1027:     0.008  0.013  0.980        1
1028:     0.015  0.032  0.953        1
1029:     0.005  0.004  0.991        1
1030:     0.996  0.002  0.002        1
1031:     0.652  0.332  0.016        1
