

----------------------------------------------------
STRUCTURE by Pritchard, Stephens and Donnelly (2000)
     and Falush, Stephens and Pritchard (2003)
       Code by Pritchard, Falush and Hubisz
             Version 2.3.4 (Jul 2012)
----------------------------------------------------



Command line arguments:   structure -K 3 -L 574 -N 2600 -i ./TEST.recode.strct_in -D 98760 -o ./TEST_structureOUT/K3_8 
Input File:    ./TEST.recode.strct_in

Run parameters:
   2600 individuals
   574 loci
   3 populations assumed
   1000 Burn-in period
   3000 Reps


--------------------------------------------
Proportion of membership of each pre-defined
 population in each of the 3 clusters

Given    Inferred Clusters       Number of
 Pop       1      2      3      Individuals

  1:     0.007  0.988  0.005        1
  2:     0.005  0.964  0.031        1
  3:     0.010  0.986  0.005        1
  4:     0.006  0.987  0.007        1
  5:     0.003  0.935  0.062        1
  6:     0.015  0.974  0.011        1
  7:     0.002  0.990  0.008        1
  8:     0.004  0.993  0.003        1
  9:     0.002  0.997  0.001        1
 10:     0.007  0.971  0.022        1
 11:     0.010  0.983  0.007        1
 12:     0.005  0.984  0.010        1
 13:     0.009  0.965  0.026        1
 14:     0.005  0.986  0.009        1
 15:     0.007  0.966  0.027        1
 16:     0.001  0.996  0.003        1
 17:     0.006  0.975  0.019        1
 18:     0.006  0.991  0.003        1
 19:     0.003  0.992  0.004        1
 20:     0.014  0.979  0.007        1
 21:     0.023  0.968  0.009        1
 22:     0.006  0.978  0.017        1
 23:     0.005  0.989  0.006        1
 24:     0.011  0.969  0.020        1
 25:     0.005  0.990  0.005        1
 26:     0.002  0.996  0.002        1
 27:     0.003  0.994  0.003        1
 28:     0.005  0.927  0.069        1
 29:     0.007  0.981  0.012        1
 30:     0.043  0.946  0.012        1
 31:     0.003  0.995  0.002        1
 32:     0.006  0.985  0.009        1
 33:     0.025  0.959  0.016        1
 34:     0.012  0.973  0.016        1
 35:     0.005  0.983  0.011        1
 36:     0.029  0.958  0.013        1
 37:     0.002  0.992  0.005        1
 38:     0.012  0.980  0.008        1
 39:     0.003  0.993  0.004        1
 40:     0.002  0.996  0.002        1
 41:     0.023  0.952  0.024        1
 42:     0.008  0.883  0.109        1
 43:     0.087  0.897  0.015        1
 44:     0.063  0.930  0.007        1
 45:     0.003  0.992  0.005        1
 46:     0.003  0.987  0.010        1
 47:     0.006  0.977  0.016        1
 48:     0.065  0.926  0.009        1
 49:     0.007  0.984  0.010        1
 50:     0.003  0.995  0.002        1
 51:     0.002  0.964  0.034        1
 52:     0.007  0.991  0.003        1
 53:     0.017  0.975  0.008        1
 54:     0.009  0.983  0.008        1
 55:     0.004  0.989  0.007        1
 56:     0.003  0.991  0.006        1
 57:     0.006  0.986  0.008        1
 58:     0.004  0.993  0.003        1
 59:     0.009  0.986  0.005        1
 60:     0.052  0.895  0.053        1
 61:     0.070  0.913  0.017        1
 62:     0.004  0.991  0.005        1
 63:     0.048  0.934  0.018        1
 64:     0.009  0.988  0.002        1
 65:     0.002  0.989  0.008        1
 66:     0.023  0.902  0.075        1
 67:     0.004  0.992  0.004        1
 68:     0.003  0.992  0.004        1
 69:     0.003  0.981  0.016        1
 70:     0.005  0.986  0.010        1
 71:     0.006  0.974  0.020        1
 72:     0.003  0.988  0.009        1
 73:     0.016  0.977  0.007        1
 74:     0.011  0.939  0.050        1
 75:     0.006  0.986  0.008        1
 76:     0.007  0.937  0.056        1
 77:     0.012  0.985  0.003        1
 78:     0.004  0.985  0.011        1
 79:     0.031  0.950  0.019        1
 80:     0.006  0.941  0.052        1
 81:     0.002  0.994  0.005        1
 82:     0.002  0.949  0.048        1
 83:     0.017  0.978  0.005        1
 84:     0.011  0.958  0.031        1
 85:     0.004  0.990  0.006        1
 86:     0.019  0.966  0.015        1
 87:     0.002  0.996  0.003        1
 88:     0.019  0.965  0.016        1
 89:     0.002  0.992  0.006        1
 90:     0.003  0.991  0.006        1
 91:     0.005  0.907  0.088        1
 92:     0.008  0.986  0.006        1
 93:     0.009  0.986  0.005        1
 94:     0.005  0.986  0.010        1
 95:     0.015  0.976  0.009        1
 96:     0.002  0.979  0.018        1
 97:     0.002  0.009  0.989        1
 98:     0.003  0.005  0.992        1
 99:     0.012  0.002  0.986        1
100:     0.004  0.014  0.982        1
101:     0.001  0.002  0.996        1
102:     0.006  0.002  0.992        1
103:     0.004  0.002  0.994        1
104:     0.010  0.002  0.988        1
105:     0.002  0.001  0.997        1
106:     0.008  0.002  0.990        1
107:     0.010  0.005  0.985        1
108:     0.014  0.003  0.983        1
109:     0.011  0.003  0.986        1
110:     0.002  0.003  0.996        1
111:     0.003  0.002  0.995        1
112:     0.030  0.001  0.969        1
113:     0.003  0.005  0.991        1
114:     0.002  0.004  0.993        1
115:     0.007  0.003  0.990        1
116:     0.003  0.005  0.991        1
117:     0.004  0.010  0.986        1
118:     0.004  0.003  0.993        1
119:     0.020  0.007  0.972        1
120:     0.003  0.003  0.994        1
121:     0.008  0.003  0.989        1
122:     0.003  0.004  0.994        1
123:     0.004  0.003  0.993        1
124:     0.002  0.002  0.996        1
125:     0.003  0.007  0.990        1
126:     0.007  0.004  0.989        1
127:     0.002  0.004  0.994        1
128:     0.003  0.009  0.988        1
129:     0.009  0.002  0.988        1
130:     0.004  0.004  0.991        1
131:     0.008  0.013  0.979        1
132:     0.013  0.010  0.978        1
133:     0.007  0.002  0.991        1
134:     0.022  0.006  0.973        1
135:     0.021  0.011  0.968        1
136:     0.004  0.013  0.983        1
137:     0.002  0.005  0.993        1
138:     0.007  0.003  0.991        1
139:     0.003  0.001  0.995        1
140:     0.006  0.003  0.991        1
141:     0.003  0.008  0.989        1
142:     0.001  0.003  0.996        1
143:     0.008  0.002  0.989        1
144:     0.002  0.002  0.996        1
145:     0.010  0.004  0.986        1
146:     0.003  0.001  0.997        1
147:     0.013  0.001  0.986        1
148:     0.008  0.002  0.990        1
149:     0.010  0.022  0.968        1
150:     0.008  0.006  0.986        1
151:     0.002  0.003  0.994        1
152:     0.013  0.008  0.980        1
153:     0.003  0.038  0.959        1
154:     0.004  0.013  0.983        1
155:     0.001  0.007  0.991        1
156:     0.003  0.007  0.990        1
157:     0.016  0.014  0.971        1
158:     0.006  0.017  0.977        1
159:     0.005  0.002  0.993        1
160:     0.015  0.008  0.977        1
161:     0.004  0.012  0.984        1
162:     0.004  0.005  0.991        1
163:     0.020  0.018  0.963        1
164:     0.003  0.012  0.985        1
165:     0.012  0.009  0.979        1
166:     0.010  0.025  0.966        1
167:     0.003  0.006  0.991        1
168:     0.007  0.005  0.988        1
169:     0.004  0.005  0.992        1
170:     0.001  0.005  0.993        1
171:     0.002  0.005  0.993        1
172:     0.006  0.007  0.987        1
173:     0.008  0.016  0.977        1
174:     0.002  0.002  0.996        1
175:     0.012  0.002  0.987        1
176:     0.006  0.001  0.994        1
177:     0.011  0.005  0.984        1
178:     0.002  0.003  0.994        1
179:     0.004  0.004  0.992        1
180:     0.002  0.003  0.995        1
181:     0.004  0.002  0.994        1
182:     0.006  0.008  0.986        1
183:     0.003  0.013  0.984        1
184:     0.007  0.006  0.987        1
185:     0.009  0.002  0.989        1
186:     0.002  0.004  0.994        1
187:     0.011  0.002  0.987        1
188:     0.003  0.003  0.994        1
189:     0.004  0.003  0.992        1
190:     0.001  0.007  0.992        1
191:     0.004  0.005  0.992        1
192:     0.003  0.003  0.994        1
193:     0.004  0.006  0.990        1
194:     0.006  0.021  0.973        1
195:     0.002  0.001  0.997        1
196:     0.008  0.002  0.990        1
197:     0.011  0.005  0.984        1
198:     0.004  0.004  0.992        1
199:     0.004  0.004  0.992        1
200:     0.011  0.189  0.800        1
201:     0.004  0.091  0.906        1
202:     0.003  0.002  0.996        1
203:     0.008  0.007  0.985        1
204:     0.005  0.051  0.944        1
205:     0.003  0.087  0.910        1
206:     0.003  0.143  0.854        1
207:     0.008  0.055  0.937        1
208:     0.006  0.026  0.968        1
209:     0.005  0.072  0.924        1
210:     0.003  0.003  0.994        1
211:     0.004  0.029  0.967        1
212:     0.006  0.131  0.862        1
213:     0.014  0.009  0.978        1
214:     0.004  0.047  0.949        1
215:     0.004  0.020  0.976        1
216:     0.005  0.004  0.992        1
217:     0.005  0.026  0.969        1
218:     0.002  0.012  0.985        1
219:     0.019  0.029  0.953        1
220:     0.003  0.003  0.994        1
221:     0.005  0.003  0.992        1
222:     0.008  0.006  0.986        1
223:     0.004  0.074  0.922        1
224:     0.006  0.006  0.988        1
225:     0.006  0.005  0.989        1
226:     0.004  0.231  0.764        1
227:     0.002  0.002  0.996        1
228:     0.004  0.023  0.973        1
229:     0.007  0.201  0.792        1
230:     0.004  0.145  0.851        1
231:     0.006  0.011  0.982        1
232:     0.011  0.018  0.971        1
233:     0.006  0.014  0.980        1
234:     0.007  0.056  0.937        1
235:     0.013  0.011  0.976        1
236:     0.003  0.004  0.993        1
237:     0.004  0.141  0.856        1
238:     0.003  0.019  0.978        1
239:     0.002  0.029  0.969        1
240:     0.003  0.015  0.982        1
241:     0.019  0.006  0.976        1
242:     0.012  0.018  0.970        1
243:     0.005  0.006  0.989        1
244:     0.003  0.067  0.931        1
245:     0.038  0.010  0.952        1
246:     0.006  0.007  0.987        1
247:     0.004  0.051  0.945        1
248:     0.003  0.057  0.940        1
249:     0.007  0.013  0.980        1
250:     0.004  0.034  0.962        1
251:     0.005  0.007  0.988        1
252:     0.003  0.003  0.994        1
253:     0.002  0.012  0.986        1
254:     0.003  0.003  0.994        1
255:     0.006  0.159  0.835        1
256:     0.020  0.011  0.970        1
257:     0.004  0.009  0.987        1
258:     0.021  0.006  0.973        1
259:     0.003  0.007  0.990        1
260:     0.013  0.017  0.970        1
261:     0.028  0.055  0.917        1
262:     0.009  0.040  0.950        1
263:     0.015  0.043  0.941        1
264:     0.002  0.018  0.980        1
265:     0.005  0.012  0.983        1
266:     0.048  0.008  0.944        1
267:     0.004  0.003  0.992        1
268:     0.002  0.066  0.932        1
269:     0.002  0.001  0.996        1
270:     0.006  0.009  0.984        1
271:     0.002  0.113  0.885        1
272:     0.003  0.015  0.981        1
273:     0.003  0.007  0.990        1
274:     0.004  0.011  0.985        1
275:     0.007  0.026  0.967        1
276:     0.031  0.016  0.952        1
277:     0.008  0.100  0.892        1
278:     0.001  0.011  0.988        1
279:     0.004  0.032  0.964        1
280:     0.007  0.013  0.979        1
281:     0.009  0.002  0.989        1
282:     0.008  0.988  0.004        1
283:     0.005  0.990  0.004        1
284:     0.007  0.966  0.026        1
285:     0.008  0.978  0.014        1
286:     0.010  0.987  0.004        1
287:     0.011  0.981  0.008        1
288:     0.007  0.959  0.033        1
289:     0.003  0.995  0.002        1
290:     0.003  0.987  0.010        1
291:     0.007  0.990  0.003        1
292:     0.004  0.990  0.005        1
293:     0.004  0.975  0.022        1
294:     0.004  0.993  0.004        1
295:     0.001  0.995  0.004        1
296:     0.003  0.993  0.004        1
297:     0.003  0.994  0.003        1
298:     0.013  0.981  0.007        1
299:     0.002  0.992  0.005        1
300:     0.005  0.986  0.009        1
301:     0.003  0.993  0.004        1
302:     0.027  0.969  0.004        1
303:     0.002  0.991  0.007        1
304:     0.015  0.971  0.014        1
305:     0.002  0.991  0.007        1
306:     0.011  0.982  0.007        1
307:     0.004  0.984  0.012        1
308:     0.008  0.963  0.029        1
309:     0.005  0.983  0.012        1
310:     0.012  0.981  0.007        1
311:     0.007  0.984  0.009        1
312:     0.002  0.996  0.003        1
313:     0.004  0.937  0.059        1
314:     0.020  0.976  0.004        1
315:     0.010  0.986  0.005        1
316:     0.035  0.948  0.017        1
317:     0.005  0.989  0.005        1
318:     0.005  0.974  0.022        1
319:     0.005  0.958  0.037        1
320:     0.026  0.969  0.005        1
321:     0.005  0.990  0.005        1
322:     0.001  0.997  0.002        1
323:     0.003  0.986  0.011        1
324:     0.018  0.006  0.977        1
325:     0.354  0.045  0.601        1
326:     0.009  0.002  0.989        1
327:     0.013  0.973  0.014        1
328:     0.002  0.996  0.001        1
329:     0.004  0.989  0.008        1
330:     0.005  0.990  0.005        1
331:     0.004  0.986  0.010        1
332:     0.001  0.996  0.003        1
333:     0.002  0.995  0.003        1
334:     0.009  0.969  0.022        1
335:     0.003  0.993  0.004        1
336:     0.003  0.994  0.003        1
337:     0.002  0.984  0.014        1
338:     0.015  0.972  0.013        1
339:     0.003  0.994  0.003        1
340:     0.003  0.990  0.007        1
341:     0.002  0.996  0.002        1
342:     0.003  0.994  0.003        1
343:     0.001  0.991  0.008        1
344:     0.003  0.988  0.009        1
345:     0.003  0.994  0.003        1
346:     0.002  0.996  0.002        1
347:     0.017  0.975  0.008        1
348:     0.004  0.988  0.008        1
349:     0.004  0.989  0.007        1
350:     0.009  0.985  0.007        1
351:     0.002  0.994  0.003        1
352:     0.006  0.986  0.008        1
353:     0.007  0.979  0.014        1
354:     0.005  0.986  0.009        1
355:     0.023  0.966  0.011        1
356:     0.003  0.976  0.021        1
357:     0.008  0.988  0.004        1
358:     0.003  0.985  0.012        1
359:     0.009  0.975  0.016        1
360:     0.002  0.993  0.005        1
361:     0.010  0.980  0.010        1
362:     0.136  0.010  0.854        1
363:     0.051  0.226  0.723        1
364:     0.016  0.032  0.952        1
365:     0.019  0.106  0.875        1
366:     0.004  0.988  0.008        1
367:     0.007  0.970  0.023        1
368:     0.007  0.985  0.008        1
369:     0.006  0.983  0.011        1
370:     0.003  0.994  0.004        1
371:     0.013  0.956  0.032        1
372:     0.003  0.996  0.002        1
373:     0.004  0.984  0.012        1
374:     0.002  0.990  0.008        1
375:     0.005  0.975  0.020        1
376:     0.005  0.987  0.009        1
377:     0.008  0.988  0.003        1
378:     0.004  0.992  0.003        1
379:     0.005  0.988  0.007        1
380:     0.005  0.989  0.005        1
381:     0.034  0.951  0.016        1
382:     0.003  0.995  0.002        1
383:     0.002  0.996  0.002        1
384:     0.012  0.982  0.005        1
385:     0.047  0.936  0.017        1
386:     0.005  0.978  0.017        1
387:     0.005  0.989  0.006        1
388:     0.010  0.979  0.010        1
389:     0.003  0.993  0.004        1
390:     0.012  0.982  0.006        1
391:     0.004  0.990  0.007        1
392:     0.003  0.994  0.003        1
393:     0.002  0.996  0.002        1
394:     0.043  0.042  0.914        1
395:     0.008  0.046  0.946        1
396:     0.151  0.010  0.838        1
397:     0.006  0.020  0.974        1
398:     0.024  0.002  0.974        1
399:     0.010  0.005  0.985        1
400:     0.031  0.072  0.897        1
401:     0.062  0.020  0.918        1
402:     0.003  0.049  0.948        1
403:     0.005  0.983  0.011        1
404:     0.022  0.940  0.038        1
405:     0.005  0.988  0.006        1
406:     0.006  0.990  0.004        1
407:     0.003  0.994  0.002        1
408:     0.095  0.897  0.009        1
409:     0.005  0.991  0.004        1
410:     0.002  0.996  0.003        1
411:     0.013  0.981  0.006        1
412:     0.014  0.972  0.014        1
413:     0.003  0.990  0.007        1
414:     0.003  0.995  0.002        1
415:     0.004  0.986  0.009        1
416:     0.003  0.993  0.004        1
417:     0.005  0.961  0.033        1
418:     0.013  0.005  0.983        1
419:     0.011  0.250  0.739        1
420:     0.423  0.004  0.573        1
421:     0.084  0.006  0.910        1
422:     0.146  0.014  0.840        1
423:     0.009  0.091  0.900        1
424:     0.190  0.008  0.802        1
425:     0.004  0.167  0.829        1
426:     0.018  0.024  0.958        1
427:     0.010  0.009  0.981        1
428:     0.247  0.003  0.751        1
429:     0.019  0.138  0.843        1
430:     0.018  0.161  0.821        1
431:     0.013  0.002  0.985        1
432:     0.084  0.012  0.904        1
433:     0.011  0.184  0.806        1
434:     0.010  0.057  0.933        1
435:     0.035  0.276  0.689        1
436:     0.014  0.018  0.968        1
437:     0.011  0.006  0.983        1
438:     0.006  0.006  0.988        1
439:     0.005  0.178  0.817        1
440:     0.013  0.395  0.592        1
441:     0.200  0.002  0.798        1
442:     0.017  0.021  0.962        1
443:     0.022  0.127  0.850        1
444:     0.060  0.007  0.933        1
445:     0.012  0.005  0.983        1
446:     0.082  0.006  0.912        1
447:     0.012  0.061  0.927        1
448:     0.055  0.005  0.940        1
449:     0.018  0.095  0.888        1
450:     0.092  0.019  0.890        1
451:     0.279  0.004  0.717        1
452:     0.621  0.005  0.373        1
453:     0.004  0.009  0.987        1
454:     0.027  0.011  0.962        1
455:     0.034  0.007  0.960        1
456:     0.715  0.014  0.271        1
457:     0.008  0.232  0.760        1
458:     0.007  0.181  0.812        1
459:     0.002  0.003  0.995        1
460:     0.098  0.177  0.725        1
461:     0.003  0.233  0.764        1
462:     0.008  0.276  0.716        1
463:     0.126  0.156  0.718        1
464:     0.011  0.020  0.969        1
465:     0.015  0.032  0.953        1
466:     0.005  0.047  0.949        1
467:     0.225  0.009  0.766        1
468:     0.001  0.349  0.650        1
469:     0.005  0.007  0.988        1
470:     0.395  0.177  0.428        1
471:     0.060  0.226  0.714        1
472:     0.028  0.031  0.941        1
473:     0.012  0.219  0.769        1
474:     0.159  0.066  0.774        1
475:     0.001  0.006  0.993        1
476:     0.131  0.186  0.683        1
477:     0.013  0.095  0.892        1
478:     0.016  0.017  0.968        1
479:     0.011  0.066  0.923        1
480:     0.189  0.005  0.806        1
481:     0.044  0.027  0.929        1
482:     0.100  0.176  0.724        1
483:     0.033  0.219  0.749        1
484:     0.035  0.003  0.962        1
485:     0.040  0.005  0.955        1
486:     0.046  0.061  0.893        1
487:     0.021  0.005  0.974        1
488:     0.113  0.005  0.882        1
489:     0.038  0.002  0.960        1
490:     0.015  0.333  0.652        1
491:     0.252  0.007  0.742        1
492:     0.121  0.004  0.876        1
493:     0.030  0.503  0.466        1
494:     0.023  0.172  0.805        1
495:     0.203  0.016  0.781        1
496:     0.005  0.039  0.956        1
497:     0.026  0.063  0.912        1
498:     0.002  0.007  0.991        1
499:     0.462  0.017  0.521        1
500:     0.854  0.002  0.143        1
501:     0.338  0.008  0.654        1
502:     0.009  0.005  0.986        1
503:     0.002  0.138  0.860        1
504:     0.003  0.159  0.837        1
505:     0.006  0.005  0.989        1
506:     0.019  0.110  0.871        1
507:     0.037  0.085  0.878        1
508:     0.096  0.029  0.875        1
509:     0.010  0.004  0.986        1
510:     0.131  0.423  0.446        1
511:     0.005  0.063  0.933        1
512:     0.008  0.049  0.943        1
513:     0.327  0.221  0.452        1
514:     0.005  0.011  0.983        1
515:     0.121  0.088  0.791        1
516:     0.045  0.009  0.946        1
517:     0.012  0.013  0.974        1
518:     0.002  0.015  0.982        1
519:     0.382  0.003  0.615        1
520:     0.055  0.007  0.938        1
521:     0.077  0.004  0.919        1
522:     0.311  0.015  0.675        1
523:     0.255  0.015  0.731        1
524:     0.012  0.011  0.977        1
525:     0.005  0.052  0.943        1
526:     0.019  0.072  0.909        1
527:     0.221  0.008  0.771        1
528:     0.082  0.004  0.913        1
529:     0.002  0.004  0.994        1
530:     0.006  0.594  0.400        1
531:     0.302  0.231  0.467        1
532:     0.007  0.082  0.910        1
533:     0.006  0.230  0.764        1
534:     0.008  0.450  0.542        1
535:     0.017  0.119  0.864        1
536:     0.007  0.076  0.918        1
537:     0.015  0.257  0.728        1
538:     0.018  0.198  0.784        1
539:     0.106  0.208  0.686        1
540:     0.005  0.181  0.814        1
541:     0.050  0.003  0.947        1
542:     0.005  0.239  0.756        1
543:     0.003  0.212  0.785        1
544:     0.260  0.278  0.462        1
545:     0.011  0.368  0.621        1
546:     0.074  0.076  0.850        1
547:     0.008  0.551  0.441        1
548:     0.073  0.225  0.702        1
549:     0.002  0.286  0.712        1
550:     0.119  0.288  0.592        1
551:     0.004  0.289  0.708        1
552:     0.003  0.023  0.974        1
553:     0.012  0.148  0.840        1
554:     0.049  0.055  0.896        1
555:     0.002  0.005  0.992        1
556:     0.454  0.050  0.496        1
557:     0.389  0.003  0.608        1
558:     0.042  0.020  0.938        1
559:     0.002  0.134  0.864        1
560:     0.221  0.004  0.775        1
561:     0.008  0.048  0.944        1
562:     0.262  0.078  0.659        1
563:     0.213  0.196  0.591        1
564:     0.046  0.034  0.920        1
565:     0.048  0.006  0.946        1
566:     0.042  0.263  0.695        1
567:     0.185  0.247  0.567        1
568:     0.164  0.006  0.830        1
569:     0.003  0.086  0.911        1
570:     0.012  0.295  0.693        1
571:     0.018  0.005  0.977        1
572:     0.007  0.003  0.990        1
573:     0.117  0.016  0.868        1
574:     0.011  0.345  0.644        1
575:     0.004  0.435  0.561        1
576:     0.296  0.083  0.621        1
577:     0.081  0.007  0.912        1
578:     0.008  0.103  0.889        1
579:     0.006  0.271  0.723        1
580:     0.066  0.171  0.763        1
581:     0.086  0.433  0.481        1
582:     0.143  0.326  0.531        1
583:     0.324  0.116  0.560        1
584:     0.003  0.083  0.914        1
585:     0.003  0.011  0.985        1
586:     0.006  0.004  0.990        1
587:     0.169  0.041  0.790        1
588:     0.443  0.104  0.453        1
589:     0.006  0.007  0.986        1
590:     0.089  0.136  0.775        1
591:     0.014  0.004  0.982        1
592:     0.043  0.138  0.819        1
593:     0.008  0.005  0.987        1
594:     0.484  0.130  0.386        1
595:     0.175  0.085  0.740        1
596:     0.006  0.024  0.970        1
597:     0.022  0.027  0.951        1
598:     0.010  0.038  0.952        1
599:     0.003  0.004  0.993        1
600:     0.009  0.003  0.988        1
601:     0.002  0.002  0.996        1
602:     0.006  0.005  0.989        1
603:     0.004  0.002  0.994        1
604:     0.007  0.005  0.988        1
605:     0.005  0.003  0.993        1
606:     0.004  0.002  0.994        1
607:     0.003  0.003  0.993        1
608:     0.004  0.004  0.992        1
609:     0.002  0.001  0.997        1
610:     0.003  0.002  0.995        1
611:     0.003  0.003  0.993        1
612:     0.003  0.023  0.974        1
613:     0.021  0.002  0.977        1
614:     0.008  0.004  0.988        1
615:     0.002  0.002  0.996        1
616:     0.017  0.003  0.980        1
617:     0.001  0.003  0.996        1
618:     0.014  0.003  0.983        1
619:     0.004  0.006  0.990        1
620:     0.015  0.011  0.974        1
621:     0.005  0.001  0.994        1
622:     0.011  0.163  0.825        1
623:     0.412  0.054  0.533        1
624:     0.354  0.006  0.641        1
625:     0.006  0.508  0.486        1
626:     0.005  0.068  0.927        1
627:     0.006  0.292  0.701        1
628:     0.003  0.438  0.559        1
629:     0.022  0.252  0.726        1
630:     0.003  0.461  0.536        1
631:     0.012  0.205  0.783        1
632:     0.020  0.137  0.843        1
633:     0.017  0.317  0.666        1
634:     0.007  0.035  0.959        1
635:     0.038  0.900  0.062        1
636:     0.001  0.993  0.005        1
637:     0.008  0.988  0.003        1
638:     0.011  0.984  0.005        1
639:     0.012  0.976  0.012        1
640:     0.004  0.994  0.002        1
641:     0.007  0.003  0.990        1
642:     0.030  0.002  0.968        1
643:     0.013  0.002  0.984        1
644:     0.002  0.003  0.995        1
645:     0.009  0.004  0.987        1
646:     0.007  0.002  0.991        1
647:     0.007  0.001  0.991        1
648:     0.007  0.002  0.991        1
649:     0.003  0.002  0.995        1
650:     0.065  0.002  0.933        1
651:     0.002  0.003  0.995        1
652:     0.007  0.002  0.991        1
653:     0.002  0.002  0.997        1
654:     0.004  0.004  0.992        1
655:     0.014  0.006  0.980        1
656:     0.005  0.003  0.993        1
657:     0.003  0.004  0.992        1
658:     0.012  0.021  0.967        1
659:     0.185  0.008  0.807        1
660:     0.027  0.006  0.967        1
661:     0.008  0.001  0.991        1
662:     0.006  0.005  0.989        1
663:     0.013  0.001  0.986        1
664:     0.024  0.015  0.961        1
665:     0.018  0.004  0.978        1
666:     0.015  0.005  0.980        1
667:     0.003  0.035  0.962        1
668:     0.002  0.002  0.996        1
669:     0.002  0.001  0.997        1
670:     0.003  0.009  0.988        1
671:     0.002  0.001  0.997        1
672:     0.008  0.004  0.988        1
673:     0.029  0.004  0.966        1
674:     0.004  0.003  0.993        1
675:     0.012  0.001  0.986        1
676:     0.038  0.009  0.953        1
677:     0.007  0.007  0.985        1
678:     0.069  0.003  0.927        1
679:     0.003  0.005  0.992        1
680:     0.019  0.002  0.979        1
681:     0.002  0.007  0.991        1
682:     0.003  0.004  0.993        1
683:     0.020  0.004  0.976        1
684:     0.001  0.002  0.997        1
685:     0.007  0.011  0.982        1
686:     0.015  0.006  0.979        1
687:     0.039  0.009  0.951        1
688:     0.008  0.055  0.936        1
689:     0.016  0.005  0.979        1
690:     0.053  0.004  0.942        1
691:     0.003  0.008  0.989        1
692:     0.002  0.009  0.989        1
693:     0.005  0.005  0.990        1
694:     0.003  0.004  0.994        1
695:     0.004  0.005  0.991        1
696:     0.039  0.003  0.958        1
697:     0.006  0.008  0.986        1
698:     0.004  0.002  0.994        1
699:     0.008  0.007  0.985        1
700:     0.004  0.004  0.992        1
701:     0.004  0.004  0.992        1
702:     0.010  0.004  0.986        1
703:     0.006  0.007  0.988        1
704:     0.002  0.002  0.996        1
705:     0.005  0.002  0.993        1
706:     0.007  0.004  0.989        1
707:     0.015  0.002  0.982        1
708:     0.023  0.002  0.975        1
709:     0.002  0.009  0.988        1
710:     0.077  0.005  0.918        1
711:     0.002  0.004  0.995        1
712:     0.007  0.002  0.992        1
713:     0.006  0.004  0.990        1
714:     0.005  0.988  0.007        1
715:     0.003  0.993  0.004        1
716:     0.010  0.977  0.012        1
717:     0.019  0.975  0.006        1
718:     0.008  0.955  0.037        1
719:     0.002  0.993  0.005        1
720:     0.007  0.990  0.003        1
721:     0.004  0.990  0.006        1
722:     0.026  0.967  0.007        1
723:     0.002  0.995  0.003        1
724:     0.004  0.987  0.009        1
725:     0.007  0.978  0.015        1
726:     0.002  0.992  0.006        1
727:     0.025  0.966  0.009        1
728:     0.014  0.982  0.004        1
729:     0.097  0.898  0.005        1
730:     0.007  0.989  0.004        1
731:     0.005  0.966  0.029        1
732:     0.002  0.995  0.003        1
733:     0.010  0.981  0.008        1
734:     0.001  0.996  0.003        1
735:     0.006  0.981  0.013        1
736:     0.003  0.992  0.004        1
737:     0.002  0.997  0.002        1
738:     0.002  0.968  0.030        1
739:     0.008  0.967  0.025        1
740:     0.010  0.985  0.005        1
741:     0.003  0.991  0.006        1
742:     0.029  0.964  0.007        1
743:     0.006  0.988  0.005        1
744:     0.013  0.980  0.007        1
745:     0.003  0.976  0.021        1
746:     0.003  0.977  0.019        1
747:     0.005  0.990  0.005        1
748:     0.005  0.937  0.058        1
749:     0.006  0.987  0.006        1
750:     0.018  0.964  0.018        1
751:     0.013  0.971  0.016        1
752:     0.015  0.978  0.008        1
753:     0.004  0.989  0.007        1
754:     0.006  0.979  0.015        1
755:     0.003  0.994  0.003        1
756:     0.003  0.989  0.008        1
757:     0.008  0.987  0.005        1
758:     0.004  0.984  0.012        1
759:     0.008  0.979  0.013        1
760:     0.005  0.992  0.003        1
761:     0.025  0.954  0.020        1
762:     0.009  0.975  0.016        1
763:     0.007  0.986  0.007        1
764:     0.021  0.968  0.011        1
765:     0.008  0.988  0.005        1
766:     0.027  0.961  0.012        1
767:     0.003  0.994  0.003        1
768:     0.005  0.988  0.007        1
769:     0.005  0.968  0.027        1
770:     0.807  0.004  0.189        1
771:     0.542  0.134  0.325        1
772:     0.883  0.038  0.079        1
773:     0.482  0.004  0.514        1
774:     0.863  0.001  0.135        1
775:     0.556  0.010  0.434        1
776:     0.984  0.006  0.010        1
777:     0.991  0.005  0.005        1
778:     0.010  0.505  0.485        1
779:     0.014  0.633  0.353        1
780:     0.800  0.029  0.171        1
781:     0.990  0.002  0.008        1
782:     0.858  0.023  0.120        1
783:     0.696  0.044  0.259        1
784:     0.987  0.004  0.009        1
785:     0.006  0.517  0.477        1
786:     0.003  0.325  0.673        1
787:     0.003  0.732  0.265        1
788:     0.008  0.603  0.389        1
789:     0.006  0.691  0.303        1
790:     0.238  0.379  0.384        1
791:     0.057  0.729  0.215        1
792:     0.004  0.562  0.434        1
793:     0.004  0.501  0.495        1
794:     0.174  0.389  0.437        1
795:     0.005  0.466  0.529        1
796:     0.007  0.632  0.361        1
797:     0.002  0.634  0.364        1
798:     0.028  0.302  0.670        1
799:     0.008  0.608  0.384        1
800:     0.096  0.440  0.465        1
801:     0.013  0.894  0.093        1
802:     0.009  0.606  0.385        1
803:     0.192  0.404  0.404        1
804:     0.008  0.677  0.315        1
805:     0.011  0.705  0.284        1
806:     0.004  0.647  0.350        1
807:     0.006  0.582  0.412        1
808:     0.003  0.634  0.363        1
809:     0.997  0.001  0.002        1
810:     0.996  0.001  0.003        1
811:     0.005  0.681  0.314        1
812:     0.468  0.246  0.287        1
813:     0.048  0.296  0.657        1
814:     0.003  0.723  0.274        1
815:     0.009  0.509  0.482        1
816:     0.255  0.256  0.489        1
817:     0.006  0.596  0.398        1
818:     0.003  0.637  0.360        1
819:     0.005  0.495  0.500        1
820:     0.003  0.483  0.514        1
821:     0.005  0.407  0.587        1
822:     0.003  0.332  0.665        1
823:     0.003  0.694  0.302        1
824:     0.858  0.007  0.136        1
825:     0.840  0.005  0.155        1
826:     0.331  0.003  0.666        1
827:     0.537  0.139  0.324        1
828:     0.845  0.123  0.032        1
829:     0.007  0.534  0.459        1
830:     0.003  0.718  0.280        1
831:     0.005  0.605  0.390        1
832:     0.004  0.599  0.397        1
833:     0.022  0.763  0.215        1
834:     0.313  0.345  0.342        1
835:     0.006  0.685  0.310        1
836:     0.969  0.009  0.022        1
837:     0.641  0.003  0.355        1
838:     0.992  0.002  0.006        1
839:     0.990  0.002  0.008        1
840:     0.990  0.004  0.006        1
841:     0.027  0.965  0.008        1
842:     0.006  0.987  0.008        1
843:     0.003  0.990  0.007        1
844:     0.024  0.956  0.020        1
845:     0.006  0.971  0.023        1
846:     0.003  0.996  0.002        1
847:     0.010  0.916  0.074        1
848:     0.029  0.958  0.013        1
849:     0.005  0.972  0.024        1
850:     0.005  0.984  0.012        1
851:     0.006  0.978  0.016        1
852:     0.001  0.992  0.006        1
853:     0.002  0.990  0.008        1
854:     0.006  0.982  0.012        1
855:     0.008  0.974  0.018        1
856:     0.002  0.994  0.003        1
857:     0.025  0.968  0.007        1
858:     0.650  0.003  0.347        1
859:     0.892  0.004  0.104        1
860:     0.997  0.001  0.001        1
861:     0.946  0.013  0.041        1
862:     0.024  0.936  0.040        1
863:     0.028  0.931  0.041        1
864:     0.012  0.900  0.089        1
865:     0.010  0.904  0.085        1
866:     0.015  0.963  0.022        1
867:     0.014  0.964  0.022        1
868:     0.081  0.906  0.013        1
869:     0.030  0.961  0.009        1
870:     0.009  0.758  0.233        1
871:     0.005  0.985  0.010        1
872:     0.007  0.979  0.014        1
873:     0.004  0.986  0.010        1
874:     0.009  0.988  0.003        1
875:     0.012  0.986  0.002        1
876:     0.013  0.954  0.033        1
877:     0.005  0.979  0.016        1
878:     0.007  0.984  0.009        1
879:     0.009  0.982  0.009        1
880:     0.010  0.957  0.033        1
881:     0.005  0.990  0.005        1
882:     0.013  0.973  0.014        1
883:     0.013  0.546  0.441        1
884:     0.004  0.518  0.478        1
885:     0.996  0.002  0.002        1
886:     0.017  0.705  0.279        1
887:     0.004  0.606  0.390        1
888:     0.003  0.695  0.301        1
889:     0.930  0.041  0.029        1
890:     0.993  0.003  0.005        1
891:     0.985  0.003  0.012        1
892:     0.016  0.958  0.026        1
893:     0.002  0.995  0.003        1
894:     0.003  0.995  0.003        1
895:     0.014  0.962  0.024        1
896:     0.004  0.990  0.005        1
897:     0.003  0.987  0.010        1
898:     0.005  0.988  0.006        1
899:     0.065  0.874  0.061        1
900:     0.037  0.944  0.019        1
901:     0.027  0.911  0.062        1
902:     0.026  0.969  0.005        1
903:     0.006  0.987  0.007        1
904:     0.012  0.931  0.056        1
905:     0.002  0.994  0.004        1
906:     0.008  0.981  0.011        1
907:     0.009  0.967  0.023        1
908:     0.002  0.995  0.003        1
909:     0.835  0.095  0.070        1
910:     0.839  0.011  0.150        1
911:     0.016  0.425  0.558        1
912:     0.006  0.627  0.367        1
913:     0.003  0.728  0.270        1
914:     0.004  0.950  0.046        1
915:     0.008  0.986  0.006        1
916:     0.008  0.984  0.009        1
917:     0.001  0.997  0.002        1
918:     0.007  0.987  0.006        1
919:     0.008  0.985  0.008        1
920:     0.005  0.987  0.008        1
921:     0.005  0.990  0.005        1
922:     0.005  0.985  0.009        1
923:     0.004  0.990  0.006        1
924:     0.011  0.944  0.045        1
925:     0.004  0.993  0.003        1
926:     0.006  0.986  0.007        1
927:     0.002  0.995  0.002        1
928:     0.002  0.996  0.002        1
929:     0.002  0.992  0.006        1
930:     0.005  0.960  0.034        1
931:     0.001  0.995  0.005        1
932:     0.016  0.971  0.012        1
933:     0.003  0.995  0.002        1
934:     0.003  0.002  0.995        1
935:     0.009  0.003  0.988        1
936:     0.005  0.004  0.992        1
937:     0.013  0.002  0.985        1
938:     0.004  0.004  0.992        1
939:     0.009  0.002  0.989        1
940:     0.020  0.003  0.977        1
941:     0.014  0.015  0.971        1
942:     0.007  0.003  0.990        1
943:     0.004  0.002  0.994        1
944:     0.002  0.003  0.995        1
945:     0.016  0.007  0.977        1
946:     0.004  0.002  0.995        1
947:     0.017  0.002  0.982        1
948:     0.046  0.916  0.038        1
949:     0.006  0.232  0.762        1
950:     0.004  0.248  0.748        1
951:     0.994  0.002  0.003        1
952:     0.562  0.005  0.433        1
953:     0.005  0.837  0.158        1
954:     0.003  0.420  0.577        1
955:     0.016  0.619  0.365        1
956:     0.008  0.494  0.498        1
957:     0.010  0.569  0.422        1
958:     0.001  0.595  0.404        1
959:     0.005  0.762  0.233        1
960:     0.225  0.525  0.250        1
961:     0.009  0.754  0.237        1
962:     0.005  0.574  0.421        1
963:     0.007  0.711  0.282        1
964:     0.740  0.003  0.257        1
965:     0.908  0.003  0.089        1
966:     0.825  0.002  0.173        1
967:     0.841  0.002  0.157        1
968:     0.010  0.656  0.334        1
969:     0.013  0.524  0.463        1
970:     0.008  0.685  0.307        1
971:     0.001  0.552  0.447        1
972:     0.002  0.363  0.635        1
973:     0.021  0.516  0.463        1
974:     0.013  0.657  0.329        1
975:     0.024  0.387  0.589        1
976:     0.822  0.154  0.024        1
977:     0.992  0.003  0.005        1
978:     0.993  0.003  0.004        1
979:     0.001  0.438  0.561        1
980:     0.873  0.002  0.125        1
981:     0.997  0.002  0.002        1
982:     0.996  0.001  0.003        1
983:     0.984  0.003  0.013        1
984:     0.809  0.175  0.016        1
985:     0.994  0.003  0.003        1
986:     0.995  0.002  0.003        1
987:     0.861  0.004  0.135        1
988:     0.992  0.003  0.005        1
989:     0.589  0.011  0.400        1
990:     0.993  0.003  0.004        1
991:     0.971  0.010  0.019        1
992:     0.735  0.006  0.259        1
993:     0.003  0.470  0.528        1
994:     0.004  0.550  0.446        1
995:     0.003  0.987  0.011        1
996:     0.015  0.977  0.008        1
997:     0.002  0.990  0.007        1
998:     0.004  0.993  0.003        1
999:     0.003  0.994  0.003        1
1000:     0.003  0.994  0.004        1
1001:     0.008  0.984  0.008        1
1002:     0.006  0.989  0.006        1
1003:     0.012  0.981  0.007        1
1004:     0.006  0.960  0.034        1
1005:     0.002  0.994  0.004        1
1006:     0.009  0.985  0.006        1
1007:     0.003  0.991  0.006        1
1008:     0.005  0.991  0.004        1
1009:     0.002  0.992  0.005        1
1010:     0.006  0.983  0.011        1
1011:     0.043  0.951  0.005        1
1012:     0.044  0.897  0.059        1
1013:     0.005  0.984  0.011        1
1014:     0.027  0.934  0.039        1
1015:     0.016  0.973  0.010        1
1016:     0.015  0.977  0.009        1
1017:     0.062  0.913  0.025        1
1018:     0.004  0.967  0.030        1
1019:     0.024  0.969  0.007        1
1020:     0.001  0.990  0.009        1
1021:     0.037  0.947  0.016        1
1022:     0.007  0.957  0.036        1
1023:     0.011  0.973  0.016        1
1024:     0.004  0.985  0.011        1
1025:     0.002  0.989  0.009        1
1026:     0.007  0.989  0.004        1
1027:     0.006  0.977  0.017        1
1028:     0.018  0.959  0.024        1
1029:     0.005  0.992  0.004        1
1030:     0.997  0.001  0.002        1
1031:     0.658  0.010  0.332        1
