

----------------------------------------------------
STRUCTURE by Pritchard, Stephens and Donnelly (2000)
     and Falush, Stephens and Pritchard (2003)
       Code by Pritchard, Falush and Hubisz
             Version 2.3.4 (Jul 2012)
----------------------------------------------------



Command line arguments:   structure -K 3 -L 574 -N 2600 -i ./TEST.recode.strct_in -D 111105 -o ./TEST_structureOUT/K3_9 
Input File:    ./TEST.recode.strct_in

Run parameters:
   2600 individuals
   574 loci
   3 populations assumed
   1000 Burn-in period
   3000 Reps


--------------------------------------------
Proportion of membership of each pre-defined
 population in each of the 3 clusters

Given    Inferred Clusters       Number of
 Pop       1      2      3      Individuals

  1:     0.991  0.003  0.007        1
  2:     0.965  0.030  0.005        1
  3:     0.988  0.003  0.009        1
  4:     0.984  0.008  0.008        1
  5:     0.948  0.048  0.005        1
  6:     0.968  0.023  0.009        1
  7:     0.987  0.010  0.002        1
  8:     0.993  0.003  0.004        1
  9:     0.993  0.003  0.004        1
 10:     0.983  0.007  0.010        1
 11:     0.985  0.008  0.007        1
 12:     0.984  0.010  0.005        1
 13:     0.967  0.028  0.005        1
 14:     0.990  0.006  0.004        1
 15:     0.967  0.025  0.008        1
 16:     0.995  0.003  0.002        1
 17:     0.971  0.014  0.015        1
 18:     0.993  0.004  0.003        1
 19:     0.993  0.006  0.002        1
 20:     0.982  0.005  0.014        1
 21:     0.969  0.011  0.020        1
 22:     0.979  0.013  0.007        1
 23:     0.988  0.007  0.004        1
 24:     0.978  0.010  0.011        1
 25:     0.993  0.004  0.002        1
 26:     0.997  0.001  0.002        1
 27:     0.995  0.002  0.003        1
 28:     0.956  0.037  0.007        1
 29:     0.980  0.013  0.007        1
 30:     0.951  0.009  0.041        1
 31:     0.994  0.004  0.002        1
 32:     0.984  0.011  0.006        1
 33:     0.965  0.015  0.020        1
 34:     0.983  0.013  0.004        1
 35:     0.986  0.009  0.005        1
 36:     0.966  0.017  0.017        1
 37:     0.995  0.002  0.002        1
 38:     0.983  0.009  0.008        1
 39:     0.992  0.007  0.002        1
 40:     0.997  0.002  0.001        1
 41:     0.966  0.012  0.021        1
 42:     0.890  0.104  0.005        1
 43:     0.893  0.027  0.080        1
 44:     0.921  0.016  0.063        1
 45:     0.993  0.003  0.004        1
 46:     0.983  0.014  0.003        1
 47:     0.977  0.012  0.011        1
 48:     0.871  0.007  0.122        1
 49:     0.985  0.008  0.008        1
 50:     0.994  0.003  0.003        1
 51:     0.974  0.024  0.002        1
 52:     0.988  0.003  0.009        1
 53:     0.976  0.017  0.007        1
 54:     0.978  0.012  0.010        1
 55:     0.991  0.006  0.003        1
 56:     0.987  0.007  0.005        1
 57:     0.988  0.009  0.003        1
 58:     0.994  0.004  0.002        1
 59:     0.991  0.005  0.004        1
 60:     0.906  0.050  0.044        1
 61:     0.886  0.012  0.102        1
 62:     0.990  0.007  0.003        1
 63:     0.948  0.011  0.042        1
 64:     0.983  0.005  0.012        1
 65:     0.991  0.007  0.002        1
 66:     0.908  0.060  0.033        1
 67:     0.987  0.009  0.004        1
 68:     0.990  0.006  0.004        1
 69:     0.988  0.010  0.003        1
 70:     0.984  0.008  0.008        1
 71:     0.987  0.008  0.005        1
 72:     0.987  0.010  0.004        1
 73:     0.983  0.007  0.011        1
 74:     0.941  0.043  0.016        1
 75:     0.988  0.009  0.003        1
 76:     0.944  0.045  0.011        1
 77:     0.986  0.006  0.008        1
 78:     0.978  0.012  0.009        1
 79:     0.954  0.019  0.027        1
 80:     0.936  0.059  0.005        1
 81:     0.995  0.004  0.001        1
 82:     0.959  0.037  0.005        1
 83:     0.983  0.005  0.012        1
 84:     0.970  0.024  0.006        1
 85:     0.993  0.004  0.003        1
 86:     0.956  0.022  0.022        1
 87:     0.994  0.004  0.002        1
 88:     0.977  0.015  0.008        1
 89:     0.989  0.008  0.003        1
 90:     0.988  0.005  0.008        1
 91:     0.902  0.092  0.006        1
 92:     0.988  0.006  0.006        1
 93:     0.989  0.003  0.008        1
 94:     0.991  0.006  0.003        1
 95:     0.978  0.007  0.015        1
 96:     0.981  0.015  0.003        1
 97:     0.007  0.991  0.002        1
 98:     0.003  0.994  0.002        1
 99:     0.005  0.980  0.016        1
100:     0.009  0.987  0.004        1
101:     0.004  0.993  0.003        1
102:     0.001  0.996  0.003        1
103:     0.005  0.992  0.003        1
104:     0.002  0.992  0.006        1
105:     0.002  0.995  0.003        1
106:     0.004  0.988  0.008        1
107:     0.006  0.983  0.010        1
108:     0.004  0.988  0.009        1
109:     0.003  0.984  0.013        1
110:     0.006  0.991  0.003        1
111:     0.003  0.992  0.005        1
112:     0.002  0.969  0.029        1
113:     0.007  0.991  0.002        1
114:     0.003  0.995  0.002        1
115:     0.003  0.991  0.006        1
116:     0.001  0.996  0.003        1
117:     0.004  0.990  0.006        1
118:     0.002  0.994  0.004        1
119:     0.007  0.970  0.023        1
120:     0.004  0.991  0.005        1
121:     0.002  0.993  0.004        1
122:     0.001  0.996  0.003        1
123:     0.002  0.996  0.002        1
124:     0.003  0.995  0.002        1
125:     0.005  0.991  0.004        1
126:     0.002  0.994  0.003        1
127:     0.002  0.995  0.003        1
128:     0.008  0.990  0.003        1
129:     0.003  0.992  0.005        1
130:     0.005  0.989  0.006        1
131:     0.003  0.982  0.015        1
132:     0.007  0.981  0.012        1
133:     0.003  0.992  0.005        1
134:     0.010  0.975  0.016        1
135:     0.007  0.951  0.042        1
136:     0.010  0.987  0.003        1
137:     0.003  0.996  0.002        1
138:     0.003  0.988  0.009        1
139:     0.001  0.994  0.004        1
140:     0.002  0.991  0.007        1
141:     0.010  0.987  0.003        1
142:     0.003  0.996  0.001        1
143:     0.002  0.990  0.008        1
144:     0.005  0.993  0.002        1
145:     0.004  0.988  0.008        1
146:     0.001  0.997  0.003        1
147:     0.002  0.989  0.008        1
148:     0.002  0.995  0.003        1
149:     0.008  0.982  0.010        1
150:     0.007  0.989  0.004        1
151:     0.001  0.996  0.002        1
152:     0.012  0.980  0.007        1
153:     0.083  0.912  0.005        1
154:     0.011  0.984  0.006        1
155:     0.005  0.992  0.003        1
156:     0.007  0.990  0.002        1
157:     0.007  0.971  0.021        1
158:     0.011  0.985  0.004        1
159:     0.006  0.991  0.003        1
160:     0.006  0.978  0.017        1
161:     0.010  0.985  0.005        1
162:     0.004  0.993  0.003        1
163:     0.017  0.953  0.030        1
164:     0.013  0.985  0.002        1
165:     0.012  0.968  0.021        1
166:     0.035  0.958  0.007        1
167:     0.003  0.995  0.002        1
168:     0.004  0.992  0.003        1
169:     0.003  0.996  0.001        1
170:     0.014  0.984  0.002        1
171:     0.004  0.994  0.002        1
172:     0.008  0.986  0.006        1
173:     0.011  0.981  0.008        1
174:     0.002  0.992  0.006        1
175:     0.002  0.989  0.009        1
176:     0.003  0.992  0.005        1
177:     0.003  0.983  0.014        1
178:     0.005  0.993  0.002        1
179:     0.005  0.991  0.004        1
180:     0.005  0.991  0.003        1
181:     0.002  0.992  0.006        1
182:     0.005  0.988  0.007        1
183:     0.015  0.980  0.004        1
184:     0.011  0.982  0.008        1
185:     0.003  0.992  0.005        1
186:     0.004  0.995  0.002        1
187:     0.001  0.983  0.015        1
188:     0.002  0.996  0.002        1
189:     0.006  0.990  0.004        1
190:     0.011  0.986  0.003        1
191:     0.007  0.990  0.002        1
192:     0.004  0.993  0.003        1
193:     0.007  0.989  0.004        1
194:     0.020  0.975  0.005        1
195:     0.002  0.996  0.002        1
196:     0.004  0.987  0.009        1
197:     0.005  0.989  0.006        1
198:     0.002  0.992  0.005        1
199:     0.006  0.992  0.002        1
200:     0.167  0.828  0.005        1
201:     0.090  0.907  0.002        1
202:     0.002  0.994  0.003        1
203:     0.006  0.980  0.014        1
204:     0.062  0.936  0.002        1
205:     0.093  0.903  0.003        1
206:     0.139  0.859  0.002        1
207:     0.052  0.943  0.005        1
208:     0.031  0.964  0.005        1
209:     0.061  0.931  0.008        1
210:     0.005  0.991  0.004        1
211:     0.026  0.973  0.002        1
212:     0.127  0.857  0.015        1
213:     0.008  0.975  0.017        1
214:     0.030  0.968  0.002        1
215:     0.015  0.980  0.004        1
216:     0.007  0.989  0.005        1
217:     0.023  0.972  0.004        1
218:     0.008  0.990  0.003        1
219:     0.032  0.954  0.014        1
220:     0.003  0.995  0.002        1
221:     0.004  0.983  0.012        1
222:     0.006  0.990  0.004        1
223:     0.082  0.915  0.003        1
224:     0.010  0.988  0.002        1
225:     0.003  0.994  0.003        1
226:     0.227  0.771  0.002        1
227:     0.002  0.995  0.004        1
228:     0.034  0.961  0.005        1
229:     0.212  0.783  0.005        1
230:     0.147  0.848  0.005        1
231:     0.008  0.983  0.009        1
232:     0.014  0.973  0.014        1
233:     0.011  0.983  0.006        1
234:     0.066  0.928  0.006        1
235:     0.011  0.980  0.009        1
236:     0.007  0.992  0.001        1
237:     0.110  0.886  0.004        1
238:     0.017  0.979  0.005        1
239:     0.031  0.967  0.002        1
240:     0.010  0.985  0.005        1
241:     0.004  0.982  0.014        1
242:     0.020  0.972  0.008        1
243:     0.007  0.987  0.006        1
244:     0.083  0.913  0.004        1
245:     0.011  0.957  0.032        1
246:     0.015  0.982  0.003        1
247:     0.048  0.949  0.004        1
248:     0.035  0.962  0.003        1
249:     0.007  0.985  0.008        1
250:     0.047  0.947  0.007        1
251:     0.003  0.991  0.006        1
252:     0.006  0.992  0.002        1
253:     0.026  0.970  0.003        1
254:     0.004  0.993  0.002        1
255:     0.152  0.843  0.005        1
256:     0.009  0.964  0.027        1
257:     0.011  0.983  0.007        1
258:     0.008  0.979  0.013        1
259:     0.008  0.987  0.006        1
260:     0.012  0.971  0.018        1
261:     0.055  0.920  0.025        1
262:     0.047  0.946  0.007        1
263:     0.068  0.915  0.017        1
264:     0.008  0.989  0.003        1
265:     0.010  0.986  0.005        1
266:     0.009  0.923  0.068        1
267:     0.006  0.989  0.004        1
268:     0.070  0.927  0.003        1
269:     0.002  0.995  0.003        1
270:     0.005  0.992  0.003        1
271:     0.105  0.891  0.004        1
272:     0.010  0.987  0.002        1
273:     0.010  0.989  0.001        1
274:     0.006  0.991  0.003        1
275:     0.029  0.960  0.011        1
276:     0.012  0.966  0.022        1
277:     0.100  0.887  0.013        1
278:     0.010  0.989  0.001        1
279:     0.021  0.976  0.003        1
280:     0.012  0.982  0.006        1
281:     0.002  0.992  0.007        1
282:     0.986  0.006  0.008        1
283:     0.992  0.004  0.004        1
284:     0.982  0.013  0.004        1
285:     0.978  0.014  0.008        1
286:     0.990  0.003  0.007        1
287:     0.976  0.011  0.013        1
288:     0.977  0.017  0.006        1
289:     0.996  0.002  0.002        1
290:     0.989  0.007  0.003        1
291:     0.988  0.003  0.009        1
292:     0.987  0.010  0.004        1
293:     0.968  0.029  0.002        1
294:     0.985  0.012  0.003        1
295:     0.995  0.003  0.002        1
296:     0.991  0.004  0.006        1
297:     0.996  0.003  0.001        1
298:     0.984  0.004  0.012        1
299:     0.991  0.006  0.003        1
300:     0.981  0.008  0.011        1
301:     0.990  0.006  0.004        1
302:     0.971  0.005  0.025        1
303:     0.988  0.010  0.002        1
304:     0.970  0.008  0.023        1
305:     0.991  0.006  0.003        1
306:     0.982  0.004  0.014        1
307:     0.982  0.012  0.006        1
308:     0.960  0.033  0.006        1
309:     0.977  0.019  0.004        1
310:     0.984  0.007  0.009        1
311:     0.985  0.008  0.008        1
312:     0.994  0.005  0.001        1
313:     0.932  0.061  0.007        1
314:     0.986  0.007  0.007        1
315:     0.990  0.002  0.008        1
316:     0.959  0.015  0.026        1
317:     0.989  0.004  0.007        1
318:     0.984  0.013  0.003        1
319:     0.947  0.047  0.006        1
320:     0.977  0.003  0.020        1
321:     0.988  0.007  0.006        1
322:     0.992  0.005  0.003        1
323:     0.987  0.009  0.004        1
324:     0.008  0.978  0.014        1
325:     0.030  0.614  0.356        1
326:     0.005  0.992  0.003        1
327:     0.966  0.018  0.016        1
328:     0.994  0.002  0.004        1
329:     0.987  0.011  0.002        1
330:     0.990  0.007  0.003        1
331:     0.981  0.017  0.002        1
332:     0.996  0.002  0.001        1
333:     0.996  0.002  0.002        1
334:     0.968  0.020  0.012        1
335:     0.988  0.010  0.003        1
336:     0.994  0.003  0.003        1
337:     0.987  0.010  0.002        1
338:     0.975  0.016  0.009        1
339:     0.991  0.006  0.003        1
340:     0.984  0.014  0.002        1
341:     0.996  0.003  0.001        1
342:     0.989  0.008  0.003        1
343:     0.994  0.005  0.001        1
344:     0.990  0.006  0.004        1
345:     0.996  0.002  0.002        1
346:     0.993  0.005  0.002        1
347:     0.977  0.007  0.015        1
348:     0.988  0.006  0.005        1
349:     0.991  0.007  0.002        1
350:     0.982  0.002  0.016        1
351:     0.990  0.005  0.005        1
352:     0.988  0.010  0.003        1
353:     0.972  0.015  0.012        1
354:     0.990  0.007  0.003        1
355:     0.966  0.015  0.020        1
356:     0.983  0.014  0.003        1
357:     0.988  0.005  0.006        1
358:     0.978  0.018  0.003        1
359:     0.976  0.016  0.008        1
360:     0.987  0.011  0.002        1
361:     0.985  0.004  0.011        1
362:     0.007  0.829  0.164        1
363:     0.241  0.732  0.027        1
364:     0.025  0.959  0.016        1
365:     0.116  0.873  0.011        1
366:     0.987  0.012  0.001        1
367:     0.978  0.017  0.005        1
368:     0.993  0.005  0.002        1
369:     0.980  0.015  0.005        1
370:     0.996  0.002  0.002        1
371:     0.955  0.018  0.028        1
372:     0.995  0.003  0.003        1
373:     0.991  0.004  0.005        1
374:     0.996  0.003  0.001        1
375:     0.983  0.014  0.003        1
376:     0.980  0.015  0.005        1
377:     0.991  0.005  0.004        1
378:     0.988  0.008  0.004        1
379:     0.988  0.006  0.006        1
380:     0.991  0.004  0.005        1
381:     0.960  0.017  0.023        1
382:     0.994  0.003  0.003        1
383:     0.995  0.003  0.002        1
384:     0.982  0.011  0.007        1
385:     0.945  0.015  0.041        1
386:     0.985  0.011  0.004        1
387:     0.986  0.009  0.005        1
388:     0.975  0.008  0.017        1
389:     0.988  0.004  0.007        1
390:     0.976  0.009  0.014        1
391:     0.996  0.003  0.002        1
392:     0.995  0.003  0.002        1
393:     0.995  0.004  0.002        1
394:     0.023  0.932  0.045        1
395:     0.044  0.949  0.007        1
396:     0.010  0.846  0.144        1
397:     0.025  0.969  0.006        1
398:     0.006  0.963  0.031        1
399:     0.002  0.990  0.008        1
400:     0.081  0.865  0.054        1
401:     0.028  0.931  0.041        1
402:     0.029  0.968  0.003        1
403:     0.981  0.015  0.004        1
404:     0.918  0.061  0.021        1
405:     0.990  0.005  0.004        1
406:     0.991  0.003  0.006        1
407:     0.992  0.003  0.005        1
408:     0.895  0.020  0.084        1
409:     0.992  0.004  0.004        1
410:     0.997  0.002  0.001        1
411:     0.982  0.006  0.011        1
412:     0.984  0.008  0.008        1
413:     0.989  0.006  0.005        1
414:     0.996  0.002  0.002        1
415:     0.989  0.008  0.003        1
416:     0.994  0.004  0.002        1
417:     0.963  0.031  0.005        1
418:     0.003  0.989  0.008        1
419:     0.247  0.744  0.009        1
420:     0.005  0.561  0.434        1
421:     0.005  0.934  0.061        1
422:     0.009  0.839  0.152        1
423:     0.084  0.903  0.014        1
424:     0.010  0.803  0.187        1
425:     0.177  0.818  0.005        1
426:     0.021  0.963  0.016        1
427:     0.005  0.984  0.011        1
428:     0.005  0.761  0.234        1
429:     0.135  0.853  0.011        1
430:     0.155  0.832  0.012        1
431:     0.002  0.977  0.021        1
432:     0.008  0.927  0.065        1
433:     0.184  0.794  0.022        1
434:     0.044  0.951  0.006        1
435:     0.288  0.688  0.024        1
436:     0.020  0.972  0.009        1
437:     0.009  0.978  0.013        1
438:     0.004  0.994  0.002        1
439:     0.180  0.809  0.011        1
440:     0.378  0.607  0.016        1
441:     0.005  0.778  0.218        1
442:     0.030  0.960  0.010        1
443:     0.127  0.855  0.018        1
444:     0.006  0.909  0.085        1
445:     0.005  0.981  0.014        1
446:     0.004  0.891  0.105        1
447:     0.092  0.899  0.010        1
448:     0.006  0.897  0.097        1
449:     0.093  0.886  0.021        1
450:     0.015  0.886  0.099        1
451:     0.004  0.719  0.278        1
452:     0.001  0.371  0.628        1
453:     0.007  0.989  0.004        1
454:     0.008  0.976  0.016        1
455:     0.006  0.947  0.048        1
456:     0.015  0.265  0.720        1
457:     0.269  0.727  0.004        1
458:     0.170  0.825  0.006        1
459:     0.002  0.996  0.002        1
460:     0.159  0.753  0.089        1
461:     0.216  0.781  0.003        1
462:     0.279  0.713  0.008        1
463:     0.151  0.741  0.107        1
464:     0.014  0.963  0.023        1
465:     0.050  0.938  0.012        1
466:     0.040  0.953  0.006        1
467:     0.003  0.762  0.235        1
468:     0.338  0.660  0.002        1
469:     0.003  0.994  0.004        1
470:     0.194  0.412  0.395        1
471:     0.240  0.746  0.014        1
472:     0.024  0.947  0.030        1
473:     0.216  0.779  0.005        1
474:     0.053  0.782  0.165        1
475:     0.006  0.990  0.004        1
476:     0.156  0.726  0.119        1
477:     0.125  0.858  0.016        1
478:     0.023  0.956  0.020        1
479:     0.080  0.909  0.011        1
480:     0.004  0.821  0.175        1
481:     0.025  0.941  0.034        1
482:     0.104  0.750  0.146        1
483:     0.215  0.759  0.026        1
484:     0.002  0.971  0.027        1
485:     0.005  0.953  0.043        1
486:     0.058  0.902  0.040        1
487:     0.004  0.969  0.027        1
488:     0.009  0.911  0.081        1
489:     0.002  0.965  0.033        1
490:     0.331  0.661  0.008        1
491:     0.005  0.750  0.245        1
492:     0.002  0.862  0.135        1
493:     0.507  0.435  0.057        1
494:     0.181  0.789  0.030        1
495:     0.015  0.783  0.202        1
496:     0.028  0.963  0.009        1
497:     0.063  0.928  0.009        1
498:     0.003  0.989  0.007        1
499:     0.025  0.510  0.466        1
500:     0.002  0.131  0.868        1
501:     0.005  0.668  0.327        1
502:     0.008  0.976  0.016        1
503:     0.133  0.864  0.003        1
504:     0.174  0.822  0.004        1
505:     0.008  0.987  0.005        1
506:     0.132  0.845  0.023        1
507:     0.125  0.817  0.058        1
508:     0.026  0.883  0.091        1
509:     0.006  0.987  0.008        1
510:     0.418  0.449  0.133        1
511:     0.066  0.929  0.005        1
512:     0.049  0.948  0.004        1
513:     0.215  0.444  0.341        1
514:     0.009  0.988  0.003        1
515:     0.071  0.835  0.094        1
516:     0.007  0.947  0.045        1
517:     0.010  0.983  0.007        1
518:     0.019  0.976  0.005        1
519:     0.005  0.617  0.378        1
520:     0.009  0.962  0.029        1
521:     0.002  0.929  0.069        1
522:     0.017  0.659  0.324        1
523:     0.003  0.731  0.266        1
524:     0.016  0.972  0.012        1
525:     0.042  0.955  0.003        1
526:     0.079  0.905  0.016        1
527:     0.005  0.793  0.202        1
528:     0.004  0.924  0.073        1
529:     0.002  0.996  0.002        1
530:     0.582  0.414  0.005        1
531:     0.209  0.496  0.296        1
532:     0.056  0.933  0.010        1
533:     0.220  0.773  0.007        1
534:     0.433  0.563  0.004        1
535:     0.138  0.847  0.015        1
536:     0.115  0.881  0.004        1
537:     0.238  0.757  0.005        1
538:     0.221  0.768  0.011        1
539:     0.219  0.713  0.068        1
540:     0.172  0.823  0.005        1
541:     0.004  0.965  0.032        1
542:     0.224  0.771  0.005        1
543:     0.204  0.794  0.002        1
544:     0.267  0.469  0.263        1
545:     0.361  0.631  0.008        1
546:     0.059  0.858  0.083        1
547:     0.550  0.443  0.007        1
548:     0.213  0.707  0.080        1
549:     0.283  0.714  0.002        1
550:     0.288  0.580  0.132        1
551:     0.290  0.702  0.007        1
552:     0.026  0.970  0.003        1
553:     0.138  0.857  0.005        1
554:     0.047  0.891  0.062        1
555:     0.006  0.991  0.004        1
556:     0.017  0.537  0.447        1
557:     0.005  0.611  0.383        1
558:     0.019  0.937  0.044        1
559:     0.117  0.881  0.003        1
560:     0.029  0.753  0.218        1
561:     0.041  0.953  0.006        1
562:     0.091  0.651  0.258        1
563:     0.198  0.585  0.218        1
564:     0.017  0.931  0.052        1
565:     0.011  0.932  0.058        1
566:     0.264  0.722  0.014        1
567:     0.237  0.593  0.170        1
568:     0.010  0.841  0.149        1
569:     0.113  0.883  0.004        1
570:     0.277  0.689  0.033        1
571:     0.005  0.983  0.012        1
572:     0.004  0.979  0.017        1
573:     0.012  0.879  0.109        1
574:     0.364  0.629  0.007        1
575:     0.440  0.555  0.006        1
576:     0.089  0.619  0.292        1
577:     0.010  0.926  0.064        1
578:     0.072  0.913  0.014        1
579:     0.273  0.723  0.004        1
580:     0.185  0.779  0.036        1
581:     0.435  0.549  0.016        1
582:     0.344  0.554  0.103        1
583:     0.097  0.578  0.325        1
584:     0.079  0.915  0.006        1
585:     0.010  0.987  0.003        1
586:     0.006  0.988  0.006        1
587:     0.025  0.815  0.160        1
588:     0.092  0.465  0.443        1
589:     0.009  0.985  0.006        1
590:     0.124  0.791  0.085        1
591:     0.002  0.989  0.009        1
592:     0.124  0.810  0.065        1
593:     0.005  0.988  0.007        1
594:     0.136  0.378  0.485        1
595:     0.059  0.771  0.170        1
596:     0.019  0.966  0.014        1
597:     0.018  0.966  0.016        1
598:     0.046  0.947  0.007        1
599:     0.004  0.994  0.002        1
600:     0.005  0.982  0.013        1
601:     0.002  0.996  0.002        1
602:     0.003  0.994  0.003        1
603:     0.004  0.993  0.003        1
604:     0.005  0.993  0.002        1
605:     0.002  0.996  0.003        1
606:     0.001  0.988  0.010        1
607:     0.002  0.996  0.002        1
608:     0.005  0.993  0.002        1
609:     0.001  0.997  0.002        1
610:     0.002  0.995  0.003        1
611:     0.006  0.992  0.002        1
612:     0.013  0.977  0.010        1
613:     0.004  0.983  0.012        1
614:     0.004  0.989  0.007        1
615:     0.002  0.997  0.002        1
616:     0.003  0.980  0.017        1
617:     0.002  0.995  0.003        1
618:     0.004  0.985  0.010        1
619:     0.002  0.995  0.003        1
620:     0.014  0.957  0.029        1
621:     0.001  0.995  0.004        1
622:     0.168  0.827  0.005        1
623:     0.013  0.572  0.415        1
624:     0.011  0.640  0.349        1
625:     0.526  0.456  0.017        1
626:     0.051  0.935  0.013        1
627:     0.291  0.707  0.002        1
628:     0.435  0.561  0.004        1
629:     0.277  0.713  0.010        1
630:     0.452  0.545  0.003        1
631:     0.192  0.781  0.027        1
632:     0.136  0.841  0.023        1
633:     0.308  0.687  0.005        1
634:     0.027  0.969  0.004        1
635:     0.910  0.059  0.030        1
636:     0.992  0.007  0.002        1
637:     0.988  0.003  0.008        1
638:     0.989  0.001  0.009        1
639:     0.972  0.006  0.022        1
640:     0.995  0.003  0.002        1
641:     0.003  0.987  0.011        1
642:     0.002  0.974  0.024        1
643:     0.004  0.972  0.024        1
644:     0.002  0.994  0.004        1
645:     0.003  0.986  0.011        1
646:     0.002  0.990  0.008        1
647:     0.003  0.990  0.007        1
648:     0.002  0.988  0.010        1
649:     0.001  0.994  0.004        1
650:     0.009  0.933  0.058        1
651:     0.004  0.991  0.006        1
652:     0.002  0.991  0.007        1
653:     0.003  0.995  0.002        1
654:     0.004  0.994  0.003        1
655:     0.002  0.991  0.007        1
656:     0.003  0.992  0.005        1
657:     0.003  0.993  0.005        1
658:     0.025  0.966  0.009        1
659:     0.004  0.805  0.191        1
660:     0.004  0.983  0.013        1
661:     0.002  0.990  0.008        1
662:     0.002  0.992  0.006        1
663:     0.002  0.982  0.016        1
664:     0.016  0.969  0.016        1
665:     0.004  0.986  0.010        1
666:     0.004  0.984  0.012        1
667:     0.031  0.966  0.003        1
668:     0.002  0.995  0.003        1
669:     0.001  0.997  0.002        1
670:     0.009  0.989  0.002        1
671:     0.002  0.996  0.002        1
672:     0.004  0.989  0.008        1
673:     0.006  0.973  0.020        1
674:     0.003  0.992  0.005        1
675:     0.003  0.987  0.010        1
676:     0.012  0.969  0.019        1
677:     0.005  0.989  0.006        1
678:     0.004  0.909  0.086        1
679:     0.003  0.993  0.004        1
680:     0.003  0.979  0.019        1
681:     0.002  0.994  0.004        1
682:     0.004  0.992  0.005        1
683:     0.004  0.980  0.015        1
684:     0.004  0.994  0.002        1
685:     0.007  0.979  0.014        1
686:     0.003  0.983  0.014        1
687:     0.009  0.966  0.025        1
688:     0.032  0.947  0.021        1
689:     0.004  0.986  0.010        1
690:     0.003  0.970  0.027        1
691:     0.014  0.982  0.004        1
692:     0.006  0.992  0.002        1
693:     0.006  0.991  0.003        1
694:     0.005  0.993  0.002        1
695:     0.002  0.995  0.003        1
696:     0.005  0.947  0.048        1
697:     0.011  0.983  0.005        1
698:     0.003  0.993  0.003        1
699:     0.006  0.986  0.008        1
700:     0.007  0.985  0.008        1
701:     0.007  0.987  0.007        1
702:     0.004  0.988  0.008        1
703:     0.006  0.981  0.013        1
704:     0.003  0.996  0.001        1
705:     0.002  0.994  0.004        1
706:     0.003  0.988  0.008        1
707:     0.003  0.975  0.021        1
708:     0.002  0.986  0.012        1
709:     0.006  0.992  0.002        1
710:     0.003  0.927  0.071        1
711:     0.005  0.993  0.002        1
712:     0.003  0.993  0.004        1
713:     0.003  0.991  0.006        1
714:     0.986  0.006  0.008        1
715:     0.989  0.008  0.002        1
716:     0.986  0.008  0.006        1
717:     0.958  0.004  0.038        1
718:     0.969  0.022  0.009        1
719:     0.994  0.003  0.003        1
720:     0.992  0.003  0.005        1
721:     0.987  0.008  0.005        1
722:     0.975  0.012  0.012        1
723:     0.997  0.002  0.001        1
724:     0.988  0.009  0.003        1
725:     0.980  0.014  0.006        1
726:     0.990  0.008  0.002        1
727:     0.952  0.023  0.025        1
728:     0.984  0.006  0.010        1
729:     0.902  0.009  0.088        1
730:     0.987  0.005  0.007        1
731:     0.969  0.028  0.003        1
732:     0.993  0.002  0.005        1
733:     0.987  0.008  0.005        1
734:     0.997  0.002  0.001        1
735:     0.971  0.023  0.006        1
736:     0.989  0.005  0.005        1
737:     0.992  0.004  0.004        1
738:     0.977  0.021  0.002        1
739:     0.970  0.020  0.009        1
740:     0.982  0.009  0.009        1
741:     0.990  0.007  0.003        1
742:     0.963  0.006  0.031        1
743:     0.991  0.007  0.003        1
744:     0.976  0.013  0.011        1
745:     0.975  0.023  0.002        1
746:     0.966  0.031  0.002        1
747:     0.988  0.007  0.005        1
748:     0.936  0.060  0.004        1
749:     0.990  0.005  0.006        1
750:     0.970  0.018  0.013        1
751:     0.968  0.010  0.022        1
752:     0.980  0.008  0.012        1
753:     0.986  0.012  0.002        1
754:     0.983  0.012  0.005        1
755:     0.995  0.003  0.002        1
756:     0.993  0.005  0.002        1
757:     0.990  0.003  0.007        1
758:     0.986  0.009  0.005        1
759:     0.968  0.023  0.009        1
760:     0.990  0.004  0.006        1
761:     0.956  0.015  0.029        1
762:     0.973  0.021  0.007        1
763:     0.982  0.009  0.010        1
764:     0.972  0.006  0.023        1
765:     0.988  0.006  0.006        1
766:     0.967  0.013  0.020        1
767:     0.995  0.003  0.002        1
768:     0.992  0.004  0.004        1
769:     0.959  0.037  0.004        1
770:     0.005  0.194  0.801        1
771:     0.128  0.336  0.535        1
772:     0.021  0.107  0.872        1
773:     0.017  0.496  0.487        1
774:     0.003  0.135  0.863        1
775:     0.003  0.436  0.561        1
776:     0.003  0.011  0.986        1
777:     0.004  0.003  0.992        1
778:     0.487  0.509  0.003        1
779:     0.638  0.355  0.007        1
780:     0.024  0.180  0.795        1
781:     0.002  0.007  0.991        1
782:     0.018  0.127  0.855        1
783:     0.021  0.298  0.681        1
784:     0.006  0.003  0.991        1
785:     0.520  0.477  0.003        1
786:     0.328  0.670  0.002        1
787:     0.752  0.239  0.008        1
788:     0.586  0.408  0.006        1
789:     0.691  0.306  0.003        1
790:     0.361  0.421  0.218        1
791:     0.727  0.207  0.066        1
792:     0.569  0.426  0.005        1
793:     0.504  0.494  0.002        1
794:     0.378  0.443  0.180        1
795:     0.448  0.550  0.002        1
796:     0.662  0.335  0.003        1
797:     0.626  0.371  0.004        1
798:     0.304  0.670  0.026        1
799:     0.608  0.385  0.007        1
800:     0.453  0.423  0.124        1
801:     0.902  0.069  0.028        1
802:     0.588  0.407  0.005        1
803:     0.388  0.440  0.172        1
804:     0.674  0.320  0.006        1
805:     0.706  0.292  0.001        1
806:     0.629  0.370  0.002        1
807:     0.576  0.421  0.003        1
808:     0.640  0.359  0.002        1
809:     0.001  0.002  0.997        1
810:     0.001  0.004  0.995        1
811:     0.676  0.317  0.008        1
812:     0.268  0.277  0.455        1
813:     0.291  0.666  0.043        1
814:     0.728  0.268  0.004        1
815:     0.513  0.483  0.004        1
816:     0.255  0.519  0.226        1
817:     0.586  0.412  0.003        1
818:     0.622  0.377  0.001        1
819:     0.491  0.496  0.013        1
820:     0.470  0.528  0.002        1
821:     0.415  0.583  0.003        1
822:     0.338  0.658  0.004        1
823:     0.679  0.316  0.005        1
824:     0.013  0.126  0.861        1
825:     0.003  0.151  0.846        1
826:     0.004  0.665  0.331        1
827:     0.119  0.337  0.544        1
828:     0.096  0.063  0.841        1
829:     0.529  0.467  0.004        1
830:     0.713  0.280  0.007        1
831:     0.600  0.397  0.002        1
832:     0.592  0.405  0.003        1
833:     0.765  0.212  0.024        1
834:     0.337  0.357  0.307        1
835:     0.682  0.313  0.005        1
836:     0.019  0.014  0.967        1
837:     0.005  0.348  0.646        1
838:     0.002  0.005  0.992        1
839:     0.004  0.009  0.987        1
840:     0.004  0.003  0.993        1
841:     0.974  0.007  0.019        1
842:     0.987  0.010  0.003        1
843:     0.984  0.012  0.004        1
844:     0.949  0.016  0.035        1
845:     0.976  0.016  0.008        1
846:     0.993  0.004  0.003        1
847:     0.912  0.081  0.007        1
848:     0.954  0.016  0.030        1
849:     0.966  0.029  0.006        1
850:     0.980  0.009  0.011        1
851:     0.990  0.005  0.005        1
852:     0.992  0.005  0.003        1
853:     0.992  0.006  0.002        1
854:     0.981  0.013  0.006        1
855:     0.946  0.046  0.008        1
856:     0.989  0.006  0.004        1
857:     0.965  0.005  0.031        1
858:     0.003  0.355  0.642        1
859:     0.006  0.086  0.908        1
860:     0.001  0.002  0.997        1
861:     0.013  0.044  0.943        1
862:     0.920  0.042  0.038        1
863:     0.955  0.022  0.022        1
864:     0.909  0.082  0.009        1
865:     0.894  0.099  0.007        1
866:     0.962  0.023  0.015        1
867:     0.966  0.022  0.013        1
868:     0.927  0.009  0.064        1
869:     0.970  0.006  0.023        1
870:     0.763  0.228  0.008        1
871:     0.987  0.007  0.006        1
872:     0.979  0.015  0.006        1
873:     0.982  0.012  0.006        1
874:     0.986  0.003  0.012        1
875:     0.993  0.004  0.004        1
876:     0.959  0.034  0.007        1
877:     0.972  0.022  0.006        1
878:     0.976  0.016  0.008        1
879:     0.984  0.006  0.010        1
880:     0.966  0.020  0.015        1
881:     0.986  0.002  0.012        1
882:     0.965  0.015  0.020        1
883:     0.522  0.451  0.027        1
884:     0.517  0.479  0.004        1
885:     0.001  0.002  0.997        1
886:     0.714  0.276  0.011        1
887:     0.603  0.392  0.005        1
888:     0.721  0.278  0.002        1
889:     0.029  0.049  0.922        1
890:     0.001  0.008  0.991        1
891:     0.002  0.009  0.989        1
892:     0.954  0.025  0.022        1
893:     0.995  0.002  0.003        1
894:     0.994  0.003  0.003        1
895:     0.967  0.019  0.013        1
896:     0.993  0.004  0.003        1
897:     0.987  0.007  0.005        1
898:     0.990  0.005  0.005        1
899:     0.877  0.045  0.078        1
900:     0.931  0.032  0.037        1
901:     0.920  0.054  0.026        1
902:     0.968  0.009  0.023        1
903:     0.985  0.010  0.005        1
904:     0.936  0.057  0.007        1
905:     0.995  0.003  0.002        1
906:     0.970  0.017  0.013        1
907:     0.967  0.027  0.005        1
908:     0.997  0.002  0.001        1
909:     0.147  0.012  0.841        1
910:     0.016  0.140  0.845        1
911:     0.447  0.530  0.023        1
912:     0.642  0.353  0.004        1
913:     0.696  0.301  0.003        1
914:     0.963  0.032  0.006        1
915:     0.990  0.005  0.005        1
916:     0.987  0.005  0.007        1
917:     0.996  0.003  0.001        1
918:     0.992  0.005  0.003        1
919:     0.981  0.012  0.007        1
920:     0.987  0.009  0.004        1
921:     0.988  0.007  0.005        1
922:     0.978  0.017  0.005        1
923:     0.990  0.006  0.004        1
924:     0.961  0.024  0.015        1
925:     0.990  0.003  0.007        1
926:     0.987  0.007  0.006        1
927:     0.995  0.003  0.002        1
928:     0.997  0.002  0.001        1
929:     0.995  0.002  0.003        1
930:     0.952  0.040  0.007        1
931:     0.994  0.003  0.003        1
932:     0.974  0.007  0.019        1
933:     0.995  0.002  0.003        1
934:     0.002  0.994  0.004        1
935:     0.007  0.984  0.009        1
936:     0.003  0.989  0.008        1
937:     0.003  0.983  0.014        1
938:     0.003  0.995  0.002        1
939:     0.002  0.993  0.005        1
940:     0.003  0.987  0.010        1
941:     0.009  0.983  0.008        1
942:     0.002  0.990  0.007        1
943:     0.003  0.994  0.002        1
944:     0.005  0.993  0.002        1
945:     0.010  0.959  0.031        1
946:     0.002  0.995  0.003        1
947:     0.003  0.971  0.027        1
948:     0.928  0.019  0.053        1
949:     0.227  0.771  0.002        1
950:     0.253  0.744  0.003        1
951:     0.002  0.001  0.997        1
952:     0.007  0.430  0.563        1
953:     0.782  0.212  0.005        1
954:     0.409  0.585  0.007        1
955:     0.620  0.375  0.005        1
956:     0.472  0.524  0.004        1
957:     0.546  0.431  0.023        1
958:     0.589  0.409  0.003        1
959:     0.761  0.233  0.005        1
960:     0.525  0.249  0.226        1
961:     0.785  0.210  0.006        1
962:     0.590  0.408  0.001        1
963:     0.714  0.283  0.003        1
964:     0.002  0.256  0.742        1
965:     0.007  0.065  0.928        1
966:     0.004  0.159  0.837        1
967:     0.002  0.153  0.845        1
968:     0.638  0.359  0.003        1
969:     0.537  0.446  0.017        1
970:     0.679  0.317  0.003        1
971:     0.551  0.445  0.003        1
972:     0.335  0.657  0.008        1
973:     0.506  0.486  0.007        1
974:     0.643  0.347  0.010        1
975:     0.385  0.606  0.010        1
976:     0.149  0.028  0.823        1
977:     0.002  0.004  0.994        1
978:     0.003  0.005  0.992        1
979:     0.433  0.561  0.005        1
980:     0.001  0.116  0.882        1
981:     0.001  0.001  0.997        1
982:     0.001  0.004  0.994        1
983:     0.007  0.013  0.980        1
984:     0.139  0.077  0.784        1
985:     0.003  0.003  0.994        1
986:     0.002  0.003  0.995        1
987:     0.006  0.146  0.848        1
988:     0.004  0.006  0.989        1
989:     0.013  0.386  0.601        1
990:     0.003  0.003  0.994        1
991:     0.010  0.017  0.972        1
992:     0.011  0.253  0.736        1
993:     0.476  0.521  0.003        1
994:     0.534  0.457  0.009        1
995:     0.985  0.013  0.002        1
996:     0.971  0.009  0.020        1
997:     0.990  0.005  0.005        1
998:     0.991  0.003  0.006        1
999:     0.993  0.005  0.002        1
1000:     0.992  0.004  0.004        1
1001:     0.993  0.003  0.004        1
1002:     0.990  0.006  0.004        1
1003:     0.985  0.004  0.011        1
1004:     0.961  0.033  0.006        1
1005:     0.993  0.003  0.004        1
1006:     0.982  0.010  0.008        1
1007:     0.988  0.010  0.002        1
1008:     0.993  0.004  0.002        1
1009:     0.994  0.004  0.002        1
1010:     0.986  0.009  0.005        1
1011:     0.945  0.004  0.051        1
1012:     0.902  0.050  0.049        1
1013:     0.992  0.006  0.002        1
1014:     0.937  0.050  0.013        1
1015:     0.970  0.014  0.016        1
1016:     0.976  0.012  0.012        1
1017:     0.935  0.018  0.046        1
1018:     0.981  0.014  0.005        1
1019:     0.976  0.010  0.014        1
1020:     0.989  0.007  0.004        1
1021:     0.930  0.043  0.026        1
1022:     0.969  0.026  0.005        1
1023:     0.981  0.007  0.012        1
1024:     0.986  0.010  0.004        1
1025:     0.988  0.010  0.003        1
1026:     0.995  0.003  0.002        1
1027:     0.981  0.009  0.009        1
1028:     0.961  0.029  0.010        1
1029:     0.993  0.004  0.003        1
1030:     0.001  0.003  0.996        1
1031:     0.009  0.342  0.649        1
