

----------------------------------------------------
STRUCTURE by Pritchard, Stephens and Donnelly (2000)
     and Falush, Stephens and Pritchard (2003)
       Code by Pritchard, Falush and Hubisz
             Version 2.3.4 (Jul 2012)
----------------------------------------------------



Command line arguments:   structure -K 4 -L 574 -N 2600 -i ./TEST.recode.strct_in -D 12345 -o ./TEST_structureOUT/K4_1 
Input File:    ./TEST.recode.strct_in

Run parameters:
   2600 individuals
   574 loci
   4 populations assumed
   1000 Burn-in period
   3000 Reps


--------------------------------------------
Proportion of membership of each pre-defined
 population in each of the 4 clusters

Given    Inferred Clusters              Number of
 Pop       1      2      3      4      Individuals

  1:     0.988  0.001  0.007  0.004        1
  2:     0.972  0.004  0.018  0.006        1
  3:     0.991  0.003  0.001  0.005        1
  4:     0.975  0.018  0.004  0.003        1
  5:     0.969  0.012  0.017  0.001        1
  6:     0.971  0.014  0.009  0.007        1
  7:     0.993  0.003  0.004  0.001        1
  8:     0.994  0.003  0.001  0.002        1
  9:     0.997  0.001  0.001  0.001        1
 10:     0.989  0.002  0.005  0.004        1
 11:     0.950  0.044  0.003  0.003        1
 12:     0.992  0.004  0.002  0.001        1
 13:     0.953  0.035  0.007  0.006        1
 14:     0.991  0.003  0.005  0.001        1
 15:     0.965  0.004  0.024  0.007        1
 16:     0.996  0.001  0.002  0.001        1
 17:     0.950  0.037  0.006  0.007        1
 18:     0.993  0.002  0.002  0.002        1
 19:     0.994  0.002  0.002  0.002        1
 20:     0.988  0.003  0.002  0.007        1
 21:     0.977  0.006  0.002  0.015        1
 22:     0.969  0.023  0.004  0.003        1
 23:     0.994  0.002  0.002  0.002        1
 24:     0.975  0.013  0.006  0.007        1
 25:     0.993  0.003  0.002  0.002        1
 26:     0.998  0.000  0.001  0.001        1
 27:     0.994  0.003  0.001  0.002        1
 28:     0.948  0.024  0.025  0.003        1
 29:     0.989  0.005  0.005  0.001        1
 30:     0.948  0.019  0.004  0.029        1
 31:     0.995  0.002  0.002  0.001        1
 32:     0.980  0.013  0.003  0.004        1
 33:     0.958  0.021  0.009  0.012        1
 34:     0.979  0.008  0.008  0.005        1
 35:     0.985  0.005  0.008  0.002        1
 36:     0.978  0.004  0.005  0.012        1
 37:     0.995  0.001  0.003  0.001        1
 38:     0.988  0.006  0.004  0.003        1
 39:     0.995  0.001  0.003  0.001        1
 40:     0.998  0.001  0.001  0.001        1
 41:     0.973  0.006  0.013  0.009        1
 42:     0.859  0.037  0.103  0.001        1
 43:     0.889  0.036  0.023  0.053        1
 44:     0.912  0.007  0.013  0.067        1
 45:     0.994  0.001  0.003  0.002        1
 46:     0.986  0.003  0.010  0.001        1
 47:     0.965  0.007  0.023  0.005        1
 48:     0.920  0.010  0.004  0.066        1
 49:     0.991  0.003  0.004  0.002        1
 50:     0.994  0.001  0.001  0.003        1
 51:     0.961  0.015  0.024  0.001        1
 52:     0.995  0.002  0.001  0.002        1
 53:     0.988  0.005  0.005  0.003        1
 54:     0.986  0.008  0.004  0.002        1
 55:     0.994  0.002  0.003  0.001        1
 56:     0.988  0.004  0.006  0.002        1
 57:     0.987  0.006  0.006  0.002        1
 58:     0.997  0.002  0.001  0.001        1
 59:     0.989  0.003  0.006  0.002        1
 60:     0.922  0.004  0.063  0.010        1
 61:     0.913  0.003  0.012  0.072        1
 62:     0.991  0.001  0.004  0.003        1
 63:     0.967  0.007  0.009  0.017        1
 64:     0.986  0.001  0.002  0.011        1
 65:     0.990  0.002  0.006  0.002        1
 66:     0.923  0.013  0.027  0.036        1
 67:     0.995  0.003  0.001  0.001        1
 68:     0.995  0.002  0.002  0.001        1
 69:     0.994  0.002  0.003  0.001        1
 70:     0.993  0.004  0.001  0.002        1
 71:     0.991  0.001  0.006  0.001        1
 72:     0.989  0.001  0.008  0.002        1
 73:     0.990  0.003  0.004  0.003        1
 74:     0.941  0.021  0.036  0.002        1
 75:     0.989  0.004  0.006  0.001        1
 76:     0.951  0.021  0.022  0.005        1
 77:     0.989  0.007  0.001  0.003        1
 78:     0.989  0.007  0.003  0.001        1
 79:     0.954  0.014  0.006  0.026        1
 80:     0.943  0.006  0.048  0.003        1
 81:     0.991  0.003  0.003  0.002        1
 82:     0.944  0.027  0.027  0.002        1
 83:     0.986  0.002  0.008  0.004        1
 84:     0.959  0.024  0.012  0.005        1
 85:     0.995  0.002  0.002  0.001        1
 86:     0.983  0.006  0.005  0.006        1
 87:     0.993  0.003  0.003  0.001        1
 88:     0.972  0.015  0.009  0.003        1
 89:     0.982  0.011  0.006  0.001        1
 90:     0.992  0.003  0.005  0.001        1
 91:     0.831  0.149  0.013  0.006        1
 92:     0.990  0.003  0.004  0.004        1
 93:     0.987  0.007  0.004  0.002        1
 94:     0.992  0.002  0.003  0.002        1
 95:     0.988  0.005  0.001  0.006        1
 96:     0.985  0.002  0.013  0.001        1
 97:     0.003  0.007  0.988  0.003        1
 98:     0.002  0.002  0.994  0.003        1
 99:     0.005  0.016  0.973  0.006        1
100:     0.007  0.005  0.987  0.002        1
101:     0.001  0.006  0.990  0.003        1
102:     0.000  0.006  0.993  0.001        1
103:     0.001  0.004  0.993  0.002        1
104:     0.000  0.003  0.994  0.003        1
105:     0.002  0.011  0.985  0.002        1
106:     0.001  0.002  0.995  0.002        1
107:     0.003  0.008  0.985  0.004        1
108:     0.002  0.001  0.996  0.002        1
109:     0.001  0.006  0.988  0.006        1
110:     0.001  0.002  0.996  0.001        1
111:     0.002  0.012  0.985  0.001        1
112:     0.002  0.003  0.963  0.033        1
113:     0.008  0.008  0.983  0.001        1
114:     0.001  0.005  0.992  0.002        1
115:     0.002  0.012  0.983  0.003        1
116:     0.001  0.015  0.981  0.003        1
117:     0.008  0.002  0.988  0.002        1
118:     0.001  0.022  0.972  0.005        1
119:     0.005  0.002  0.988  0.006        1
120:     0.002  0.004  0.993  0.001        1
121:     0.005  0.001  0.992  0.002        1
122:     0.002  0.001  0.997  0.001        1
123:     0.001  0.001  0.998  0.000        1
124:     0.001  0.001  0.997  0.001        1
125:     0.002  0.007  0.990  0.001        1
126:     0.002  0.006  0.991  0.002        1
127:     0.002  0.003  0.995  0.001        1
128:     0.001  0.003  0.995  0.001        1
129:     0.002  0.001  0.995  0.002        1
130:     0.002  0.002  0.990  0.006        1
131:     0.003  0.002  0.990  0.006        1
132:     0.005  0.035  0.954  0.006        1
133:     0.001  0.002  0.995  0.002        1
134:     0.005  0.003  0.988  0.004        1
135:     0.008  0.024  0.947  0.022        1
136:     0.011  0.011  0.976  0.002        1
137:     0.001  0.003  0.995  0.001        1
138:     0.001  0.003  0.991  0.005        1
139:     0.001  0.003  0.994  0.002        1
140:     0.000  0.002  0.992  0.006        1
141:     0.005  0.001  0.993  0.001        1
142:     0.001  0.001  0.997  0.000        1
143:     0.002  0.004  0.990  0.004        1
144:     0.003  0.002  0.994  0.000        1
145:     0.003  0.028  0.960  0.009        1
146:     0.001  0.003  0.995  0.002        1
147:     0.002  0.001  0.994  0.003        1
148:     0.001  0.008  0.987  0.004        1
149:     0.010  0.013  0.972  0.005        1
150:     0.003  0.012  0.978  0.008        1
151:     0.002  0.001  0.996  0.001        1
152:     0.004  0.009  0.982  0.006        1
153:     0.042  0.030  0.927  0.001        1
154:     0.005  0.013  0.979  0.003        1
155:     0.003  0.003  0.992  0.002        1
156:     0.001  0.012  0.982  0.005        1
157:     0.005  0.016  0.973  0.006        1
158:     0.010  0.093  0.893  0.004        1
159:     0.004  0.018  0.975  0.004        1
160:     0.005  0.026  0.957  0.012        1
161:     0.003  0.026  0.967  0.004        1
162:     0.003  0.006  0.988  0.003        1
163:     0.013  0.007  0.964  0.017        1
164:     0.008  0.013  0.978  0.001        1
165:     0.006  0.005  0.976  0.013        1
166:     0.041  0.012  0.944  0.003        1
167:     0.001  0.010  0.988  0.001        1
168:     0.001  0.003  0.994  0.002        1
169:     0.001  0.002  0.996  0.001        1
170:     0.003  0.007  0.988  0.001        1
171:     0.002  0.011  0.986  0.001        1
172:     0.005  0.040  0.951  0.004        1
173:     0.005  0.034  0.958  0.003        1
174:     0.001  0.001  0.995  0.003        1
175:     0.001  0.003  0.993  0.002        1
176:     0.003  0.007  0.987  0.004        1
177:     0.001  0.007  0.969  0.022        1
178:     0.002  0.007  0.990  0.001        1
179:     0.001  0.076  0.921  0.002        1
180:     0.002  0.002  0.994  0.002        1
181:     0.001  0.001  0.996  0.002        1
182:     0.002  0.005  0.989  0.004        1
183:     0.010  0.015  0.974  0.001        1
184:     0.004  0.008  0.986  0.002        1
185:     0.002  0.006  0.992  0.001        1
186:     0.001  0.002  0.996  0.001        1
187:     0.001  0.001  0.994  0.004        1
188:     0.002  0.002  0.994  0.002        1
189:     0.005  0.004  0.990  0.001        1
190:     0.003  0.005  0.991  0.001        1
191:     0.004  0.005  0.989  0.002        1
192:     0.001  0.062  0.935  0.002        1
193:     0.003  0.012  0.981  0.003        1
194:     0.006  0.004  0.988  0.002        1
195:     0.001  0.001  0.997  0.001        1
196:     0.003  0.004  0.989  0.004        1
197:     0.004  0.019  0.971  0.006        1
198:     0.001  0.001  0.996  0.002        1
199:     0.007  0.017  0.972  0.004        1
200:     0.187  0.002  0.809  0.002        1
201:     0.071  0.003  0.925  0.001        1
202:     0.003  0.001  0.995  0.001        1
203:     0.003  0.002  0.986  0.008        1
204:     0.041  0.001  0.957  0.002        1
205:     0.040  0.004  0.955  0.001        1
206:     0.090  0.004  0.903  0.004        1
207:     0.067  0.032  0.896  0.005        1
208:     0.008  0.020  0.969  0.003        1
209:     0.002  0.483  0.510  0.004        1
210:     0.002  0.002  0.994  0.002        1
211:     0.018  0.031  0.950  0.001        1
212:     0.153  0.006  0.836  0.006        1
213:     0.016  0.025  0.953  0.006        1
214:     0.035  0.043  0.920  0.002        1
215:     0.008  0.008  0.979  0.005        1
216:     0.006  0.017  0.975  0.003        1
217:     0.019  0.049  0.930  0.001        1
218:     0.012  0.019  0.968  0.001        1
219:     0.025  0.011  0.948  0.016        1
220:     0.001  0.003  0.996  0.001        1
221:     0.003  0.001  0.992  0.004        1
222:     0.004  0.026  0.966  0.003        1
223:     0.011  0.034  0.953  0.003        1
224:     0.003  0.004  0.991  0.002        1
225:     0.004  0.001  0.994  0.001        1
226:     0.216  0.127  0.656  0.001        1
227:     0.001  0.002  0.996  0.001        1
228:     0.015  0.006  0.978  0.002        1
229:     0.074  0.348  0.578  0.001        1
230:     0.145  0.018  0.835  0.002        1
231:     0.009  0.068  0.921  0.002        1
232:     0.007  0.010  0.976  0.006        1
233:     0.006  0.008  0.983  0.003        1
234:     0.077  0.011  0.907  0.005        1
235:     0.001  0.007  0.989  0.004        1
236:     0.002  0.008  0.988  0.002        1
237:     0.117  0.043  0.836  0.004        1
238:     0.008  0.007  0.984  0.001        1
239:     0.032  0.019  0.948  0.001        1
240:     0.008  0.008  0.982  0.002        1
241:     0.004  0.001  0.987  0.007        1
242:     0.008  0.013  0.977  0.002        1
243:     0.003  0.005  0.988  0.004        1
244:     0.051  0.002  0.944  0.003        1
245:     0.007  0.003  0.968  0.022        1
246:     0.005  0.011  0.982  0.002        1
247:     0.038  0.037  0.923  0.002        1
248:     0.021  0.134  0.841  0.004        1
249:     0.007  0.008  0.985  0.001        1
250:     0.025  0.012  0.961  0.002        1
251:     0.007  0.007  0.982  0.004        1
252:     0.003  0.005  0.991  0.002        1
253:     0.008  0.020  0.970  0.001        1
254:     0.003  0.008  0.988  0.001        1
255:     0.013  0.399  0.583  0.006        1
256:     0.012  0.026  0.955  0.007        1
257:     0.013  0.027  0.956  0.004        1
258:     0.001  0.001  0.988  0.010        1
259:     0.002  0.006  0.991  0.001        1
260:     0.010  0.023  0.952  0.015        1
261:     0.076  0.025  0.890  0.010        1
262:     0.034  0.032  0.929  0.006        1
263:     0.031  0.088  0.875  0.005        1
264:     0.003  0.012  0.984  0.001        1
265:     0.005  0.058  0.937  0.001        1
266:     0.005  0.006  0.930  0.058        1
267:     0.003  0.001  0.996  0.001        1
268:     0.038  0.080  0.881  0.002        1
269:     0.002  0.003  0.994  0.001        1
270:     0.002  0.006  0.990  0.002        1
271:     0.114  0.016  0.870  0.000        1
272:     0.007  0.019  0.973  0.001        1
273:     0.006  0.002  0.991  0.001        1
274:     0.006  0.007  0.984  0.002        1
275:     0.021  0.003  0.971  0.005        1
276:     0.012  0.043  0.912  0.032        1
277:     0.063  0.074  0.859  0.004        1
278:     0.004  0.006  0.989  0.001        1
279:     0.018  0.006  0.976  0.001        1
280:     0.003  0.005  0.988  0.004        1
281:     0.000  0.002  0.996  0.002        1
282:     0.988  0.003  0.004  0.006        1
283:     0.996  0.001  0.002  0.001        1
284:     0.968  0.006  0.024  0.002        1
285:     0.978  0.005  0.010  0.007        1
286:     0.993  0.001  0.003  0.004        1
287:     0.977  0.016  0.004  0.004        1
288:     0.969  0.011  0.018  0.002        1
289:     0.996  0.001  0.001  0.002        1
290:     0.988  0.003  0.007  0.002        1
291:     0.997  0.001  0.001  0.001        1
292:     0.980  0.012  0.006  0.002        1
293:     0.976  0.011  0.011  0.002        1
294:     0.992  0.003  0.004  0.001        1
295:     0.997  0.001  0.002  0.001        1
296:     0.993  0.002  0.004  0.001        1
297:     0.995  0.002  0.002  0.001        1
298:     0.986  0.002  0.004  0.007        1
299:     0.993  0.001  0.004  0.002        1
300:     0.992  0.002  0.002  0.004        1
301:     0.991  0.006  0.001  0.002        1
302:     0.992  0.000  0.003  0.005        1
303:     0.991  0.004  0.004  0.002        1
304:     0.978  0.009  0.002  0.011        1
305:     0.966  0.030  0.002  0.001        1
306:     0.982  0.013  0.003  0.002        1
307:     0.974  0.017  0.007  0.002        1
308:     0.973  0.004  0.018  0.005        1
309:     0.987  0.006  0.006  0.001        1
310:     0.991  0.001  0.002  0.006        1
311:     0.980  0.015  0.004  0.001        1
312:     0.995  0.003  0.001  0.001        1
313:     0.941  0.035  0.019  0.005        1
314:     0.991  0.003  0.002  0.004        1
315:     0.994  0.001  0.002  0.003        1
316:     0.956  0.008  0.018  0.017        1
317:     0.991  0.001  0.004  0.004        1
318:     0.986  0.003  0.010  0.001        1
319:     0.956  0.013  0.029  0.002        1
320:     0.978  0.003  0.005  0.015        1
321:     0.987  0.007  0.002  0.004        1
322:     0.994  0.002  0.003  0.001        1
323:     0.978  0.011  0.009  0.001        1
324:     0.002  0.003  0.985  0.011        1
325:     0.004  0.044  0.586  0.366        1
326:     0.002  0.007  0.986  0.005        1
327:     0.987  0.003  0.003  0.008        1
328:     0.998  0.000  0.001  0.001        1
329:     0.992  0.001  0.005  0.002        1
330:     0.996  0.002  0.001  0.001        1
331:     0.988  0.003  0.007  0.002        1
332:     0.994  0.005  0.001  0.001        1
333:     0.996  0.003  0.001  0.000        1
334:     0.961  0.028  0.007  0.004        1
335:     0.990  0.004  0.005  0.002        1
336:     0.995  0.002  0.002  0.001        1
337:     0.985  0.004  0.011  0.000        1
338:     0.957  0.031  0.010  0.003        1
339:     0.991  0.002  0.005  0.001        1
340:     0.991  0.003  0.005  0.002        1
341:     0.998  0.001  0.001  0.000        1
342:     0.992  0.005  0.002  0.001        1
343:     0.995  0.000  0.004  0.001        1
344:     0.987  0.003  0.007  0.003        1
345:     0.995  0.002  0.002  0.001        1
346:     0.993  0.002  0.003  0.001        1
347:     0.992  0.003  0.001  0.003        1
348:     0.993  0.001  0.003  0.003        1
349:     0.987  0.008  0.003  0.002        1
350:     0.990  0.003  0.002  0.006        1
351:     0.995  0.001  0.003  0.001        1
352:     0.995  0.002  0.002  0.001        1
353:     0.973  0.016  0.006  0.005        1
354:     0.992  0.004  0.004  0.001        1
355:     0.974  0.006  0.008  0.012        1
356:     0.993  0.004  0.001  0.001        1
357:     0.991  0.002  0.005  0.002        1
358:     0.991  0.005  0.003  0.002        1
359:     0.991  0.001  0.007  0.001        1
360:     0.992  0.003  0.003  0.001        1
361:     0.992  0.001  0.005  0.001        1
362:     0.011  0.240  0.649  0.100        1
363:     0.246  0.003  0.724  0.027        1
364:     0.024  0.012  0.951  0.013        1
365:     0.127  0.001  0.861  0.011        1
366:     0.987  0.004  0.007  0.002        1
367:     0.950  0.036  0.009  0.004        1
368:     0.992  0.002  0.004  0.002        1
369:     0.989  0.006  0.001  0.003        1
370:     0.997  0.001  0.001  0.002        1
371:     0.974  0.005  0.008  0.012        1
372:     0.996  0.001  0.002  0.001        1
373:     0.995  0.001  0.002  0.002        1
374:     0.992  0.006  0.001  0.002        1
375:     0.986  0.003  0.010  0.001        1
376:     0.974  0.022  0.001  0.003        1
377:     0.992  0.003  0.002  0.003        1
378:     0.996  0.001  0.001  0.002        1
379:     0.979  0.014  0.003  0.004        1
380:     0.994  0.003  0.001  0.002        1
381:     0.971  0.009  0.002  0.018        1
382:     0.996  0.002  0.001  0.002        1
383:     0.995  0.002  0.001  0.002        1
384:     0.991  0.004  0.004  0.002        1
385:     0.975  0.006  0.004  0.014        1
386:     0.988  0.006  0.003  0.002        1
387:     0.989  0.006  0.003  0.002        1
388:     0.980  0.012  0.003  0.004        1
389:     0.982  0.012  0.001  0.005        1
390:     0.975  0.005  0.014  0.006        1
391:     0.988  0.008  0.003  0.001        1
392:     0.995  0.002  0.001  0.003        1
393:     0.997  0.001  0.001  0.001        1
394:     0.022  0.060  0.907  0.011        1
395:     0.039  0.038  0.919  0.004        1
396:     0.005  0.019  0.816  0.159        1
397:     0.014  0.012  0.970  0.004        1
398:     0.001  0.002  0.976  0.020        1
399:     0.002  0.004  0.992  0.003        1
400:     0.100  0.001  0.873  0.026        1
401:     0.009  0.011  0.954  0.026        1
402:     0.037  0.041  0.922  0.001        1
403:     0.994  0.002  0.003  0.001        1
404:     0.882  0.086  0.025  0.007        1
405:     0.993  0.005  0.002  0.001        1
406:     0.995  0.002  0.001  0.002        1
407:     0.996  0.001  0.001  0.002        1
408:     0.921  0.012  0.009  0.058        1
409:     0.995  0.003  0.002  0.001        1
410:     0.998  0.001  0.001  0.000        1
411:     0.982  0.005  0.003  0.011        1
412:     0.988  0.006  0.004  0.002        1
413:     0.997  0.001  0.001  0.001        1
414:     0.994  0.002  0.003  0.001        1
415:     0.988  0.003  0.006  0.002        1
416:     0.994  0.002  0.002  0.002        1
417:     0.912  0.079  0.006  0.003        1
418:     0.001  0.012  0.978  0.009        1
419:     0.260  0.036  0.702  0.002        1
420:     0.003  0.017  0.556  0.425        1
421:     0.003  0.050  0.841  0.106        1
422:     0.003  0.010  0.816  0.171        1
423:     0.115  0.024  0.856  0.005        1
424:     0.009  0.001  0.812  0.178        1
425:     0.143  0.007  0.848  0.001        1
426:     0.005  0.009  0.982  0.004        1
427:     0.002  0.002  0.988  0.009        1
428:     0.003  0.012  0.732  0.253        1
429:     0.102  0.040  0.856  0.001        1
430:     0.166  0.002  0.824  0.008        1
431:     0.001  0.009  0.985  0.005        1
432:     0.005  0.021  0.910  0.064        1
433:     0.178  0.043  0.770  0.009        1
434:     0.026  0.044  0.929  0.002        1
435:     0.284  0.046  0.650  0.019        1
436:     0.014  0.011  0.972  0.003        1
437:     0.004  0.006  0.983  0.007        1
438:     0.002  0.043  0.953  0.002        1
439:     0.180  0.001  0.812  0.006        1
440:     0.373  0.149  0.476  0.001        1
441:     0.001  0.002  0.786  0.212        1
442:     0.004  0.019  0.970  0.007        1
443:     0.120  0.002  0.868  0.010        1
444:     0.000  0.024  0.876  0.100        1
445:     0.002  0.003  0.986  0.009        1
446:     0.004  0.003  0.919  0.075        1
447:     0.055  0.150  0.794  0.001        1
448:     0.001  0.009  0.857  0.132        1
449:     0.091  0.004  0.899  0.005        1
450:     0.006  0.033  0.894  0.067        1
451:     0.001  0.002  0.705  0.292        1
452:     0.001  0.004  0.360  0.634        1
453:     0.008  0.020  0.964  0.008        1
454:     0.006  0.083  0.899  0.012        1
455:     0.002  0.012  0.960  0.025        1
456:     0.013  0.001  0.251  0.735        1
457:     0.272  0.001  0.725  0.002        1
458:     0.122  0.159  0.718  0.002        1
459:     0.004  0.003  0.992  0.001        1
460:     0.161  0.001  0.734  0.104        1
461:     0.229  0.042  0.717  0.012        1
462:     0.262  0.005  0.727  0.007        1
463:     0.160  0.001  0.688  0.151        1
464:     0.008  0.024  0.953  0.015        1
465:     0.050  0.017  0.930  0.003        1
466:     0.018  0.235  0.746  0.001        1
467:     0.002  0.007  0.751  0.239        1
468:     0.349  0.001  0.650  0.001        1
469:     0.002  0.010  0.984  0.004        1
470:     0.169  0.049  0.380  0.403        1
471:     0.227  0.002  0.737  0.034        1
472:     0.020  0.014  0.962  0.004        1
473:     0.139  0.227  0.629  0.005        1
474:     0.037  0.002  0.775  0.186        1
475:     0.001  0.005  0.992  0.002        1
476:     0.098  0.273  0.515  0.114        1
477:     0.053  0.005  0.939  0.004        1
478:     0.027  0.019  0.939  0.015        1
479:     0.058  0.009  0.921  0.012        1
480:     0.003  0.004  0.810  0.183        1
481:     0.026  0.120  0.818  0.035        1
482:     0.141  0.008  0.724  0.127        1
483:     0.220  0.001  0.761  0.018        1
484:     0.001  0.003  0.976  0.020        1
485:     0.002  0.011  0.926  0.061        1
486:     0.047  0.018  0.884  0.051        1
487:     0.000  0.031  0.950  0.019        1
488:     0.002  0.038  0.835  0.125        1
489:     0.002  0.007  0.980  0.011        1
490:     0.315  0.071  0.614  0.000        1
491:     0.001  0.005  0.729  0.265        1
492:     0.001  0.001  0.878  0.120        1
493:     0.498  0.009  0.454  0.039        1
494:     0.179  0.004  0.816  0.001        1
495:     0.012  0.006  0.775  0.207        1
496:     0.010  0.011  0.973  0.007        1
497:     0.047  0.005  0.937  0.011        1
498:     0.007  0.009  0.982  0.003        1
499:     0.002  0.073  0.452  0.472        1
500:     0.001  0.008  0.131  0.860        1
501:     0.003  0.002  0.659  0.336        1
502:     0.005  0.016  0.974  0.005        1
503:     0.127  0.044  0.825  0.004        1
504:     0.153  0.006  0.837  0.004        1
505:     0.001  0.002  0.993  0.003        1
506:     0.097  0.057  0.832  0.014        1
507:     0.014  0.287  0.674  0.026        1
508:     0.017  0.006  0.902  0.075        1
509:     0.001  0.015  0.982  0.001        1
510:     0.409  0.026  0.437  0.128        1
511:     0.042  0.004  0.954  0.001        1
512:     0.043  0.038  0.915  0.003        1
513:     0.202  0.008  0.450  0.340        1
514:     0.002  0.004  0.992  0.002        1
515:     0.058  0.003  0.823  0.117        1
516:     0.006  0.005  0.975  0.014        1
517:     0.010  0.003  0.976  0.011        1
518:     0.009  0.020  0.964  0.006        1
519:     0.005  0.001  0.611  0.382        1
520:     0.004  0.017  0.919  0.060        1
521:     0.001  0.001  0.928  0.069        1
522:     0.017  0.003  0.680  0.300        1
523:     0.003  0.001  0.727  0.268        1
524:     0.006  0.007  0.984  0.004        1
525:     0.055  0.056  0.887  0.002        1
526:     0.054  0.042  0.893  0.011        1
527:     0.001  0.059  0.720  0.221        1
528:     0.003  0.001  0.943  0.054        1
529:     0.001  0.045  0.952  0.001        1
530:     0.589  0.007  0.402  0.002        1
531:     0.217  0.031  0.439  0.313        1
532:     0.029  0.200  0.769  0.002        1
533:     0.244  0.006  0.749  0.001        1
534:     0.463  0.003  0.531  0.003        1
535:     0.150  0.008  0.833  0.008        1
536:     0.109  0.002  0.886  0.003        1
537:     0.248  0.002  0.747  0.002        1
538:     0.191  0.142  0.664  0.003        1
539:     0.187  0.143  0.605  0.065        1
540:     0.135  0.005  0.859  0.001        1
541:     0.001  0.010  0.945  0.043        1
542:     0.243  0.007  0.750  0.001        1
543:     0.208  0.002  0.790  0.001        1
544:     0.308  0.011  0.425  0.257        1
545:     0.376  0.005  0.608  0.012        1
546:     0.123  0.003  0.799  0.075        1
547:     0.557  0.001  0.436  0.006        1
548:     0.204  0.014  0.716  0.066        1
549:     0.291  0.002  0.706  0.001        1
550:     0.285  0.003  0.598  0.113        1
551:     0.285  0.001  0.711  0.004        1
552:     0.012  0.223  0.764  0.001        1
553:     0.112  0.087  0.796  0.005        1
554:     0.056  0.024  0.849  0.071        1
555:     0.001  0.040  0.958  0.001        1
556:     0.013  0.007  0.505  0.475        1
557:     0.000  0.002  0.594  0.404        1
558:     0.021  0.007  0.939  0.034        1
559:     0.126  0.024  0.850  0.001        1
560:     0.019  0.046  0.691  0.244        1
561:     0.055  0.006  0.934  0.004        1
562:     0.046  0.175  0.535  0.244        1
563:     0.199  0.002  0.571  0.227        1
564:     0.018  0.011  0.906  0.065        1
565:     0.006  0.010  0.917  0.066        1
566:     0.271  0.012  0.707  0.010        1
567:     0.247  0.016  0.553  0.185        1
568:     0.005  0.001  0.827  0.168        1
569:     0.072  0.004  0.924  0.001        1
570:     0.290  0.001  0.700  0.009        1
571:     0.002  0.000  0.989  0.008        1
572:     0.003  0.002  0.994  0.001        1
573:     0.006  0.001  0.843  0.150        1
574:     0.365  0.005  0.625  0.006        1
575:     0.441  0.004  0.554  0.001        1
576:     0.075  0.014  0.625  0.286        1
577:     0.001  0.011  0.895  0.093        1
578:     0.105  0.006  0.883  0.005        1
579:     0.275  0.002  0.721  0.003        1
580:     0.149  0.029  0.805  0.017        1
581:     0.425  0.014  0.532  0.029        1
582:     0.354  0.005  0.562  0.079        1
583:     0.072  0.000  0.600  0.327        1
584:     0.056  0.042  0.894  0.008        1
585:     0.003  0.004  0.993  0.001        1
586:     0.004  0.003  0.992  0.002        1
587:     0.003  0.019  0.794  0.184        1
588:     0.079  0.022  0.458  0.440        1
589:     0.003  0.029  0.964  0.005        1
590:     0.134  0.026  0.762  0.078        1
591:     0.000  0.009  0.986  0.005        1
592:     0.130  0.033  0.818  0.019        1
593:     0.002  0.002  0.992  0.003        1
594:     0.112  0.002  0.410  0.476        1
595:     0.070  0.001  0.767  0.162        1
596:     0.011  0.019  0.965  0.006        1
597:     0.017  0.011  0.958  0.013        1
598:     0.017  0.080  0.896  0.007        1
599:     0.002  0.004  0.993  0.001        1
600:     0.007  0.019  0.959  0.015        1
601:     0.001  0.007  0.991  0.001        1
602:     0.002  0.009  0.986  0.003        1
603:     0.000  0.005  0.993  0.002        1
604:     0.001  0.002  0.994  0.004        1
605:     0.000  0.002  0.994  0.003        1
606:     0.000  0.004  0.992  0.004        1
607:     0.001  0.001  0.998  0.001        1
608:     0.001  0.002  0.995  0.002        1
609:     0.001  0.007  0.990  0.002        1
610:     0.001  0.003  0.995  0.001        1
611:     0.001  0.003  0.995  0.001        1
612:     0.007  0.012  0.978  0.003        1
613:     0.002  0.012  0.980  0.006        1
614:     0.001  0.007  0.987  0.005        1
615:     0.001  0.003  0.995  0.001        1
616:     0.002  0.001  0.991  0.007        1
617:     0.002  0.005  0.992  0.001        1
618:     0.002  0.013  0.980  0.005        1
619:     0.002  0.008  0.988  0.002        1
620:     0.011  0.010  0.964  0.015        1
621:     0.001  0.001  0.996  0.002        1
622:     0.172  0.000  0.824  0.004        1
623:     0.008  0.001  0.586  0.405        1
624:     0.001  0.001  0.626  0.371        1
625:     0.509  0.005  0.482  0.004        1
626:     0.062  0.156  0.777  0.005        1
627:     0.283  0.002  0.714  0.001        1
628:     0.447  0.004  0.547  0.003        1
629:     0.282  0.006  0.701  0.011        1
630:     0.451  0.001  0.545  0.003        1
631:     0.002  0.823  0.172  0.002        1
632:     0.000  0.468  0.507  0.025        1
633:     0.070  0.867  0.061  0.001        1
634:     0.002  0.864  0.131  0.004        1
635:     0.866  0.089  0.008  0.038        1
636:     0.993  0.003  0.003  0.002        1
637:     0.981  0.006  0.002  0.011        1
638:     0.987  0.005  0.003  0.005        1
639:     0.986  0.004  0.003  0.007        1
640:     0.994  0.003  0.001  0.002        1
641:     0.002  0.005  0.988  0.005        1
642:     0.002  0.013  0.968  0.016        1
643:     0.003  0.003  0.990  0.005        1
644:     0.002  0.010  0.987  0.001        1
645:     0.001  0.015  0.981  0.003        1
646:     0.001  0.004  0.993  0.002        1
647:     0.001  0.002  0.995  0.002        1
648:     0.001  0.006  0.986  0.008        1
649:     0.000  0.003  0.996  0.001        1
650:     0.005  0.008  0.945  0.042        1
651:     0.003  0.013  0.983  0.001        1
652:     0.001  0.018  0.975  0.005        1
653:     0.001  0.001  0.997  0.001        1
654:     0.002  0.010  0.987  0.001        1
655:     0.002  0.007  0.989  0.002        1
656:     0.002  0.002  0.993  0.003        1
657:     0.003  0.016  0.980  0.001        1
658:     0.030  0.018  0.937  0.014        1
659:     0.005  0.024  0.764  0.206        1
660:     0.005  0.003  0.985  0.007        1
661:     0.001  0.002  0.993  0.004        1
662:     0.001  0.006  0.987  0.005        1
663:     0.002  0.011  0.980  0.007        1
664:     0.011  0.008  0.970  0.012        1
665:     0.002  0.002  0.985  0.012        1
666:     0.001  0.009  0.985  0.004        1
667:     0.036  0.134  0.828  0.001        1
668:     0.001  0.001  0.998  0.000        1
669:     0.002  0.000  0.997  0.001        1
670:     0.005  0.002  0.991  0.002        1
671:     0.001  0.002  0.996  0.001        1
672:     0.002  0.004  0.993  0.001        1
673:     0.001  0.006  0.972  0.021        1
674:     0.001  0.005  0.993  0.001        1
675:     0.001  0.002  0.992  0.005        1
676:     0.002  0.003  0.988  0.006        1
677:     0.002  0.003  0.993  0.001        1
678:     0.001  0.003  0.908  0.087        1
679:     0.002  0.009  0.986  0.003        1
680:     0.001  0.006  0.973  0.021        1
681:     0.001  0.003  0.996  0.000        1
682:     0.003  0.005  0.988  0.004        1
683:     0.001  0.034  0.957  0.009        1
684:     0.004  0.087  0.908  0.001        1
685:     0.004  0.006  0.987  0.003        1
686:     0.004  0.006  0.986  0.004        1
687:     0.002  0.004  0.971  0.024        1
688:     0.035  0.040  0.911  0.013        1
689:     0.001  0.002  0.993  0.004        1
690:     0.001  0.003  0.984  0.011        1
691:     0.007  0.005  0.987  0.001        1
692:     0.003  0.004  0.991  0.002        1
693:     0.002  0.004  0.992  0.002        1
694:     0.001  0.030  0.967  0.002        1
695:     0.001  0.014  0.983  0.001        1
696:     0.004  0.039  0.947  0.010        1
697:     0.002  0.012  0.985  0.001        1
698:     0.001  0.005  0.993  0.001        1
699:     0.004  0.006  0.980  0.010        1
700:     0.004  0.003  0.993  0.001        1
701:     0.002  0.003  0.993  0.003        1
702:     0.002  0.003  0.989  0.006        1
703:     0.006  0.009  0.983  0.002        1
704:     0.001  0.002  0.996  0.001        1
705:     0.001  0.002  0.994  0.003        1
706:     0.003  0.021  0.967  0.009        1
707:     0.003  0.002  0.985  0.011        1
708:     0.001  0.003  0.993  0.004        1
709:     0.004  0.027  0.968  0.001        1
710:     0.001  0.013  0.873  0.113        1
711:     0.003  0.004  0.993  0.001        1
712:     0.001  0.002  0.994  0.002        1
713:     0.001  0.002  0.994  0.003        1
714:     0.991  0.005  0.003  0.001        1
715:     0.985  0.011  0.003  0.002        1
716:     0.987  0.002  0.005  0.006        1
717:     0.985  0.001  0.002  0.012        1
718:     0.956  0.014  0.028  0.002        1
719:     0.994  0.003  0.002  0.002        1
720:     0.996  0.002  0.001  0.001        1
721:     0.982  0.012  0.002  0.005        1
722:     0.974  0.008  0.008  0.010        1
723:     0.997  0.002  0.001  0.001        1
724:     0.994  0.002  0.002  0.003        1
725:     0.974  0.017  0.002  0.006        1
726:     0.994  0.003  0.002  0.001        1
727:     0.974  0.003  0.009  0.014        1
728:     0.989  0.001  0.002  0.008        1
729:     0.902  0.002  0.003  0.093        1
730:     0.991  0.003  0.002  0.004        1
731:     0.972  0.019  0.007  0.002        1
732:     0.995  0.002  0.001  0.002        1
733:     0.992  0.003  0.002  0.003        1
734:     0.997  0.001  0.001  0.001        1
735:     0.977  0.004  0.013  0.006        1
736:     0.996  0.001  0.002  0.001        1
737:     0.995  0.001  0.001  0.002        1
738:     0.972  0.015  0.012  0.001        1
739:     0.972  0.009  0.015  0.003        1
740:     0.982  0.009  0.001  0.007        1
741:     0.993  0.004  0.001  0.002        1
742:     0.934  0.022  0.004  0.041        1
743:     0.986  0.006  0.004  0.004        1
744:     0.924  0.064  0.002  0.009        1
745:     0.944  0.045  0.009  0.002        1
746:     0.970  0.022  0.007  0.001        1
747:     0.992  0.005  0.003  0.001        1
748:     0.854  0.138  0.006  0.002        1
749:     0.994  0.001  0.002  0.002        1
750:     0.962  0.031  0.002  0.005        1
751:     0.971  0.019  0.005  0.005        1
752:     0.974  0.012  0.005  0.008        1
753:     0.973  0.013  0.012  0.002        1
754:     0.986  0.008  0.004  0.002        1
755:     0.994  0.002  0.002  0.001        1
756:     0.992  0.005  0.002  0.001        1
757:     0.992  0.004  0.001  0.003        1
758:     0.987  0.006  0.005  0.002        1
759:     0.990  0.003  0.003  0.004        1
760:     0.992  0.002  0.002  0.003        1
761:     0.927  0.057  0.003  0.013        1
762:     0.985  0.008  0.004  0.002        1
763:     0.991  0.005  0.002  0.002        1
764:     0.984  0.007  0.006  0.004        1
765:     0.986  0.006  0.006  0.002        1
766:     0.933  0.027  0.009  0.032        1
767:     0.997  0.001  0.002  0.001        1
768:     0.991  0.003  0.003  0.003        1
769:     0.797  0.200  0.002  0.001        1
770:     0.002  0.187  0.014  0.797        1
771:     0.001  0.511  0.001  0.487        1
772:     0.002  0.078  0.042  0.878        1
773:     0.002  0.041  0.465  0.492        1
774:     0.000  0.022  0.110  0.868        1
775:     0.001  0.002  0.440  0.558        1
776:     0.003  0.004  0.003  0.990        1
777:     0.002  0.003  0.002  0.994        1
778:     0.485  0.014  0.495  0.007        1
779:     0.654  0.023  0.321  0.001        1
780:     0.010  0.089  0.101  0.800        1
781:     0.002  0.001  0.004  0.993        1
782:     0.025  0.075  0.041  0.858        1
783:     0.010  0.003  0.309  0.679        1
784:     0.002  0.001  0.001  0.996        1
785:     0.532  0.006  0.462  0.000        1
786:     0.358  0.003  0.638  0.001        1
787:     0.766  0.116  0.115  0.003        1
788:     0.610  0.156  0.210  0.024        1
789:     0.667  0.006  0.325  0.003        1
790:     0.376  0.027  0.355  0.242        1
791:     0.741  0.054  0.167  0.038        1
792:     0.570  0.012  0.417  0.002        1
793:     0.492  0.003  0.502  0.003        1
794:     0.352  0.269  0.191  0.188        1
795:     0.456  0.002  0.542  0.001        1
796:     0.646  0.001  0.352  0.002        1
797:     0.637  0.026  0.336  0.001        1
798:     0.307  0.030  0.642  0.021        1
799:     0.593  0.006  0.397  0.004        1
800:     0.447  0.038  0.444  0.071        1
801:     0.796  0.183  0.018  0.004        1
802:     0.586  0.009  0.403  0.002        1
803:     0.398  0.003  0.410  0.190        1
804:     0.653  0.002  0.343  0.003        1
805:     0.721  0.003  0.274  0.001        1
806:     0.669  0.042  0.288  0.000        1
807:     0.576  0.002  0.421  0.001        1
808:     0.600  0.162  0.236  0.002        1
809:     0.001  0.001  0.001  0.998        1
810:     0.000  0.001  0.001  0.998        1
811:     0.694  0.020  0.283  0.003        1
812:     0.234  0.088  0.207  0.471        1
813:     0.295  0.002  0.689  0.014        1
814:     0.660  0.311  0.029  0.001        1
815:     0.494  0.002  0.498  0.007        1
816:     0.248  0.005  0.497  0.250        1
817:     0.589  0.004  0.405  0.003        1
818:     0.633  0.014  0.352  0.001        1
819:     0.498  0.003  0.496  0.003        1
820:     0.450  0.001  0.548  0.001        1
821:     0.406  0.005  0.587  0.002        1
822:     0.352  0.015  0.631  0.002        1
823:     0.676  0.003  0.318  0.003        1
824:     0.005  0.052  0.073  0.869        1
825:     0.007  0.012  0.110  0.871        1
826:     0.001  0.009  0.646  0.344        1
827:     0.141  0.002  0.322  0.535        1
828:     0.139  0.002  0.006  0.852        1
829:     0.526  0.004  0.465  0.005        1
830:     0.723  0.001  0.275  0.001        1
831:     0.625  0.099  0.275  0.001        1
832:     0.614  0.004  0.381  0.001        1
833:     0.757  0.002  0.235  0.007        1
834:     0.317  0.001  0.391  0.290        1
835:     0.697  0.091  0.209  0.003        1
836:     0.004  0.010  0.011  0.975        1
837:     0.001  0.006  0.349  0.644        1
838:     0.001  0.001  0.003  0.994        1
839:     0.002  0.005  0.001  0.993        1
840:     0.001  0.003  0.001  0.995        1
841:     0.988  0.003  0.001  0.008        1
842:     0.990  0.006  0.002  0.002        1
843:     0.989  0.007  0.003  0.001        1
844:     0.958  0.023  0.008  0.011        1
845:     0.971  0.020  0.005  0.003        1
846:     0.996  0.002  0.001  0.001        1
847:     0.918  0.031  0.050  0.001        1
848:     0.971  0.010  0.009  0.011        1
849:     0.976  0.013  0.010  0.001        1
850:     0.988  0.008  0.001  0.003        1
851:     0.980  0.012  0.007  0.002        1
852:     0.990  0.004  0.006  0.001        1
853:     0.993  0.002  0.003  0.002        1
854:     0.983  0.008  0.006  0.003        1
855:     0.975  0.011  0.010  0.004        1
856:     0.987  0.004  0.005  0.003        1
857:     0.978  0.002  0.001  0.018        1
858:     0.002  0.002  0.351  0.645        1
859:     0.003  0.004  0.048  0.945        1
860:     0.001  0.002  0.002  0.996        1
861:     0.007  0.002  0.053  0.938        1
862:     0.952  0.007  0.034  0.007        1
863:     0.924  0.045  0.008  0.023        1
864:     0.901  0.074  0.020  0.005        1
865:     0.781  0.211  0.007  0.001        1
866:     0.974  0.010  0.006  0.010        1
867:     0.923  0.066  0.002  0.009        1
868:     0.931  0.006  0.009  0.054        1
869:     0.970  0.008  0.004  0.018        1
870:     0.630  0.360  0.009  0.001        1
871:     0.982  0.010  0.005  0.002        1
