

----------------------------------------------------
STRUCTURE by Pritchard, Stephens and Donnelly (2000)
     and Falush, Stephens and Pritchard (2003)
       Code by Pritchard, Falush and Hubisz
             Version 2.3.4 (Jul 2012)
----------------------------------------------------



Command line arguments:   structure -K 4 -L 574 -N 2600 -i ./TEST.recode.strct_in -D 24690 -o ./TEST_structureOUT/K4_2 
Input File:    ./TEST.recode.strct_in

Run parameters:
   2600 individuals
   574 loci
   4 populations assumed
   1000 Burn-in period
   3000 Reps


--------------------------------------------
Proportion of membership of each pre-defined
 population in each of the 4 clusters

Given    Inferred Clusters              Number of
 Pop       1      2      3      4      Individuals

  1:     0.001  0.996  0.002  0.001        1
  2:     0.004  0.974  0.005  0.017        1
  3:     0.003  0.987  0.007  0.003        1
  4:     0.006  0.980  0.007  0.008        1
  5:     0.005  0.960  0.015  0.020        1
  6:     0.011  0.962  0.010  0.017        1
  7:     0.002  0.993  0.003  0.002        1
  8:     0.002  0.994  0.002  0.002        1
  9:     0.002  0.995  0.001  0.002        1
 10:     0.006  0.984  0.005  0.005        1
 11:     0.002  0.981  0.015  0.003        1
 12:     0.002  0.993  0.002  0.003        1
 13:     0.002  0.967  0.023  0.007        1
 14:     0.003  0.985  0.009  0.003        1
 15:     0.007  0.974  0.007  0.012        1
 16:     0.001  0.997  0.001  0.002        1
 17:     0.004  0.937  0.057  0.002        1
 18:     0.001  0.994  0.001  0.004        1
 19:     0.000  0.994  0.001  0.004        1
 20:     0.015  0.981  0.002  0.002        1
 21:     0.012  0.982  0.001  0.004        1
 22:     0.008  0.964  0.025  0.003        1
 23:     0.001  0.994  0.003  0.002        1
 24:     0.004  0.976  0.005  0.016        1
 25:     0.001  0.994  0.002  0.003        1
 26:     0.001  0.997  0.001  0.000        1
 27:     0.003  0.994  0.002  0.001        1
 28:     0.002  0.961  0.019  0.017        1
 29:     0.002  0.988  0.006  0.004        1
 30:     0.032  0.954  0.012  0.002        1
 31:     0.002  0.997  0.001  0.001        1
 32:     0.004  0.985  0.007  0.004        1
 33:     0.008  0.956  0.034  0.002        1
 34:     0.006  0.972  0.018  0.004        1
 35:     0.002  0.979  0.005  0.014        1
 36:     0.011  0.978  0.007  0.004        1
 37:     0.002  0.992  0.003  0.003        1
 38:     0.002  0.993  0.002  0.003        1
 39:     0.001  0.996  0.001  0.002        1
 40:     0.000  0.997  0.001  0.001        1
 41:     0.016  0.976  0.005  0.002        1
 42:     0.004  0.895  0.001  0.100        1
 43:     0.046  0.909  0.028  0.018        1
 44:     0.050  0.937  0.013  0.001        1
 45:     0.001  0.995  0.002  0.002        1
 46:     0.001  0.988  0.001  0.010        1
 47:     0.006  0.985  0.003  0.007        1
 48:     0.102  0.890  0.005  0.003        1
 49:     0.002  0.991  0.001  0.006        1
 50:     0.002  0.997  0.001  0.000        1
 51:     0.000  0.972  0.012  0.015        1
 52:     0.003  0.985  0.005  0.007        1
 53:     0.007  0.987  0.002  0.003        1
 54:     0.004  0.985  0.006  0.006        1
 55:     0.001  0.990  0.003  0.007        1
 56:     0.001  0.994  0.001  0.004        1
 57:     0.003  0.991  0.003  0.003        1
 58:     0.001  0.995  0.003  0.001        1
 59:     0.001  0.993  0.004  0.002        1
 60:     0.039  0.933  0.004  0.023        1
 61:     0.062  0.923  0.007  0.008        1
 62:     0.001  0.997  0.002  0.001        1
 63:     0.018  0.962  0.004  0.016        1
 64:     0.001  0.998  0.001  0.000        1
 65:     0.003  0.987  0.005  0.006        1
 66:     0.019  0.933  0.038  0.010        1
 67:     0.002  0.995  0.002  0.001        1
 68:     0.002  0.989  0.006  0.004        1
 69:     0.002  0.989  0.004  0.005        1
 70:     0.005  0.986  0.008  0.001        1
 71:     0.003  0.983  0.004  0.011        1
 72:     0.003  0.980  0.011  0.006        1
 73:     0.004  0.988  0.007  0.002        1
 74:     0.007  0.964  0.015  0.015        1
 75:     0.006  0.989  0.004  0.001        1
 76:     0.005  0.955  0.029  0.010        1
 77:     0.002  0.993  0.001  0.004        1
 78:     0.005  0.987  0.003  0.005        1
 79:     0.027  0.937  0.028  0.008        1
 80:     0.004  0.957  0.021  0.018        1
 81:     0.002  0.991  0.006  0.001        1
 82:     0.001  0.921  0.023  0.055        1
 83:     0.007  0.987  0.002  0.004        1
 84:     0.004  0.972  0.010  0.014        1
 85:     0.002  0.994  0.003  0.001        1
 86:     0.006  0.966  0.017  0.010        1
 87:     0.000  0.998  0.000  0.001        1
 88:     0.004  0.986  0.008  0.002        1
 89:     0.001  0.988  0.007  0.005        1
 90:     0.001  0.991  0.006  0.002        1
 91:     0.002  0.750  0.244  0.004        1
 92:     0.005  0.980  0.007  0.008        1
 93:     0.001  0.992  0.006  0.001        1
 94:     0.005  0.991  0.004  0.001        1
 95:     0.007  0.984  0.004  0.005        1
 96:     0.001  0.985  0.006  0.008        1
 97:     0.001  0.004  0.005  0.990        1
 98:     0.001  0.001  0.002  0.996        1
 99:     0.006  0.002  0.023  0.970        1
100:     0.004  0.008  0.007  0.981        1
101:     0.001  0.001  0.008  0.990        1
102:     0.002  0.002  0.001  0.996        1
103:     0.003  0.001  0.005  0.991        1
104:     0.003  0.004  0.008  0.985        1
105:     0.003  0.001  0.023  0.974        1
106:     0.002  0.002  0.003  0.993        1
107:     0.014  0.002  0.007  0.976        1
108:     0.001  0.002  0.005  0.993        1
109:     0.005  0.000  0.001  0.993        1
110:     0.001  0.001  0.004  0.994        1
111:     0.002  0.003  0.011  0.985        1
112:     0.022  0.001  0.005  0.973        1
113:     0.001  0.009  0.017  0.972        1
114:     0.001  0.002  0.007  0.991        1
115:     0.004  0.001  0.005  0.990        1
116:     0.001  0.003  0.004  0.991        1
117:     0.002  0.004  0.003  0.992        1
118:     0.002  0.002  0.026  0.970        1
119:     0.013  0.003  0.002  0.982        1
120:     0.001  0.001  0.001  0.997        1
121:     0.003  0.003  0.003  0.991        1
122:     0.001  0.001  0.001  0.998        1
123:     0.001  0.001  0.002  0.995        1
124:     0.001  0.002  0.001  0.997        1
125:     0.003  0.003  0.004  0.990        1
126:     0.002  0.001  0.002  0.994        1
127:     0.001  0.001  0.002  0.996        1
128:     0.001  0.005  0.002  0.992        1
129:     0.001  0.001  0.001  0.997        1
130:     0.004  0.001  0.002  0.993        1
131:     0.003  0.004  0.002  0.991        1
132:     0.005  0.004  0.042  0.948        1
133:     0.001  0.001  0.002  0.996        1
134:     0.018  0.003  0.005  0.974        1
135:     0.026  0.004  0.050  0.920        1
136:     0.001  0.003  0.003  0.993        1
137:     0.000  0.002  0.001  0.997        1
138:     0.003  0.002  0.002  0.993        1
139:     0.002  0.001  0.002  0.995        1
140:     0.003  0.001  0.001  0.995        1
141:     0.003  0.005  0.001  0.990        1
142:     0.001  0.002  0.004  0.993        1
143:     0.002  0.002  0.002  0.995        1
144:     0.001  0.001  0.001  0.997        1
145:     0.005  0.002  0.037  0.956        1
146:     0.002  0.001  0.003  0.995        1
147:     0.001  0.001  0.002  0.996        1
148:     0.002  0.001  0.021  0.976        1
149:     0.003  0.006  0.008  0.983        1
150:     0.002  0.003  0.013  0.981        1
151:     0.001  0.001  0.003  0.995        1
152:     0.004  0.003  0.011  0.982        1
153:     0.003  0.030  0.027  0.940        1
154:     0.003  0.003  0.012  0.983        1
155:     0.002  0.004  0.007  0.986        1
156:     0.001  0.004  0.026  0.969        1
157:     0.016  0.005  0.049  0.930        1
158:     0.003  0.011  0.069  0.917        1
159:     0.002  0.002  0.035  0.961        1
160:     0.006  0.013  0.011  0.970        1
161:     0.004  0.008  0.014  0.975        1
162:     0.001  0.003  0.004  0.992        1
163:     0.013  0.009  0.008  0.970        1
164:     0.002  0.002  0.003  0.993        1
165:     0.014  0.001  0.003  0.982        1
166:     0.005  0.023  0.010  0.962        1
167:     0.002  0.002  0.010  0.987        1
168:     0.002  0.003  0.002  0.993        1
169:     0.001  0.002  0.001  0.996        1
170:     0.001  0.005  0.007  0.988        1
171:     0.001  0.001  0.006  0.992        1
172:     0.002  0.004  0.038  0.956        1
173:     0.004  0.006  0.026  0.963        1
174:     0.000  0.001  0.006  0.992        1
175:     0.004  0.002  0.004  0.990        1
176:     0.002  0.001  0.004  0.993        1
177:     0.018  0.001  0.002  0.979        1
178:     0.000  0.001  0.003  0.995        1
179:     0.001  0.002  0.131  0.867        1
180:     0.001  0.001  0.001  0.997        1
181:     0.002  0.001  0.001  0.997        1
182:     0.004  0.006  0.004  0.985        1
183:     0.003  0.007  0.011  0.978        1
184:     0.007  0.008  0.010  0.975        1
185:     0.002  0.002  0.005  0.991        1
186:     0.001  0.001  0.002  0.996        1
187:     0.006  0.001  0.003  0.991        1
188:     0.001  0.001  0.001  0.997        1
189:     0.002  0.003  0.003  0.992        1
190:     0.000  0.009  0.001  0.990        1
191:     0.002  0.001  0.012  0.984        1
192:     0.001  0.001  0.015  0.983        1
193:     0.001  0.002  0.004  0.993        1
194:     0.007  0.008  0.009  0.976        1
195:     0.001  0.002  0.003  0.994        1
196:     0.003  0.001  0.005  0.991        1
197:     0.006  0.003  0.013  0.978        1
198:     0.002  0.001  0.003  0.994        1
199:     0.002  0.004  0.016  0.977        1
200:     0.001  0.169  0.010  0.820        1
201:     0.002  0.039  0.009  0.951        1
202:     0.001  0.001  0.002  0.996        1
203:     0.010  0.004  0.009  0.977        1
204:     0.001  0.052  0.007  0.940        1
205:     0.001  0.053  0.001  0.945        1
206:     0.001  0.080  0.006  0.913        1
207:     0.001  0.038  0.020  0.942        1
208:     0.004  0.014  0.016  0.967        1
209:     0.004  0.012  0.405  0.579        1
210:     0.001  0.003  0.006  0.990        1
211:     0.002  0.013  0.024  0.961        1
212:     0.003  0.061  0.005  0.931        1
213:     0.003  0.006  0.031  0.959        1
214:     0.003  0.039  0.010  0.947        1
215:     0.002  0.008  0.005  0.985        1
216:     0.002  0.001  0.008  0.989        1
217:     0.002  0.014  0.053  0.931        1
218:     0.001  0.004  0.055  0.940        1
219:     0.014  0.015  0.006  0.965        1
220:     0.001  0.001  0.002  0.996        1
221:     0.003  0.004  0.004  0.989        1
222:     0.003  0.001  0.012  0.984        1
223:     0.001  0.048  0.010  0.940        1
224:     0.004  0.009  0.005  0.982        1
225:     0.001  0.002  0.000  0.997        1
226:     0.000  0.204  0.072  0.724        1
227:     0.001  0.000  0.001  0.997        1
228:     0.001  0.018  0.005  0.976        1
229:     0.006  0.095  0.250  0.649        1
230:     0.004  0.177  0.012  0.807        1
231:     0.002  0.005  0.029  0.964        1
232:     0.011  0.016  0.022  0.951        1
233:     0.004  0.004  0.004  0.989        1
234:     0.004  0.056  0.024  0.916        1
235:     0.013  0.003  0.001  0.983        1
236:     0.001  0.001  0.003  0.995        1
237:     0.003  0.115  0.068  0.814        1
238:     0.000  0.019  0.011  0.970        1
239:     0.002  0.014  0.016  0.969        1
240:     0.003  0.005  0.007  0.984        1
241:     0.009  0.002  0.001  0.988        1
242:     0.002  0.006  0.006  0.986        1
243:     0.002  0.008  0.012  0.978        1
244:     0.005  0.079  0.017  0.899        1
245:     0.024  0.007  0.003  0.966        1
246:     0.002  0.003  0.005  0.989        1
247:     0.003  0.053  0.039  0.905        1
248:     0.004  0.007  0.116  0.873        1
249:     0.002  0.007  0.016  0.975        1
250:     0.002  0.048  0.003  0.946        1
251:     0.003  0.002  0.008  0.987        1
252:     0.001  0.005  0.007  0.987        1
253:     0.002  0.018  0.027  0.953        1
254:     0.001  0.001  0.004  0.994        1
255:     0.002  0.015  0.410  0.573        1
256:     0.020  0.006  0.025  0.949        1
257:     0.001  0.007  0.011  0.981        1
258:     0.008  0.004  0.002  0.986        1
259:     0.002  0.002  0.010  0.986        1
260:     0.009  0.009  0.016  0.965        1
261:     0.003  0.061  0.031  0.905        1
262:     0.006  0.021  0.027  0.946        1
263:     0.010  0.040  0.070  0.881        1
264:     0.000  0.009  0.009  0.982        1
265:     0.002  0.010  0.090  0.898        1
266:     0.042  0.010  0.014  0.934        1
267:     0.002  0.002  0.002  0.994        1
268:     0.001  0.063  0.054  0.882        1
269:     0.001  0.001  0.003  0.995        1
270:     0.002  0.004  0.006  0.988        1
271:     0.002  0.111  0.006  0.881        1
272:     0.002  0.015  0.013  0.970        1
273:     0.001  0.001  0.010  0.988        1
274:     0.001  0.008  0.010  0.981        1
275:     0.004  0.007  0.003  0.986        1
276:     0.021  0.013  0.028  0.938        1
277:     0.007  0.118  0.013  0.863        1
278:     0.001  0.003  0.004  0.993        1
279:     0.001  0.019  0.004  0.976        1
280:     0.006  0.008  0.012  0.974        1
281:     0.008  0.001  0.002  0.989        1
282:     0.009  0.986  0.003  0.002        1
283:     0.002  0.997  0.001  0.001        1
284:     0.002  0.977  0.006  0.014        1
285:     0.001  0.986  0.004  0.009        1
286:     0.007  0.991  0.001  0.001        1
287:     0.003  0.987  0.009  0.001        1
288:     0.006  0.981  0.004  0.009        1
289:     0.002  0.996  0.001  0.001        1
290:     0.002  0.984  0.008  0.005        1
291:     0.001  0.996  0.002  0.001        1
292:     0.001  0.981  0.011  0.007        1
293:     0.001  0.985  0.008  0.006        1
294:     0.001  0.994  0.003  0.003        1
295:     0.001  0.998  0.001  0.001        1
296:     0.006  0.991  0.001  0.002        1
297:     0.002  0.995  0.001  0.002        1
298:     0.006  0.992  0.001  0.001        1
299:     0.001  0.995  0.001  0.003        1
300:     0.001  0.986  0.009  0.004        1
301:     0.003  0.987  0.006  0.003        1
302:     0.010  0.980  0.005  0.005        1
303:     0.002  0.991  0.002  0.005        1
304:     0.009  0.974  0.013  0.004        1
305:     0.001  0.980  0.015  0.005        1
306:     0.003  0.982  0.010  0.004        1
307:     0.001  0.963  0.034  0.002        1
308:     0.002  0.988  0.006  0.004        1
309:     0.001  0.989  0.005  0.005        1
310:     0.008  0.985  0.004  0.002        1
311:     0.003  0.986  0.008  0.003        1
312:     0.001  0.992  0.004  0.003        1
313:     0.002  0.949  0.022  0.027        1
314:     0.006  0.991  0.001  0.002        1
315:     0.002  0.993  0.002  0.003        1
316:     0.012  0.932  0.037  0.019        1
317:     0.002  0.994  0.001  0.004        1
318:     0.001  0.986  0.008  0.005        1
319:     0.002  0.937  0.016  0.046        1
320:     0.013  0.983  0.002  0.001        1
321:     0.001  0.992  0.004  0.003        1
322:     0.001  0.996  0.001  0.002        1
323:     0.001  0.979  0.019  0.001        1
324:     0.014  0.002  0.004  0.980        1
325:     0.375  0.007  0.036  0.582        1
326:     0.002  0.002  0.002  0.995        1
327:     0.007  0.983  0.005  0.005        1
328:     0.001  0.996  0.001  0.002        1
329:     0.002  0.992  0.001  0.005        1
330:     0.002  0.995  0.002  0.001        1
331:     0.001  0.992  0.005  0.002        1
332:     0.001  0.996  0.003  0.001        1
333:     0.002  0.997  0.001  0.001        1
334:     0.006  0.956  0.025  0.012        1
335:     0.002  0.989  0.002  0.007        1
336:     0.002  0.993  0.004  0.001        1
337:     0.001  0.985  0.006  0.008        1
338:     0.006  0.958  0.032  0.004        1
339:     0.001  0.993  0.004  0.002        1
340:     0.002  0.987  0.006  0.005        1
341:     0.000  0.998  0.001  0.000        1
342:     0.002  0.996  0.001  0.002        1
343:     0.001  0.994  0.001  0.004        1
344:     0.001  0.994  0.001  0.004        1
345:     0.001  0.997  0.001  0.001        1
346:     0.002  0.994  0.002  0.001        1
347:     0.005  0.986  0.005  0.004        1
348:     0.004  0.992  0.001  0.003        1
349:     0.001  0.990  0.006  0.003        1
350:     0.008  0.986  0.004  0.001        1
351:     0.001  0.995  0.003  0.001        1
352:     0.002  0.993  0.004  0.001        1
353:     0.003  0.969  0.020  0.008        1
354:     0.002  0.994  0.002  0.002        1
355:     0.012  0.974  0.010  0.004        1
356:     0.001  0.993  0.004  0.002        1
357:     0.003  0.990  0.004  0.003        1
358:     0.003  0.974  0.009  0.015        1
359:     0.006  0.985  0.003  0.006        1
360:     0.001  0.995  0.002  0.002        1
361:     0.008  0.985  0.001  0.006        1
362:     0.148  0.002  0.281  0.569        1
363:     0.008  0.246  0.001  0.745        1
364:     0.007  0.034  0.027  0.932        1
365:     0.013  0.095  0.014  0.879        1
366:     0.003  0.969  0.016  0.012        1
367:     0.002  0.924  0.072  0.002        1
368:     0.001  0.989  0.006  0.003        1
369:     0.002  0.980  0.009  0.009        1
370:     0.001  0.994  0.004  0.001        1
371:     0.013  0.956  0.005  0.026        1
372:     0.004  0.993  0.001  0.003        1
373:     0.003  0.991  0.005  0.001        1
374:     0.001  0.994  0.002  0.003        1
375:     0.004  0.983  0.008  0.005        1
376:     0.001  0.971  0.026  0.002        1
377:     0.002  0.992  0.004  0.003        1
378:     0.001  0.997  0.001  0.002        1
379:     0.002  0.991  0.002  0.005        1
380:     0.002  0.994  0.002  0.001        1
381:     0.026  0.919  0.046  0.008        1
382:     0.001  0.994  0.003  0.002        1
383:     0.002  0.995  0.002  0.001        1
384:     0.005  0.984  0.004  0.007        1
385:     0.036  0.957  0.004  0.002        1
386:     0.002  0.986  0.004  0.008        1
387:     0.004  0.985  0.005  0.006        1
388:     0.008  0.984  0.005  0.002        1
389:     0.002  0.989  0.006  0.003        1
390:     0.005  0.990  0.002  0.003        1
391:     0.001  0.982  0.014  0.003        1
392:     0.000  0.997  0.001  0.001        1
393:     0.000  0.997  0.001  0.001        1
394:     0.054  0.010  0.071  0.865        1
395:     0.003  0.031  0.017  0.949        1
396:     0.166  0.005  0.025  0.805        1
397:     0.006  0.005  0.007  0.982        1
398:     0.015  0.001  0.002  0.983        1
399:     0.004  0.005  0.004  0.988        1
400:     0.028  0.067  0.013  0.892        1
401:     0.019  0.026  0.011  0.943        1
402:     0.002  0.041  0.041  0.916        1
403:     0.002  0.991  0.004  0.003        1
404:     0.006  0.884  0.097  0.014        1
405:     0.001  0.989  0.007  0.003        1
406:     0.002  0.994  0.002  0.002        1
407:     0.005  0.994  0.000  0.001        1
408:     0.085  0.904  0.006  0.005        1
409:     0.001  0.995  0.003  0.001        1
410:     0.002  0.997  0.001  0.001        1
411:     0.012  0.977  0.009  0.002        1
412:     0.007  0.987  0.004  0.003        1
413:     0.002  0.994  0.003  0.000        1
414:     0.002  0.995  0.001  0.001        1
415:     0.003  0.990  0.003  0.003        1
416:     0.001  0.994  0.003  0.003        1
417:     0.003  0.933  0.052  0.012        1
418:     0.005  0.001  0.008  0.986        1
419:     0.001  0.260  0.008  0.731        1
420:     0.430  0.005  0.005  0.561        1
421:     0.069  0.006  0.088  0.837        1
422:     0.154  0.004  0.010  0.832        1
423:     0.008  0.081  0.043  0.867        1
424:     0.180  0.004  0.001  0.815        1
425:     0.001  0.155  0.010  0.834        1
426:     0.009  0.008  0.002  0.982        1
427:     0.004  0.003  0.002  0.991        1
428:     0.242  0.002  0.020  0.736        1
429:     0.010  0.125  0.023  0.842        1
430:     0.004  0.153  0.001  0.842        1
431:     0.010  0.001  0.010  0.980        1
432:     0.091  0.002  0.022  0.885        1
433:     0.012  0.163  0.049  0.777        1
434:     0.004  0.046  0.030  0.920        1
435:     0.027  0.304  0.006  0.663        1
436:     0.004  0.003  0.012  0.982        1
437:     0.011  0.004  0.005  0.980        1
438:     0.003  0.002  0.013  0.983        1
439:     0.003  0.192  0.002  0.803        1
440:     0.009  0.379  0.132  0.480        1
441:     0.203  0.001  0.003  0.793        1
442:     0.008  0.014  0.027  0.950        1
443:     0.007  0.128  0.001  0.865        1
444:     0.100  0.003  0.009  0.888        1
445:     0.001  0.003  0.004  0.993        1
446:     0.033  0.004  0.005  0.958        1
447:     0.015  0.089  0.112  0.785        1
448:     0.170  0.000  0.002  0.828        1
449:     0.002  0.087  0.001  0.909        1
450:     0.094  0.018  0.039  0.849        1
451:     0.281  0.002  0.008  0.708        1
452:     0.640  0.001  0.000  0.359        1
453:     0.002  0.001  0.032  0.965        1
454:     0.015  0.006  0.050  0.928        1
455:     0.027  0.004  0.002  0.968        1
456:     0.727  0.003  0.002  0.268        1
457:     0.008  0.267  0.015  0.710        1
458:     0.003  0.149  0.096  0.751        1
459:     0.001  0.002  0.001  0.997        1
460:     0.076  0.185  0.001  0.738        1
461:     0.001  0.244  0.006  0.748        1
462:     0.000  0.257  0.004  0.739        1
463:     0.116  0.110  0.078  0.696        1
464:     0.018  0.015  0.043  0.924        1
465:     0.011  0.029  0.020  0.940        1
466:     0.002  0.004  0.275  0.719        1
467:     0.233  0.003  0.004  0.760        1
468:     0.000  0.345  0.002  0.652        1
469:     0.002  0.006  0.017  0.975        1
470:     0.398  0.218  0.004  0.380        1
471:     0.020  0.221  0.003  0.756        1
472:     0.011  0.013  0.010  0.966        1
473:     0.006  0.040  0.345  0.609        1
474:     0.168  0.041  0.009  0.783        1
475:     0.001  0.003  0.004  0.991        1
476:     0.175  0.177  0.002  0.647        1
477:     0.003  0.090  0.007  0.900        1
478:     0.011  0.003  0.051  0.935        1
479:     0.003  0.060  0.023  0.914        1
480:     0.193  0.001  0.001  0.805        1
481:     0.011  0.025  0.225  0.740        1
482:     0.119  0.106  0.004  0.771        1
483:     0.012  0.215  0.001  0.772        1
484:     0.010  0.001  0.002  0.988        1
485:     0.043  0.004  0.009  0.943        1
486:     0.015  0.072  0.025  0.888        1
487:     0.021  0.005  0.004  0.970        1
488:     0.106  0.004  0.047  0.843        1
489:     0.016  0.001  0.001  0.982        1
490:     0.019  0.344  0.010  0.627        1
491:     0.261  0.002  0.008  0.729        1
492:     0.118  0.001  0.007  0.874        1
493:     0.044  0.494  0.020  0.441        1
494:     0.016  0.144  0.020  0.820        1
495:     0.210  0.005  0.016  0.768        1
496:     0.008  0.025  0.016  0.951        1
497:     0.013  0.049  0.006  0.932        1
498:     0.005  0.005  0.005  0.985        1
499:     0.457  0.004  0.150  0.389        1
500:     0.851  0.001  0.003  0.145        1
501:     0.340  0.002  0.003  0.655        1
502:     0.006  0.006  0.023  0.966        1
503:     0.001  0.105  0.095  0.798        1
504:     0.002  0.168  0.001  0.829        1
505:     0.002  0.002  0.002  0.994        1
506:     0.012  0.140  0.020  0.828        1
507:     0.015  0.085  0.135  0.765        1
508:     0.093  0.017  0.009  0.881        1
509:     0.003  0.005  0.013  0.979        1
510:     0.154  0.414  0.001  0.431        1
511:     0.004  0.071  0.004  0.922        1
512:     0.003  0.026  0.018  0.954        1
513:     0.330  0.230  0.006  0.434        1
514:     0.002  0.003  0.006  0.989        1
515:     0.123  0.092  0.004  0.781        1
516:     0.025  0.003  0.001  0.971        1
517:     0.003  0.002  0.008  0.987        1
518:     0.001  0.009  0.013  0.977        1
519:     0.381  0.006  0.010  0.603        1
520:     0.051  0.003  0.014  0.932        1
521:     0.047  0.003  0.002  0.949        1
522:     0.309  0.007  0.008  0.676        1
523:     0.268  0.003  0.001  0.728        1
524:     0.005  0.012  0.003  0.980        1
525:     0.002  0.052  0.060  0.887        1
526:     0.025  0.036  0.014  0.925        1
527:     0.230  0.005  0.011  0.754        1
528:     0.045  0.004  0.001  0.950        1
529:     0.002  0.002  0.018  0.979        1
530:     0.001  0.573  0.006  0.420        1
531:     0.328  0.230  0.002  0.440        1
532:     0.003  0.005  0.166  0.827        1
533:     0.002  0.241  0.041  0.716        1
534:     0.012  0.457  0.008  0.523        1
535:     0.004  0.098  0.027  0.871        1
536:     0.003  0.077  0.007  0.912        1
537:     0.002  0.262  0.004  0.732        1
538:     0.022  0.243  0.007  0.728        1
539:     0.078  0.193  0.121  0.607        1
540:     0.001  0.170  0.001  0.828        1
541:     0.035  0.002  0.009  0.955        1
542:     0.003  0.252  0.002  0.743        1
543:     0.001  0.203  0.024  0.772        1
544:     0.269  0.271  0.014  0.445        1
545:     0.012  0.367  0.002  0.619        1
546:     0.082  0.071  0.002  0.845        1
547:     0.011  0.552  0.003  0.434        1
548:     0.024  0.240  0.003  0.733        1
549:     0.001  0.276  0.001  0.722        1
550:     0.004  0.311  0.001  0.685        1
551:     0.002  0.290  0.001  0.707        1
552:     0.002  0.001  0.290  0.707        1
553:     0.001  0.113  0.080  0.806        1
554:     0.047  0.039  0.042  0.872        1
555:     0.001  0.002  0.043  0.954        1
556:     0.465  0.012  0.008  0.515        1
557:     0.393  0.002  0.007  0.597        1
558:     0.057  0.014  0.011  0.917        1
559:     0.002  0.079  0.061  0.859        1
560:     0.228  0.001  0.084  0.687        1
561:     0.006  0.028  0.019  0.947        1
562:     0.248  0.024  0.225  0.503        1
563:     0.230  0.200  0.012  0.558        1
564:     0.045  0.013  0.042  0.900        1
565:     0.053  0.001  0.007  0.938        1
566:     0.004  0.270  0.006  0.720        1
567:     0.186  0.247  0.002  0.565        1
568:     0.165  0.005  0.013  0.817        1
569:     0.001  0.052  0.002  0.945        1
570:     0.011  0.293  0.001  0.694        1
571:     0.010  0.003  0.001  0.985        1
572:     0.002  0.001  0.001  0.995        1
573:     0.152  0.006  0.000  0.842        1
574:     0.008  0.360  0.006  0.627        1
575:     0.004  0.422  0.002  0.572        1
576:     0.294  0.099  0.006  0.602        1
577:     0.089  0.004  0.029  0.879        1
578:     0.005  0.083  0.003  0.909        1
579:     0.001  0.268  0.010  0.721        1
580:     0.018  0.198  0.009  0.775        1
581:     0.011  0.433  0.001  0.555        1
582:     0.078  0.359  0.009  0.554        1
583:     0.306  0.107  0.002  0.585        1
584:     0.005  0.027  0.045  0.923        1
585:     0.001  0.007  0.010  0.982        1
586:     0.003  0.005  0.006  0.986        1
587:     0.189  0.013  0.018  0.780        1
588:     0.443  0.067  0.001  0.489        1
589:     0.005  0.001  0.032  0.962        1
590:     0.065  0.102  0.034  0.799        1
591:     0.003  0.001  0.022  0.974        1
592:     0.004  0.117  0.049  0.831        1
593:     0.007  0.002  0.002  0.989        1
594:     0.485  0.119  0.001  0.395        1
595:     0.193  0.068  0.004  0.735        1
596:     0.005  0.017  0.008  0.971        1
597:     0.006  0.014  0.012  0.968        1
598:     0.011  0.027  0.032  0.931        1
599:     0.002  0.001  0.003  0.994        1
600:     0.007  0.001  0.010  0.981        1
601:     0.002  0.000  0.008  0.989        1
602:     0.003  0.001  0.006  0.990        1
603:     0.004  0.002  0.008  0.986        1
604:     0.002  0.001  0.005  0.991        1
605:     0.003  0.001  0.004  0.992        1
606:     0.006  0.001  0.004  0.989        1
607:     0.001  0.001  0.002  0.996        1
608:     0.001  0.001  0.003  0.995        1
609:     0.001  0.001  0.007  0.992        1
610:     0.000  0.000  0.006  0.993        1
611:     0.001  0.002  0.006  0.992        1
612:     0.004  0.002  0.033  0.960        1
613:     0.009  0.003  0.005  0.983        1
614:     0.002  0.003  0.002  0.994        1
615:     0.001  0.001  0.002  0.996        1
616:     0.009  0.002  0.001  0.989        1
617:     0.001  0.002  0.003  0.995        1
618:     0.003  0.001  0.008  0.988        1
619:     0.001  0.001  0.003  0.994        1
620:     0.022  0.012  0.006  0.960        1
621:     0.002  0.001  0.004  0.994        1
622:     0.002  0.098  0.016  0.883        1
623:     0.407  0.006  0.001  0.586        1
624:     0.362  0.001  0.095  0.542        1
625:     0.004  0.510  0.002  0.484        1
626:     0.002  0.004  0.201  0.793        1
627:     0.001  0.282  0.015  0.702        1
628:     0.002  0.447  0.005  0.546        1
629:     0.004  0.285  0.024  0.687        1
630:     0.002  0.457  0.000  0.540        1
631:     0.003  0.008  0.937  0.052        1
632:     0.003  0.001  0.500  0.495        1
633:     0.004  0.088  0.846  0.062        1
634:     0.003  0.001  0.802  0.194        1
635:     0.029  0.902  0.062  0.007        1
636:     0.000  0.994  0.003  0.002        1
637:     0.003  0.983  0.013  0.001        1
638:     0.004  0.992  0.004  0.000        1
639:     0.013  0.976  0.007  0.004        1
640:     0.001  0.996  0.002  0.001        1
641:     0.007  0.001  0.002  0.991        1
642:     0.011  0.003  0.005  0.981        1
643:     0.012  0.002  0.005  0.981        1
644:     0.002  0.002  0.003  0.994        1
645:     0.006  0.003  0.003  0.989        1
646:     0.004  0.001  0.015  0.981        1
647:     0.007  0.001  0.002  0.989        1
648:     0.014  0.001  0.017  0.968        1
649:     0.006  0.000  0.007  0.987        1
650:     0.109  0.001  0.002  0.888        1
651:     0.004  0.002  0.009  0.984        1
652:     0.004  0.001  0.019  0.976        1
653:     0.001  0.001  0.003  0.995        1
654:     0.003  0.001  0.002  0.994        1
655:     0.006  0.001  0.003  0.989        1
656:     0.002  0.002  0.001  0.995        1
657:     0.001  0.001  0.029  0.969        1
658:     0.006  0.012  0.007  0.975        1
659:     0.211  0.001  0.007  0.781        1
660:     0.015  0.001  0.006  0.978        1
661:     0.003  0.001  0.000  0.996        1
662:     0.002  0.001  0.005  0.992        1
663:     0.016  0.002  0.013  0.970        1
664:     0.007  0.012  0.017  0.964        1
665:     0.011  0.001  0.005  0.983        1
666:     0.006  0.003  0.008  0.983        1
667:     0.001  0.029  0.161  0.809        1
668:     0.001  0.002  0.002  0.994        1
669:     0.001  0.000  0.001  0.998        1
670:     0.001  0.003  0.004  0.991        1
671:     0.000  0.000  0.005  0.994        1
672:     0.001  0.001  0.001  0.997        1
673:     0.009  0.003  0.014  0.974        1
674:     0.004  0.002  0.007  0.988        1
675:     0.002  0.000  0.001  0.996        1
676:     0.004  0.003  0.004  0.990        1
677:     0.005  0.002  0.003  0.989        1
678:     0.120  0.002  0.003  0.875        1
679:     0.003  0.002  0.009  0.986        1
680:     0.035  0.001  0.007  0.956        1
681:     0.001  0.001  0.004  0.994        1
682:     0.001  0.001  0.004  0.994        1
683:     0.011  0.002  0.016  0.971        1
684:     0.001  0.002  0.048  0.950        1
685:     0.002  0.002  0.005  0.991        1
686:     0.007  0.002  0.005  0.986        1
687:     0.044  0.004  0.008  0.943        1
688:     0.014  0.022  0.018  0.946        1
689:     0.011  0.001  0.001  0.987        1
690:     0.018  0.002  0.005  0.976        1
691:     0.001  0.005  0.005  0.989        1
692:     0.001  0.001  0.005  0.993        1
693:     0.004  0.003  0.008  0.985        1
694:     0.001  0.003  0.007  0.990        1
695:     0.002  0.002  0.041  0.955        1
696:     0.020  0.002  0.030  0.947        1
697:     0.004  0.002  0.008  0.985        1
698:     0.001  0.000  0.003  0.995        1
699:     0.012  0.001  0.004  0.983        1
700:     0.001  0.001  0.004  0.995        1
701:     0.005  0.001  0.001  0.993        1
702:     0.004  0.001  0.006  0.989        1
703:     0.004  0.007  0.007  0.982        1
704:     0.001  0.002  0.001  0.996        1
705:     0.002  0.002  0.002  0.995        1
706:     0.003  0.001  0.019  0.977        1
707:     0.010  0.005  0.007  0.979        1
708:     0.008  0.001  0.002  0.990        1
709:     0.003  0.003  0.037  0.956        1
710:     0.071  0.001  0.116  0.812        1
711:     0.001  0.001  0.004  0.994        1
712:     0.005  0.001  0.002  0.991        1
713:     0.004  0.001  0.004  0.991        1
714:     0.004  0.987  0.004  0.005        1
715:     0.007  0.990  0.002  0.001        1
716:     0.003  0.990  0.003  0.004        1
717:     0.013  0.980  0.006  0.001        1
718:     0.004  0.961  0.025  0.010        1
719:     0.001  0.997  0.002  0.001        1
720:     0.002  0.994  0.003  0.002        1
721:     0.001  0.975  0.020  0.004        1
722:     0.002  0.977  0.005  0.016        1
723:     0.001  0.996  0.002  0.002        1
724:     0.002  0.993  0.001  0.004        1
725:     0.002  0.988  0.007  0.003        1
726:     0.001  0.996  0.001  0.002        1
727:     0.012  0.976  0.008  0.003        1
728:     0.007  0.986  0.004  0.003        1
729:     0.083  0.913  0.003  0.001        1
730:     0.003  0.993  0.004  0.001        1
731:     0.001  0.964  0.027  0.007        1
732:     0.001  0.997  0.001  0.001        1
733:     0.002  0.991  0.004  0.004        1
734:     0.001  0.995  0.003  0.001        1
735:     0.006  0.975  0.005  0.014        1
736:     0.002  0.990  0.006  0.002        1
737:     0.003  0.995  0.001  0.002        1
738:     0.001  0.969  0.020  0.009        1
739:     0.003  0.986  0.005  0.006        1
740:     0.005  0.991  0.003  0.001        1
741:     0.002  0.994  0.003  0.001        1
742:     0.020  0.946  0.031  0.003        1
743:     0.002  0.989  0.005  0.004        1
744:     0.004  0.932  0.062  0.002        1
745:     0.002  0.970  0.023  0.006        1
746:     0.002  0.968  0.009  0.021        1
747:     0.002  0.994  0.002  0.002        1
748:     0.001  0.869  0.110  0.019        1
749:     0.005  0.989  0.005  0.002        1
750:     0.011  0.977  0.005  0.006        1
751:     0.010  0.960  0.027  0.003        1
752:     0.009  0.974  0.012  0.005        1
753:     0.002  0.984  0.008  0.005        1
754:     0.001  0.993  0.005  0.001        1
755:     0.001  0.994  0.004  0.001        1
756:     0.001  0.988  0.006  0.005        1
757:     0.008  0.990  0.000  0.001        1
758:     0.002  0.977  0.009  0.013        1
759:     0.004  0.985  0.009  0.002        1
760:     0.003  0.987  0.008  0.002        1
761:     0.005  0.933  0.053  0.009        1
762:     0.005  0.983  0.006  0.006        1
763:     0.003  0.985  0.010  0.002        1
764:     0.009  0.979  0.008  0.004        1
765:     0.003  0.988  0.005  0.004        1
766:     0.013  0.957  0.021  0.009        1
767:     0.001  0.993  0.004  0.003        1
768:     0.002  0.981  0.010  0.006        1
769:     0.001  0.777  0.218  0.004        1
770:     0.805  0.002  0.187  0.005        1
771:     0.478  0.001  0.520  0.002        1
772:     0.898  0.013  0.003  0.086        1
773:     0.494  0.001  0.022  0.482        1
774:     0.876  0.001  0.056  0.067        1
775:     0.561  0.001  0.005  0.433        1
776:     0.989  0.003  0.003  0.005        1
777:     0.995  0.001  0.003  0.001        1
778:     0.005  0.492  0.009  0.494        1
779:     0.006  0.676  0.034  0.284        1
780:     0.802  0.012  0.056  0.131        1
781:     0.993  0.001  0.001  0.005        1
782:     0.848  0.001  0.149  0.001        1
783:     0.689  0.006  0.024  0.280        1
784:     0.995  0.002  0.001  0.001        1
785:     0.001  0.511  0.002  0.485        1
786:     0.001  0.319  0.026  0.654        1
787:     0.004  0.761  0.059  0.176        1
788:     0.020  0.595  0.242  0.143        1
789:     0.003  0.676  0.004  0.318        1
790:     0.242  0.375  0.002  0.381        1
791:     0.065  0.759  0.084  0.092        1
792:     0.002  0.553  0.001  0.445        1
793:     0.004  0.488  0.001  0.506        1
794:     0.182  0.380  0.006  0.432        1
795:     0.001  0.449  0.004  0.546        1
796:     0.004  0.658  0.001  0.338        1
797:     0.001  0.632  0.018  0.349        1
798:     0.008  0.306  0.030  0.656        1
799:     0.004  0.591  0.000  0.405        1
800:     0.098  0.456  0.009  0.437        1
801:     0.007  0.847  0.120  0.026        1
802:     0.005  0.594  0.004  0.397        1
803:     0.176  0.397  0.004  0.423        1
804:     0.002  0.667  0.003  0.328        1
805:     0.003  0.731  0.013  0.253        1
806:     0.002  0.641  0.050  0.308        1
807:     0.002  0.587  0.001  0.410        1
808:     0.000  0.620  0.132  0.247        1
809:     0.998  0.000  0.001  0.001        1
810:     0.998  0.001  0.001  0.001        1
811:     0.007  0.692  0.044  0.257        1
812:     0.463  0.127  0.311  0.099        1
813:     0.015  0.297  0.010  0.679        1
814:     0.004  0.665  0.291  0.040        1
815:     0.002  0.483  0.001  0.514        1
816:     0.240  0.228  0.005  0.527        1
817:     0.003  0.562  0.006  0.429        1
818:     0.002  0.618  0.067  0.313        1
819:     0.001  0.488  0.001  0.510        1
820:     0.001  0.459  0.004  0.537        1
821:     0.002  0.417  0.003  0.579        1
822:     0.001  0.350  0.038  0.611        1
823:     0.002  0.659  0.001  0.338        1
824:     0.867  0.002  0.002  0.129        1
825:     0.857  0.001  0.055  0.087        1
826:     0.332  0.001  0.001  0.666        1
827:     0.531  0.132  0.001  0.335        1
828:     0.825  0.050  0.121  0.004        1
829:     0.004  0.522  0.002  0.472        1
830:     0.003  0.714  0.075  0.208        1
831:     0.002  0.575  0.205  0.217        1
832:     0.001  0.595  0.005  0.399        1
833:     0.010  0.737  0.001  0.253        1
834:     0.296  0.327  0.000  0.376        1
835:     0.002  0.681  0.004  0.312        1
836:     0.972  0.004  0.011  0.013        1
837:     0.643  0.002  0.001  0.354        1
838:     0.995  0.000  0.001  0.003        1
839:     0.993  0.002  0.003  0.002        1
840:     0.997  0.001  0.001  0.001        1
841:     0.013  0.978  0.006  0.003        1
842:     0.001  0.990  0.006  0.003        1
843:     0.002  0.994  0.004  0.001        1
844:     0.010  0.962  0.023  0.005        1
845:     0.006  0.979  0.008  0.007        1
846:     0.002  0.994  0.001  0.002        1
847:     0.008  0.926  0.027  0.040        1
848:     0.007  0.981  0.005  0.007        1
849:     0.003  0.964  0.024  0.009        1
850:     0.004  0.986  0.006  0.003        1
851:     0.002  0.989  0.004  0.006        1
852:     0.001  0.974  0.022  0.003        1
853:     0.002  0.991  0.004  0.002        1
854:     0.004  0.977  0.016  0.003        1
855:     0.005  0.960  0.018  0.018        1
856:     0.002  0.995  0.002  0.001        1
857:     0.017  0.980  0.002  0.001        1
858:     0.647  0.004  0.001  0.348        1
859:     0.935  0.002  0.020  0.042        1
860:     0.997  0.001  0.001  0.001        1
861:     0.949  0.004  0.007  0.039        1
862:     0.025  0.950  0.005  0.020        1
863:     0.008  0.948  0.031  0.013        1
864:     0.002  0.861  0.099  0.038        1
865:     0.005  0.841  0.147  0.007        1
866:     0.004  0.950  0.039  0.007        1
867:     0.002  0.941  0.052  0.005        1
868:     0.062  0.930  0.004  0.003        1
869:     0.011  0.984  0.003  0.002        1
870:     0.003  0.635  0.352  0.010        1
871:     0.001  0.991  0.006  0.001        1
