

----------------------------------------------------
STRUCTURE by Pritchard, Stephens and Donnelly (2000)
     and Falush, Stephens and Pritchard (2003)
       Code by Pritchard, Falush and Hubisz
             Version 2.3.4 (Jul 2012)
----------------------------------------------------



Command line arguments:   structure -K 4 -L 574 -N 2600 -i ./TEST.recode.strct_in -D 49380 -o ./TEST_structureOUT/K4_4 
Input File:    ./TEST.recode.strct_in

Run parameters:
   2600 individuals
   574 loci
   4 populations assumed
   1000 Burn-in period
   3000 Reps


--------------------------------------------
Proportion of membership of each pre-defined
 population in each of the 4 clusters

Given    Inferred Clusters              Number of
 Pop       1      2      3      4      Individuals

  1:     0.002  0.985  0.007  0.007        1
  2:     0.006  0.945  0.015  0.034        1
  3:     0.004  0.988  0.006  0.003        1
  4:     0.007  0.979  0.008  0.006        1
  5:     0.003  0.922  0.023  0.052        1
  6:     0.011  0.954  0.011  0.023        1
  7:     0.002  0.988  0.007  0.003        1
  8:     0.002  0.992  0.003  0.004        1
  9:     0.003  0.994  0.002  0.001        1
 10:     0.008  0.965  0.012  0.015        1
 11:     0.004  0.980  0.009  0.007        1
 12:     0.003  0.986  0.004  0.007        1
 13:     0.004  0.980  0.015  0.001        1
 14:     0.003  0.989  0.005  0.002        1
 15:     0.004  0.983  0.008  0.004        1
 16:     0.002  0.981  0.002  0.014        1
 17:     0.019  0.969  0.012  0.001        1
 18:     0.003  0.985  0.005  0.007        1
 19:     0.005  0.971  0.005  0.019        1
 20:     0.008  0.984  0.006  0.002        1
 21:     0.015  0.975  0.004  0.006        1
 22:     0.003  0.984  0.007  0.006        1
 23:     0.002  0.989  0.006  0.003        1
 24:     0.014  0.961  0.018  0.006        1
 25:     0.003  0.979  0.004  0.014        1
 26:     0.001  0.992  0.002  0.005        1
 27:     0.001  0.995  0.001  0.003        1
 28:     0.006  0.965  0.022  0.007        1
 29:     0.007  0.972  0.016  0.004        1
 30:     0.032  0.934  0.014  0.021        1
 31:     0.003  0.989  0.002  0.006        1
 32:     0.004  0.985  0.008  0.004        1
 33:     0.006  0.983  0.009  0.003        1
 34:     0.007  0.985  0.003  0.005        1
 35:     0.002  0.975  0.014  0.010        1
 36:     0.018  0.898  0.010  0.074        1
 37:     0.002  0.985  0.002  0.011        1
 38:     0.005  0.988  0.003  0.004        1
 39:     0.001  0.991  0.004  0.004        1
 40:     0.001  0.993  0.001  0.005        1
 41:     0.024  0.964  0.005  0.007        1
 42:     0.003  0.855  0.077  0.065        1
 43:     0.083  0.881  0.021  0.015        1
 44:     0.060  0.916  0.013  0.011        1
 45:     0.005  0.987  0.003  0.004        1
 46:     0.002  0.984  0.009  0.004        1
 47:     0.008  0.980  0.003  0.010        1
 48:     0.068  0.916  0.011  0.005        1
 49:     0.003  0.975  0.006  0.016        1
 50:     0.003  0.989  0.002  0.007        1
 51:     0.001  0.967  0.028  0.005        1
 52:     0.002  0.994  0.002  0.001        1
 53:     0.011  0.915  0.006  0.068        1
 54:     0.010  0.959  0.009  0.022        1
 55:     0.001  0.990  0.007  0.001        1
 56:     0.003  0.983  0.007  0.007        1
 57:     0.005  0.989  0.003  0.002        1
 58:     0.002  0.989  0.002  0.006        1
 59:     0.002  0.993  0.003  0.002        1
 60:     0.030  0.906  0.043  0.020        1
 61:     0.069  0.916  0.014  0.001        1
 62:     0.003  0.973  0.006  0.018        1
 63:     0.022  0.950  0.023  0.004        1
 64:     0.010  0.983  0.002  0.004        1
 65:     0.003  0.980  0.012  0.005        1
 66:     0.028  0.880  0.057  0.034        1
 67:     0.001  0.986  0.006  0.007        1
 68:     0.005  0.979  0.006  0.010        1
 69:     0.001  0.968  0.010  0.021        1
 70:     0.003  0.987  0.004  0.006        1
 71:     0.002  0.891  0.009  0.098        1
 72:     0.003  0.985  0.008  0.004        1
 73:     0.007  0.961  0.001  0.030        1
 74:     0.011  0.859  0.031  0.099        1
 75:     0.010  0.980  0.006  0.004        1
 76:     0.005  0.948  0.012  0.035        1
 77:     0.007  0.957  0.002  0.035        1
 78:     0.004  0.951  0.007  0.037        1
 79:     0.022  0.945  0.025  0.008        1
 80:     0.005  0.943  0.038  0.014        1
 81:     0.002  0.990  0.006  0.003        1
 82:     0.001  0.935  0.050  0.013        1
 83:     0.011  0.980  0.002  0.007        1
 84:     0.015  0.957  0.017  0.012        1
 85:     0.001  0.996  0.002  0.001        1
 86:     0.013  0.976  0.006  0.005        1
 87:     0.002  0.992  0.005  0.002        1
 88:     0.007  0.975  0.015  0.003        1
 89:     0.002  0.979  0.005  0.014        1
 90:     0.003  0.981  0.006  0.010        1
 91:     0.005  0.934  0.058  0.003        1
 92:     0.004  0.978  0.007  0.011        1
 93:     0.003  0.989  0.005  0.003        1
 94:     0.002  0.980  0.010  0.007        1
 95:     0.016  0.962  0.004  0.017        1
 96:     0.002  0.964  0.007  0.027        1
 97:     0.001  0.005  0.992  0.002        1
 98:     0.003  0.003  0.988  0.006        1
 99:     0.006  0.002  0.989  0.003        1
100:     0.004  0.007  0.987  0.003        1
101:     0.002  0.001  0.995  0.002        1
102:     0.002  0.001  0.990  0.008        1
103:     0.002  0.004  0.992  0.002        1
104:     0.004  0.001  0.989  0.006        1
105:     0.002  0.002  0.994  0.002        1
106:     0.004  0.001  0.928  0.066        1
107:     0.004  0.004  0.983  0.008        1
108:     0.006  0.003  0.989  0.001        1
109:     0.010  0.002  0.985  0.003        1
110:     0.001  0.003  0.991  0.005        1
111:     0.002  0.003  0.989  0.005        1
112:     0.011  0.001  0.987  0.001        1
113:     0.002  0.003  0.971  0.023        1
114:     0.001  0.002  0.995  0.001        1
115:     0.011  0.002  0.983  0.004        1
116:     0.001  0.002  0.995  0.002        1
117:     0.002  0.010  0.982  0.006        1
118:     0.003  0.003  0.992  0.003        1
119:     0.016  0.007  0.973  0.004        1
120:     0.002  0.003  0.991  0.005        1
121:     0.004  0.003  0.991  0.002        1
122:     0.001  0.001  0.995  0.004        1
123:     0.002  0.003  0.991  0.005        1
124:     0.001  0.002  0.989  0.008        1
125:     0.002  0.002  0.993  0.002        1
126:     0.002  0.003  0.992  0.002        1
127:     0.001  0.001  0.996  0.001        1
128:     0.001  0.011  0.980  0.007        1
129:     0.003  0.001  0.994  0.001        1
130:     0.009  0.003  0.985  0.003        1
131:     0.010  0.005  0.949  0.037        1
132:     0.003  0.007  0.986  0.004        1
133:     0.003  0.002  0.993  0.003        1
134:     0.020  0.006  0.965  0.009        1
135:     0.044  0.009  0.945  0.003        1
136:     0.001  0.006  0.977  0.016        1
137:     0.002  0.005  0.989  0.005        1
138:     0.005  0.001  0.992  0.002        1
139:     0.002  0.001  0.995  0.001        1
140:     0.007  0.002  0.985  0.005        1
141:     0.002  0.006  0.991  0.001        1
142:     0.001  0.001  0.994  0.004        1
143:     0.005  0.003  0.988  0.004        1
144:     0.001  0.001  0.993  0.004        1
145:     0.007  0.004  0.988  0.002        1
146:     0.001  0.002  0.994  0.003        1
147:     0.006  0.001  0.992  0.002        1
148:     0.004  0.001  0.994  0.001        1
149:     0.007  0.012  0.958  0.024        1
150:     0.008  0.007  0.981  0.003        1
151:     0.002  0.001  0.984  0.013        1
152:     0.006  0.013  0.972  0.009        1
153:     0.002  0.059  0.928  0.011        1
154:     0.008  0.014  0.960  0.017        1
155:     0.002  0.002  0.935  0.061        1
156:     0.001  0.005  0.991  0.002        1
157:     0.009  0.008  0.944  0.039        1
158:     0.003  0.011  0.983  0.004        1
159:     0.001  0.003  0.992  0.003        1
160:     0.015  0.005  0.977  0.003        1
161:     0.002  0.011  0.981  0.005        1
162:     0.004  0.004  0.987  0.005        1
163:     0.009  0.017  0.932  0.042        1
164:     0.002  0.009  0.975  0.015        1
165:     0.011  0.003  0.850  0.136        1
166:     0.007  0.051  0.929  0.013        1
167:     0.001  0.003  0.993  0.003        1
168:     0.003  0.002  0.981  0.015        1
169:     0.001  0.001  0.996  0.002        1
170:     0.001  0.003  0.986  0.010        1
171:     0.002  0.002  0.978  0.018        1
172:     0.006  0.004  0.982  0.009        1
173:     0.004  0.017  0.975  0.004        1
174:     0.004  0.004  0.991  0.002        1
175:     0.005  0.002  0.992  0.001        1
176:     0.004  0.002  0.991  0.002        1
177:     0.011  0.003  0.985  0.001        1
178:     0.002  0.002  0.991  0.005        1
179:     0.001  0.005  0.992  0.001        1
180:     0.001  0.003  0.991  0.005        1
181:     0.004  0.002  0.993  0.001        1
182:     0.005  0.004  0.989  0.002        1
183:     0.002  0.007  0.966  0.025        1
184:     0.004  0.005  0.987  0.004        1
185:     0.006  0.003  0.988  0.003        1
186:     0.001  0.002  0.994  0.002        1
187:     0.009  0.002  0.988  0.002        1
188:     0.001  0.001  0.996  0.002        1
189:     0.002  0.003  0.993  0.002        1
190:     0.003  0.004  0.984  0.009        1
191:     0.003  0.004  0.982  0.011        1
192:     0.002  0.004  0.985  0.010        1
193:     0.002  0.007  0.973  0.019        1
194:     0.004  0.021  0.972  0.003        1
195:     0.001  0.001  0.996  0.002        1
196:     0.005  0.004  0.987  0.004        1
197:     0.004  0.005  0.988  0.003        1
198:     0.005  0.003  0.991  0.002        1
199:     0.001  0.005  0.985  0.009        1
200:     0.005  0.200  0.786  0.009        1
201:     0.001  0.058  0.889  0.052        1
202:     0.002  0.002  0.971  0.025        1
203:     0.012  0.004  0.981  0.004        1
204:     0.003  0.032  0.882  0.084        1
205:     0.002  0.031  0.860  0.106        1
206:     0.003  0.020  0.812  0.165        1
207:     0.002  0.034  0.893  0.072        1
208:     0.005  0.032  0.958  0.005        1
209:     0.002  0.061  0.928  0.009        1
210:     0.006  0.005  0.975  0.015        1
211:     0.002  0.033  0.954  0.011        1
212:     0.004  0.105  0.868  0.023        1
213:     0.013  0.005  0.920  0.062        1
214:     0.003  0.033  0.918  0.046        1
215:     0.003  0.007  0.975  0.015        1
216:     0.005  0.006  0.986  0.002        1
217:     0.001  0.013  0.940  0.046        1
218:     0.002  0.018  0.977  0.003        1
219:     0.024  0.010  0.812  0.154        1
220:     0.003  0.005  0.991  0.002        1
221:     0.010  0.004  0.973  0.013        1
222:     0.003  0.003  0.967  0.027        1
223:     0.005  0.037  0.899  0.059        1
224:     0.005  0.011  0.980  0.004        1
225:     0.003  0.002  0.977  0.019        1
226:     0.001  0.231  0.748  0.020        1
227:     0.004  0.001  0.994  0.001        1
228:     0.002  0.043  0.952  0.003        1
229:     0.002  0.218  0.779  0.002        1
230:     0.013  0.078  0.806  0.103        1
231:     0.005  0.012  0.965  0.018        1
232:     0.008  0.007  0.965  0.020        1
233:     0.006  0.010  0.979  0.005        1
234:     0.002  0.005  0.896  0.097        1
235:     0.021  0.003  0.940  0.036        1
236:     0.002  0.007  0.974  0.017        1
237:     0.002  0.141  0.851  0.006        1
238:     0.001  0.011  0.975  0.013        1
239:     0.001  0.020  0.896  0.082        1
240:     0.003  0.005  0.949  0.043        1
241:     0.008  0.003  0.986  0.002        1
242:     0.003  0.012  0.968  0.017        1
243:     0.002  0.002  0.989  0.007        1
244:     0.003  0.087  0.889  0.021        1
245:     0.031  0.009  0.954  0.007        1
246:     0.002  0.005  0.991  0.002        1
247:     0.005  0.034  0.945  0.016        1
248:     0.002  0.050  0.941  0.007        1
249:     0.005  0.005  0.984  0.006        1
250:     0.001  0.049  0.941  0.009        1
251:     0.001  0.004  0.990  0.005        1
252:     0.001  0.005  0.991  0.003        1
253:     0.006  0.012  0.959  0.024        1
254:     0.002  0.001  0.995  0.002        1
255:     0.006  0.176  0.815  0.003        1
256:     0.015  0.014  0.961  0.010        1
257:     0.001  0.015  0.982  0.002        1
258:     0.019  0.003  0.977  0.001        1
259:     0.003  0.005  0.984  0.007        1
260:     0.006  0.010  0.974  0.010        1
261:     0.034  0.046  0.819  0.101        1
262:     0.003  0.018  0.929  0.050        1
263:     0.006  0.040  0.924  0.031        1
264:     0.001  0.009  0.968  0.022        1
265:     0.003  0.002  0.950  0.045        1
266:     0.043  0.004  0.948  0.005        1
267:     0.002  0.003  0.964  0.030        1
268:     0.001  0.065  0.931  0.002        1
269:     0.001  0.002  0.993  0.003        1
270:     0.002  0.011  0.976  0.012        1
271:     0.003  0.117  0.855  0.026        1
272:     0.002  0.011  0.979  0.007        1
273:     0.004  0.005  0.967  0.024        1
274:     0.002  0.004  0.990  0.004        1
275:     0.009  0.006  0.838  0.147        1
276:     0.030  0.008  0.956  0.006        1
277:     0.005  0.093  0.889  0.013        1
278:     0.002  0.008  0.973  0.017        1
279:     0.004  0.035  0.943  0.018        1
280:     0.009  0.007  0.977  0.007        1
281:     0.003  0.000  0.995  0.001        1
282:     0.003  0.991  0.002  0.004        1
283:     0.003  0.994  0.002  0.002        1
284:     0.003  0.927  0.021  0.048        1
285:     0.005  0.974  0.006  0.015        1
286:     0.009  0.988  0.002  0.001        1
287:     0.006  0.848  0.002  0.144        1
288:     0.008  0.966  0.017  0.010        1
289:     0.001  0.995  0.001  0.003        1
290:     0.002  0.909  0.003  0.086        1
291:     0.002  0.993  0.001  0.003        1
292:     0.002  0.929  0.009  0.061        1
293:     0.002  0.981  0.013  0.004        1
294:     0.001  0.987  0.003  0.009        1
295:     0.002  0.988  0.003  0.007        1
296:     0.004  0.968  0.006  0.022        1
297:     0.003  0.994  0.001  0.003        1
298:     0.009  0.985  0.002  0.004        1
299:     0.003  0.971  0.010  0.016        1
300:     0.010  0.969  0.005  0.017        1
301:     0.003  0.991  0.004  0.002        1
302:     0.007  0.987  0.004  0.002        1
303:     0.002  0.981  0.007  0.011        1
304:     0.013  0.982  0.004  0.001        1
305:     0.002  0.978  0.013  0.008        1
306:     0.005  0.976  0.010  0.009        1
307:     0.003  0.991  0.005  0.002        1
308:     0.004  0.969  0.020  0.007        1
309:     0.002  0.985  0.009  0.004        1
310:     0.008  0.986  0.002  0.005        1
311:     0.005  0.989  0.003  0.003        1
312:     0.001  0.993  0.004  0.002        1
313:     0.002  0.908  0.073  0.017        1
314:     0.007  0.946  0.004  0.044        1
315:     0.005  0.988  0.004  0.003        1
316:     0.023  0.944  0.028  0.004        1
317:     0.003  0.993  0.003  0.001        1
318:     0.004  0.969  0.011  0.015        1
319:     0.001  0.933  0.025  0.041        1
320:     0.013  0.955  0.005  0.027        1
321:     0.005  0.986  0.003  0.006        1
322:     0.001  0.995  0.002  0.001        1
323:     0.002  0.975  0.012  0.010        1
324:     0.014  0.002  0.902  0.081        1
325:     0.353  0.008  0.563  0.075        1
326:     0.005  0.002  0.984  0.008        1
327:     0.009  0.967  0.011  0.013        1
328:     0.003  0.993  0.002  0.003        1
329:     0.001  0.971  0.007  0.021        1
330:     0.002  0.990  0.002  0.007        1
331:     0.002  0.970  0.008  0.020        1
332:     0.001  0.995  0.002  0.001        1
333:     0.003  0.988  0.001  0.008        1
334:     0.009  0.974  0.014  0.003        1
335:     0.001  0.989  0.006  0.004        1
336:     0.002  0.992  0.002  0.004        1
337:     0.003  0.955  0.010  0.032        1
338:     0.004  0.988  0.006  0.002        1
339:     0.001  0.992  0.003  0.004        1
340:     0.002  0.959  0.003  0.035        1
341:     0.001  0.992  0.001  0.007        1
342:     0.001  0.996  0.002  0.001        1
343:     0.001  0.992  0.002  0.004        1
344:     0.003  0.975  0.006  0.016        1
345:     0.002  0.993  0.002  0.002        1
346:     0.002  0.994  0.003  0.002        1
347:     0.006  0.973  0.003  0.017        1
348:     0.002  0.979  0.004  0.016        1
349:     0.001  0.984  0.004  0.011        1
350:     0.008  0.974  0.002  0.016        1
351:     0.002  0.990  0.002  0.005        1
352:     0.002  0.955  0.013  0.030        1
353:     0.002  0.982  0.009  0.007        1
354:     0.004  0.982  0.003  0.011        1
355:     0.008  0.899  0.004  0.089        1
356:     0.002  0.982  0.008  0.008        1
357:     0.003  0.991  0.005  0.001        1
358:     0.003  0.953  0.016  0.028        1
359:     0.005  0.961  0.003  0.031        1
360:     0.003  0.988  0.003  0.006        1
361:     0.001  0.759  0.004  0.236        1
362:     0.077  0.003  0.745  0.175        1
363:     0.031  0.002  0.536  0.431        1
364:     0.004  0.021  0.957  0.018        1
365:     0.025  0.029  0.785  0.161        1
366:     0.004  0.978  0.007  0.011        1
367:     0.003  0.958  0.009  0.030        1
368:     0.004  0.988  0.007  0.002        1
369:     0.006  0.929  0.012  0.053        1
370:     0.001  0.996  0.002  0.001        1
371:     0.020  0.952  0.017  0.011        1
372:     0.001  0.991  0.001  0.006        1
373:     0.002  0.982  0.009  0.006        1
374:     0.001  0.994  0.002  0.003        1
375:     0.002  0.973  0.010  0.015        1
376:     0.004  0.987  0.004  0.005        1
377:     0.004  0.990  0.005  0.001        1
378:     0.002  0.991  0.003  0.004        1
379:     0.003  0.984  0.006  0.007        1
380:     0.003  0.990  0.004  0.004        1
381:     0.031  0.952  0.013  0.004        1
382:     0.003  0.988  0.003  0.005        1
383:     0.001  0.987  0.003  0.008        1
384:     0.006  0.933  0.003  0.057        1
385:     0.065  0.924  0.009  0.002        1
386:     0.003  0.984  0.008  0.004        1
387:     0.006  0.930  0.004  0.059        1
388:     0.008  0.982  0.007  0.003        1
389:     0.003  0.988  0.003  0.005        1
390:     0.006  0.983  0.008  0.003        1
391:     0.002  0.986  0.003  0.008        1
392:     0.002  0.991  0.004  0.003        1
393:     0.001  0.997  0.001  0.002        1
394:     0.033  0.028  0.938  0.001        1
395:     0.004  0.007  0.813  0.177        1
396:     0.140  0.012  0.805  0.044        1
397:     0.006  0.026  0.942  0.026        1
398:     0.031  0.004  0.951  0.014        1
399:     0.005  0.003  0.981  0.011        1
400:     0.022  0.008  0.713  0.257        1
401:     0.055  0.015  0.927  0.002        1
402:     0.002  0.001  0.809  0.188        1
403:     0.001  0.990  0.005  0.005        1
404:     0.025  0.947  0.018  0.010        1
405:     0.003  0.977  0.010  0.011        1
406:     0.003  0.985  0.003  0.009        1
407:     0.005  0.990  0.001  0.003        1
408:     0.061  0.925  0.007  0.007        1
409:     0.003  0.988  0.003  0.006        1
410:     0.002  0.992  0.003  0.004        1
411:     0.007  0.983  0.005  0.005        1
412:     0.005  0.957  0.005  0.033        1
413:     0.002  0.989  0.004  0.005        1
414:     0.002  0.992  0.001  0.005        1
415:     0.003  0.974  0.007  0.016        1
416:     0.002  0.988  0.003  0.007        1
417:     0.004  0.971  0.015  0.009        1
418:     0.010  0.003  0.985  0.002        1
419:     0.004  0.009  0.502  0.485        1
420:     0.413  0.001  0.459  0.126        1
421:     0.067  0.004  0.895  0.034        1
422:     0.150  0.004  0.802  0.043        1
423:     0.006  0.003  0.634  0.358        1
424:     0.182  0.002  0.773  0.042        1
425:     0.002  0.005  0.644  0.349        1
426:     0.008  0.005  0.872  0.116        1
427:     0.008  0.005  0.986  0.001        1
428:     0.232  0.001  0.762  0.005        1
429:     0.003  0.053  0.804  0.140        1
430:     0.003  0.008  0.737  0.253        1
431:     0.007  0.002  0.989  0.001        1
432:     0.069  0.003  0.920  0.008        1
433:     0.012  0.168  0.806  0.014        1
434:     0.001  0.002  0.687  0.310        1
435:     0.019  0.016  0.512  0.453        1
436:     0.005  0.020  0.956  0.019        1
437:     0.007  0.007  0.983  0.003        1
438:     0.002  0.003  0.989  0.005        1
439:     0.003  0.021  0.724  0.253        1
440:     0.016  0.010  0.224  0.750        1
441:     0.196  0.001  0.777  0.026        1
442:     0.005  0.002  0.815  0.178        1
443:     0.005  0.029  0.728  0.239        1
444:     0.089  0.001  0.902  0.007        1
445:     0.010  0.005  0.977  0.007        1
446:     0.097  0.005  0.857  0.041        1
447:     0.012  0.006  0.764  0.219        1
448:     0.076  0.003  0.919  0.002        1
449:     0.008  0.078  0.904  0.010        1
450:     0.074  0.005  0.726  0.195        1
451:     0.289  0.001  0.655  0.055        1
452:     0.635  0.002  0.359  0.004        1
453:     0.007  0.003  0.962  0.029        1
454:     0.006  0.012  0.973  0.009        1
455:     0.053  0.006  0.935  0.005        1
456:     0.723  0.013  0.261  0.003        1
457:     0.002  0.013  0.655  0.330        1
458:     0.003  0.018  0.704  0.275        1
459:     0.003  0.001  0.995  0.001        1
460:     0.108  0.002  0.590  0.299        1
461:     0.004  0.002  0.543  0.450        1
462:     0.003  0.002  0.361  0.634        1
463:     0.073  0.008  0.535  0.385        1
464:     0.003  0.008  0.944  0.045        1
465:     0.015  0.014  0.891  0.081        1
466:     0.002  0.013  0.857  0.128        1
467:     0.215  0.001  0.612  0.172        1
468:     0.002  0.001  0.248  0.749        1
469:     0.004  0.001  0.987  0.009        1
470:     0.392  0.012  0.318  0.278        1
471:     0.016  0.002  0.502  0.480        1
472:     0.024  0.008  0.836  0.132        1
473:     0.007  0.010  0.633  0.350        1
474:     0.175  0.004  0.656  0.165        1
475:     0.002  0.003  0.931  0.063        1
476:     0.175  0.007  0.501  0.318        1
477:     0.003  0.017  0.787  0.192        1
478:     0.018  0.001  0.759  0.222        1
479:     0.013  0.007  0.789  0.191        1
480:     0.162  0.002  0.828  0.007        1
481:     0.019  0.042  0.938  0.001        1
482:     0.100  0.008  0.682  0.210        1
483:     0.011  0.015  0.621  0.354        1
484:     0.023  0.001  0.970  0.006        1
485:     0.037  0.002  0.956  0.004        1
486:     0.024  0.007  0.762  0.208        1
487:     0.015  0.002  0.981  0.002        1
488:     0.082  0.015  0.900  0.003        1
489:     0.030  0.004  0.936  0.030        1
490:     0.008  0.006  0.507  0.479        1
491:     0.259  0.003  0.734  0.003        1
492:     0.129  0.002  0.847  0.022        1
493:     0.026  0.172  0.357  0.445        1
494:     0.017  0.003  0.606  0.373        1
495:     0.219  0.018  0.753  0.010        1
496:     0.015  0.002  0.769  0.214        1
497:     0.004  0.003  0.812  0.181        1
498:     0.008  0.005  0.903  0.085        1
499:     0.453  0.021  0.522  0.005        1
500:     0.855  0.001  0.141  0.004        1
501:     0.332  0.003  0.570  0.095        1
502:     0.007  0.008  0.961  0.024        1
503:     0.001  0.006  0.779  0.215        1
504:     0.002  0.003  0.516  0.479        1
505:     0.004  0.005  0.983  0.008        1
506:     0.006  0.001  0.605  0.389        1
507:     0.015  0.003  0.665  0.318        1
508:     0.076  0.002  0.704  0.219        1
509:     0.004  0.002  0.987  0.007        1
510:     0.136  0.023  0.244  0.597        1
511:     0.006  0.002  0.642  0.350        1
512:     0.003  0.039  0.930  0.027        1
513:     0.333  0.003  0.228  0.436        1
514:     0.005  0.009  0.983  0.003        1
515:     0.133  0.003  0.606  0.258        1
516:     0.028  0.008  0.955  0.008        1
517:     0.009  0.005  0.844  0.142        1
518:     0.002  0.011  0.970  0.016        1
519:     0.364  0.003  0.631  0.001        1
520:     0.044  0.003  0.917  0.036        1
521:     0.039  0.002  0.957  0.002        1
522:     0.314  0.012  0.668  0.006        1
523:     0.259  0.005  0.673  0.063        1
524:     0.003  0.003  0.893  0.100        1
525:     0.003  0.012  0.888  0.096        1
526:     0.003  0.002  0.736  0.259        1
527:     0.187  0.002  0.802  0.009        1
528:     0.045  0.003  0.916  0.037        1
529:     0.001  0.003  0.991  0.004        1
530:     0.010  0.031  0.071  0.888        1
531:     0.289  0.002  0.312  0.397        1
532:     0.003  0.007  0.709  0.281        1
533:     0.003  0.014  0.558  0.425        1
534:     0.008  0.004  0.245  0.743        1
535:     0.005  0.002  0.700  0.293        1
536:     0.004  0.002  0.719  0.275        1
537:     0.002  0.011  0.615  0.372        1
538:     0.005  0.006  0.595  0.394        1
539:     0.097  0.004  0.445  0.454        1
540:     0.002  0.006  0.653  0.340        1
541:     0.036  0.003  0.901  0.060        1
542:     0.002  0.002  0.450  0.546        1
543:     0.002  0.003  0.602  0.394        1
544:     0.303  0.009  0.133  0.556        1
545:     0.024  0.019  0.519  0.438        1
546:     0.064  0.008  0.675  0.253        1
547:     0.017  0.012  0.158  0.813        1
548:     0.045  0.016  0.622  0.318        1
549:     0.002  0.005  0.477  0.517        1
550:     0.131  0.001  0.381  0.487        1
551:     0.003  0.003  0.511  0.483        1
552:     0.001  0.007  0.844  0.147        1
553:     0.005  0.024  0.699  0.272        1
554:     0.041  0.001  0.744  0.213        1
555:     0.002  0.003  0.987  0.009        1
556:     0.455  0.004  0.250  0.290        1
557:     0.377  0.001  0.617  0.004        1
558:     0.054  0.010  0.908  0.027        1
559:     0.001  0.077  0.833  0.088        1
560:     0.204  0.002  0.589  0.205        1
561:     0.003  0.002  0.807  0.188        1
562:     0.263  0.014  0.539  0.184        1
563:     0.219  0.002  0.450  0.329        1
564:     0.055  0.023  0.917  0.006        1
565:     0.041  0.003  0.940  0.015        1
566:     0.038  0.026  0.528  0.408        1
567:     0.189  0.064  0.418  0.329        1
568:     0.145  0.013  0.798  0.044        1
569:     0.002  0.005  0.730  0.262        1
570:     0.019  0.005  0.516  0.460        1
571:     0.004  0.003  0.988  0.005        1
572:     0.017  0.004  0.975  0.004        1
573:     0.130  0.007  0.732  0.131        1
574:     0.011  0.080  0.475  0.434        1
575:     0.008  0.004  0.115  0.873        1
576:     0.291  0.009  0.588  0.112        1
577:     0.088  0.005  0.820  0.087        1
578:     0.002  0.001  0.690  0.306        1
579:     0.003  0.007  0.543  0.447        1
580:     0.028  0.011  0.686  0.275        1
581:     0.108  0.012  0.254  0.626        1
582:     0.112  0.013  0.258  0.617        1
583:     0.314  0.009  0.396  0.281        1
584:     0.005  0.007  0.763  0.225        1
585:     0.002  0.005  0.945  0.048        1
586:     0.005  0.005  0.979  0.012        1
587:     0.139  0.011  0.725  0.125        1
588:     0.452  0.014  0.342  0.193        1
589:     0.008  0.001  0.978  0.013        1
590:     0.070  0.004  0.616  0.311        1
591:     0.004  0.003  0.991  0.002        1
592:     0.030  0.011  0.768  0.191        1
593:     0.006  0.005  0.915  0.073        1
594:     0.475  0.005  0.268  0.252        1
595:     0.167  0.005  0.595  0.233        1
596:     0.004  0.001  0.695  0.300        1
597:     0.015  0.001  0.802  0.182        1
598:     0.007  0.016  0.967  0.010        1
599:     0.002  0.004  0.992  0.002        1
600:     0.007  0.008  0.983  0.001        1
601:     0.002  0.002  0.994  0.002        1
602:     0.003  0.002  0.993  0.002        1
603:     0.002  0.002  0.994  0.002        1
604:     0.005  0.003  0.990  0.002        1
605:     0.003  0.002  0.993  0.001        1
606:     0.002  0.001  0.995  0.002        1
607:     0.002  0.002  0.990  0.006        1
608:     0.003  0.004  0.989  0.004        1
609:     0.001  0.001  0.995  0.003        1
610:     0.003  0.001  0.993  0.003        1
611:     0.001  0.002  0.992  0.004        1
612:     0.004  0.012  0.982  0.002        1
613:     0.009  0.002  0.984  0.006        1
614:     0.007  0.008  0.980  0.004        1
615:     0.001  0.002  0.995  0.002        1
616:     0.005  0.001  0.992  0.002        1
617:     0.002  0.001  0.994  0.003        1
618:     0.003  0.002  0.993  0.002        1
619:     0.002  0.002  0.993  0.002        1
620:     0.012  0.005  0.978  0.006        1
621:     0.004  0.002  0.993  0.002        1
622:     0.012  0.013  0.740  0.235        1
623:     0.413  0.006  0.463  0.118        1
624:     0.352  0.004  0.462  0.182        1
625:     0.012  0.007  0.051  0.931        1
626:     0.008  0.003  0.622  0.367        1
627:     0.002  0.002  0.370  0.627        1
628:     0.001  0.003  0.219  0.777        1
629:     0.004  0.003  0.578  0.415        1
630:     0.002  0.003  0.304  0.691        1
631:     0.010  0.221  0.767  0.002        1
632:     0.011  0.120  0.856  0.013        1
633:     0.024  0.306  0.653  0.017        1
634:     0.001  0.025  0.954  0.020        1
635:     0.015  0.951  0.014  0.019        1
636:     0.001  0.994  0.002  0.003        1
637:     0.008  0.987  0.003  0.002        1
638:     0.009  0.980  0.003  0.008        1
639:     0.007  0.981  0.006  0.005        1
640:     0.001  0.994  0.002  0.003        1
641:     0.010  0.003  0.985  0.002        1
642:     0.027  0.001  0.968  0.004        1
643:     0.014  0.004  0.982  0.001        1
644:     0.002  0.002  0.993  0.004        1
645:     0.007  0.002  0.989  0.002        1
646:     0.002  0.002  0.996  0.001        1
647:     0.004  0.002  0.985  0.009        1
648:     0.010  0.002  0.985  0.002        1
649:     0.005  0.001  0.993  0.001        1
650:     0.052  0.004  0.941  0.003        1
651:     0.002  0.002  0.994  0.001        1
652:     0.003  0.002  0.993  0.001        1
653:     0.001  0.001  0.997  0.001        1
654:     0.002  0.003  0.993  0.002        1
655:     0.007  0.006  0.984  0.003        1
656:     0.003  0.002  0.993  0.002        1
657:     0.001  0.003  0.988  0.008        1
658:     0.007  0.024  0.941  0.027        1
659:     0.195  0.006  0.795  0.004        1
660:     0.012  0.002  0.982  0.004        1
661:     0.006  0.002  0.990  0.002        1
662:     0.005  0.002  0.983  0.010        1
663:     0.008  0.002  0.988  0.002        1
664:     0.011  0.019  0.963  0.007        1
665:     0.008  0.002  0.987  0.003        1
666:     0.007  0.004  0.983  0.007        1
667:     0.003  0.022  0.971  0.004        1
668:     0.001  0.001  0.997  0.001        1
669:     0.000  0.001  0.997  0.001        1
670:     0.002  0.004  0.991  0.003        1
671:     0.001  0.001  0.997  0.001        1
672:     0.005  0.004  0.989  0.002        1
673:     0.018  0.006  0.973  0.003        1
674:     0.002  0.003  0.991  0.004        1
675:     0.011  0.002  0.986  0.001        1
676:     0.009  0.007  0.982  0.003        1
677:     0.003  0.005  0.973  0.020        1
678:     0.066  0.003  0.927  0.004        1
679:     0.003  0.002  0.994  0.001        1
680:     0.020  0.001  0.978  0.002        1
681:     0.001  0.003  0.994  0.002        1
682:     0.004  0.001  0.992  0.002        1
683:     0.007  0.005  0.987  0.001        1
684:     0.002  0.003  0.987  0.008        1
685:     0.004  0.004  0.985  0.007        1
686:     0.017  0.002  0.979  0.001        1
687:     0.037  0.007  0.949  0.007        1
688:     0.017  0.035  0.947  0.002        1
689:     0.009  0.003  0.984  0.004        1
690:     0.032  0.003  0.963  0.002        1
691:     0.003  0.012  0.979  0.006        1
692:     0.001  0.006  0.980  0.013        1
693:     0.003  0.001  0.994  0.002        1
694:     0.002  0.002  0.993  0.003        1
695:     0.004  0.001  0.993  0.002        1
696:     0.025  0.007  0.960  0.007        1
697:     0.006  0.010  0.980  0.004        1
698:     0.004  0.002  0.993  0.001        1
699:     0.008  0.005  0.982  0.005        1
700:     0.004  0.005  0.986  0.005        1
701:     0.003  0.002  0.981  0.014        1
702:     0.006  0.002  0.982  0.011        1
703:     0.002  0.003  0.990  0.005        1
704:     0.001  0.001  0.993  0.005        1
705:     0.002  0.004  0.992  0.002        1
706:     0.003  0.002  0.994  0.001        1
707:     0.005  0.002  0.991  0.002        1
708:     0.007  0.002  0.990  0.002        1
709:     0.001  0.008  0.984  0.007        1
710:     0.041  0.002  0.955  0.002        1
711:     0.001  0.003  0.994  0.001        1
712:     0.003  0.002  0.994  0.001        1
713:     0.004  0.001  0.993  0.002        1
714:     0.004  0.991  0.004  0.002        1
715:     0.003  0.993  0.002  0.002        1
716:     0.006  0.984  0.004  0.006        1
717:     0.011  0.976  0.002  0.011        1
718:     0.003  0.972  0.022  0.004        1
719:     0.002  0.991  0.002  0.005        1
720:     0.002  0.994  0.001  0.003        1
721:     0.003  0.979  0.005  0.012        1
722:     0.010  0.963  0.021  0.005        1
723:     0.001  0.991  0.002  0.007        1
724:     0.002  0.974  0.008  0.016        1
725:     0.008  0.973  0.012  0.007        1
726:     0.001  0.991  0.005  0.003        1
727:     0.016  0.960  0.020  0.003        1
728:     0.006  0.982  0.004  0.009        1
729:     0.103  0.892  0.002  0.003        1
730:     0.004  0.973  0.001  0.022        1
731:     0.002  0.952  0.034  0.012        1
732:     0.002  0.995  0.001  0.002        1
733:     0.003  0.990  0.004  0.003        1
734:     0.003  0.994  0.002  0.001        1
735:     0.005  0.976  0.014  0.004        1
736:     0.004  0.992  0.003  0.002        1
737:     0.004  0.987  0.002  0.007        1
738:     0.002  0.946  0.017  0.035        1
739:     0.005  0.977  0.015  0.003        1
740:     0.008  0.982  0.005  0.005        1
741:     0.003  0.991  0.002  0.004        1
742:     0.027  0.960  0.004  0.009        1
743:     0.003  0.973  0.005  0.018        1
744:     0.003  0.987  0.005  0.004        1
745:     0.001  0.967  0.023  0.009        1
746:     0.001  0.963  0.025  0.011        1
747:     0.004  0.974  0.008  0.013        1
748:     0.002  0.942  0.051  0.005        1
749:     0.001  0.994  0.004  0.001        1
750:     0.008  0.968  0.021  0.003        1
751:     0.012  0.969  0.007  0.011        1
752:     0.010  0.980  0.008  0.002        1
753:     0.004  0.987  0.004  0.005        1
754:     0.003  0.987  0.007  0.003        1
755:     0.001  0.997  0.001  0.001        1
756:     0.003  0.991  0.005  0.001        1
757:     0.007  0.987  0.002  0.003        1
758:     0.004  0.970  0.011  0.015        1
759:     0.013  0.968  0.009  0.010        1
760:     0.004  0.990  0.003  0.003        1
761:     0.022  0.964  0.008  0.007        1
762:     0.007  0.981  0.010  0.003        1
763:     0.003  0.994  0.002  0.001        1
764:     0.011  0.981  0.006  0.002        1
765:     0.005  0.989  0.002  0.004        1
766:     0.017  0.968  0.011  0.003        1
767:     0.004  0.991  0.002  0.003        1
768:     0.003  0.987  0.004  0.006        1
769:     0.004  0.963  0.027  0.006        1
770:     0.845  0.006  0.083  0.066        1
771:     0.541  0.132  0.321  0.007        1
772:     0.896  0.007  0.014  0.083        1
773:     0.491  0.001  0.495  0.012        1
774:     0.859  0.001  0.138  0.001        1
775:     0.544  0.002  0.453  0.001        1
776:     0.988  0.003  0.006  0.003        1
777:     0.992  0.001  0.004  0.003        1
778:     0.008  0.003  0.226  0.763        1
779:     0.002  0.005  0.002  0.991        1
780:     0.796  0.017  0.176  0.010        1
781:     0.993  0.001  0.004  0.002        1
782:     0.865  0.011  0.058  0.065        1
783:     0.684  0.006  0.291  0.019        1
784:     0.989  0.004  0.002  0.005        1
785:     0.001  0.010  0.164  0.825        1
786:     0.001  0.001  0.330  0.668        1
787:     0.002  0.001  0.001  0.997        1
788:     0.009  0.079  0.020  0.891        1
789:     0.001  0.001  0.002  0.996        1
790:     0.238  0.018  0.181  0.564        1
791:     0.002  0.002  0.001  0.995        1
792:     0.001  0.001  0.001  0.997        1
793:     0.006  0.013  0.081  0.900        1
794:     0.181  0.005  0.147  0.668        1
795:     0.001  0.060  0.352  0.587        1
796:     0.001  0.003  0.002  0.994        1
797:     0.001  0.001  0.003  0.995        1
798:     0.011  0.003  0.386  0.599        1
799:     0.007  0.008  0.010  0.974        1
800:     0.192  0.007  0.081  0.720        1
801:     0.008  0.744  0.018  0.230        1
802:     0.005  0.006  0.007  0.982        1
803:     0.177  0.047  0.270  0.505        1
804:     0.005  0.109  0.012  0.874        1
805:     0.001  0.001  0.001  0.997        1
806:     0.001  0.004  0.002  0.994        1
807:     0.001  0.028  0.180  0.791        1
808:     0.004  0.213  0.003  0.780        1
809:     0.997  0.001  0.001  0.002        1
810:     0.996  0.001  0.002  0.002        1
811:     0.005  0.013  0.006  0.976        1
812:     0.487  0.002  0.023  0.488        1
813:     0.042  0.004  0.362  0.593        1
814:     0.005  0.018  0.003  0.973        1
815:     0.017  0.044  0.059  0.880        1
816:     0.245  0.002  0.308  0.445        1
817:     0.001  0.003  0.002  0.994        1
818:     0.003  0.039  0.014  0.944        1
819:     0.006  0.004  0.034  0.957        1
820:     0.003  0.002  0.173  0.822        1
821:     0.004  0.003  0.183  0.810        1
822:     0.002  0.002  0.221  0.775        1
823:     0.020  0.085  0.020  0.875        1
824:     0.871  0.009  0.101  0.019        1
825:     0.846  0.004  0.146  0.004        1
826:     0.320  0.008  0.671  0.001        1
827:     0.533  0.129  0.326  0.012        1
828:     0.844  0.102  0.043  0.011        1
829:     0.008  0.006  0.057  0.929        1
830:     0.001  0.001  0.001  0.997        1
831:     0.003  0.006  0.009  0.981        1
832:     0.003  0.002  0.028  0.967        1
833:     0.001  0.000  0.001  0.998        1
834:     0.343  0.002  0.045  0.610        1
835:     0.001  0.071  0.006  0.922        1
836:     0.973  0.007  0.017  0.002        1
837:     0.641  0.001  0.354  0.004        1
838:     0.996  0.001  0.002  0.001        1
839:     0.992  0.001  0.004  0.003        1
840:     0.990  0.003  0.004  0.003        1
841:     0.012  0.978  0.003  0.008        1
842:     0.003  0.989  0.005  0.004        1
843:     0.002  0.977  0.011  0.010        1
844:     0.023  0.947  0.028  0.002        1
845:     0.004  0.984  0.007  0.006        1
846:     0.005  0.990  0.001  0.004        1
847:     0.013  0.937  0.046  0.003        1
848:     0.010  0.972  0.013  0.004        1
849:     0.004  0.978  0.015  0.002        1
850:     0.012  0.979  0.004  0.005        1
851:     0.003  0.979  0.006  0.011        1
852:     0.004  0.983  0.010  0.003        1
853:     0.003  0.948  0.010  0.039        1
854:     0.004  0.975  0.013  0.008        1
855:     0.003  0.980  0.013  0.003        1
856:     0.001  0.995  0.002  0.002        1
857:     0.010  0.984  0.004  0.002        1
858:     0.644  0.003  0.348  0.005        1
859:     0.897  0.003  0.098  0.002        1
860:     0.997  0.001  0.002  0.001        1
861:     0.942  0.003  0.017  0.038        1
862:     0.012  0.913  0.035  0.040        1
863:     0.019  0.945  0.035  0.001        1
864:     0.011  0.916  0.071  0.002        1
865:     0.010  0.904  0.048  0.038        1
866:     0.015  0.957  0.016  0.012        1
867:     0.007  0.978  0.010  0.005        1
868:     0.069  0.918  0.011  0.002        1
869:     0.018  0.976  0.005  0.001        1
870:     0.003  0.748  0.242  0.007        1
871:     0.004  0.970  0.005  0.021        1
