

----------------------------------------------------
STRUCTURE by Pritchard, Stephens and Donnelly (2000)
     and Falush, Stephens and Pritchard (2003)
       Code by Pritchard, Falush and Hubisz
             Version 2.3.4 (Jul 2012)
----------------------------------------------------



Command line arguments:   structure -K 4 -L 574 -N 2600 -i ./TEST.recode.strct_in -D 98760 -o ./TEST_structureOUT/K4_8 
Input File:    ./TEST.recode.strct_in

Run parameters:
   2600 individuals
   574 loci
   4 populations assumed
   1000 Burn-in period
   3000 Reps


--------------------------------------------
Proportion of membership of each pre-defined
 population in each of the 4 clusters

Given    Inferred Clusters              Number of
 Pop       1      2      3      4      Individuals

  1:     0.003  0.992  0.002  0.003        1
  2:     0.014  0.978  0.003  0.005        1
  3:     0.004  0.990  0.003  0.003        1
  4:     0.007  0.975  0.011  0.007        1
  5:     0.021  0.968  0.009  0.002        1
  6:     0.009  0.969  0.016  0.006        1
  7:     0.001  0.992  0.004  0.002        1
  8:     0.002  0.995  0.002  0.001        1
  9:     0.000  0.996  0.003  0.001        1
 10:     0.007  0.986  0.002  0.004        1
 11:     0.002  0.949  0.036  0.012        1
 12:     0.004  0.988  0.006  0.002        1
 13:     0.007  0.975  0.008  0.010        1
 14:     0.008  0.988  0.002  0.002        1
 15:     0.021  0.967  0.004  0.008        1
 16:     0.001  0.997  0.001  0.001        1
 17:     0.003  0.958  0.027  0.012        1
 18:     0.002  0.992  0.002  0.004        1
 19:     0.002  0.990  0.007  0.001        1
 20:     0.003  0.988  0.004  0.006        1
 21:     0.002  0.986  0.002  0.010        1
 22:     0.009  0.964  0.025  0.002        1
 23:     0.003  0.993  0.002  0.001        1
 24:     0.010  0.974  0.007  0.009        1
 25:     0.002  0.993  0.003  0.002        1
 26:     0.001  0.997  0.002  0.001        1
 27:     0.003  0.989  0.006  0.003        1
 28:     0.011  0.961  0.024  0.004        1
 29:     0.013  0.967  0.017  0.004        1
 30:     0.003  0.958  0.024  0.015        1
 31:     0.001  0.996  0.001  0.002        1
 32:     0.007  0.980  0.008  0.005        1
 33:     0.006  0.942  0.050  0.003        1
 34:     0.012  0.978  0.006  0.004        1
 35:     0.012  0.980  0.006  0.002        1
 36:     0.008  0.976  0.009  0.007        1
 37:     0.003  0.994  0.002  0.001        1
 38:     0.005  0.979  0.013  0.003        1
 39:     0.004  0.990  0.004  0.002        1
 40:     0.002  0.994  0.004  0.001        1
 41:     0.010  0.963  0.018  0.009        1
 42:     0.070  0.878  0.046  0.006        1
 43:     0.020  0.887  0.076  0.018        1
 44:     0.009  0.930  0.002  0.058        1
 45:     0.002  0.991  0.006  0.001        1
 46:     0.007  0.981  0.010  0.002        1
 47:     0.004  0.983  0.009  0.004        1
 48:     0.003  0.916  0.009  0.072        1
 49:     0.014  0.983  0.002  0.001        1
 50:     0.001  0.994  0.002  0.003        1
 51:     0.013  0.970  0.016  0.001        1
 52:     0.004  0.992  0.002  0.003        1
 53:     0.005  0.982  0.001  0.011        1
 54:     0.011  0.981  0.003  0.005        1
 55:     0.006  0.985  0.007  0.001        1
 56:     0.005  0.991  0.002  0.002        1
 57:     0.002  0.992  0.002  0.004        1
 58:     0.001  0.997  0.001  0.001        1
 59:     0.003  0.994  0.002  0.001        1
 60:     0.045  0.911  0.009  0.035        1
 61:     0.013  0.950  0.002  0.035        1
 62:     0.004  0.990  0.003  0.004        1
 63:     0.007  0.961  0.007  0.026        1
 64:     0.002  0.988  0.002  0.009        1
 65:     0.005  0.987  0.005  0.002        1
 66:     0.035  0.919  0.032  0.015        1
 67:     0.003  0.993  0.002  0.002        1
 68:     0.002  0.991  0.004  0.002        1
 69:     0.006  0.988  0.003  0.002        1
 70:     0.003  0.976  0.016  0.005        1
 71:     0.008  0.987  0.003  0.002        1
 72:     0.008  0.986  0.002  0.004        1
 73:     0.003  0.988  0.005  0.004        1
 74:     0.015  0.946  0.035  0.004        1
 75:     0.002  0.987  0.007  0.004        1
 76:     0.037  0.943  0.014  0.006        1
 77:     0.002  0.993  0.001  0.004        1
 78:     0.011  0.982  0.004  0.003        1
 79:     0.022  0.950  0.011  0.017        1
 80:     0.035  0.956  0.005  0.003        1
 81:     0.001  0.992  0.006  0.002        1
 82:     0.044  0.941  0.014  0.001        1
 83:     0.006  0.984  0.003  0.007        1
 84:     0.007  0.974  0.016  0.003        1
 85:     0.002  0.996  0.002  0.001        1
 86:     0.008  0.978  0.007  0.007        1
 87:     0.001  0.994  0.004  0.001        1
 88:     0.008  0.973  0.012  0.008        1
 89:     0.003  0.992  0.004  0.001        1
 90:     0.004  0.987  0.007  0.002        1
 91:     0.000  0.725  0.273  0.001        1
 92:     0.001  0.991  0.002  0.005        1
 93:     0.004  0.983  0.009  0.004        1
 94:     0.003  0.992  0.004  0.002        1
 95:     0.003  0.981  0.006  0.010        1
 96:     0.008  0.987  0.004  0.001        1
 97:     0.987  0.006  0.007  0.001        1
 98:     0.996  0.001  0.002  0.001        1
 99:     0.975  0.003  0.015  0.007        1
100:     0.986  0.003  0.007  0.005        1
101:     0.992  0.003  0.004  0.001        1
102:     0.994  0.001  0.002  0.003        1
103:     0.987  0.002  0.008  0.003        1
104:     0.989  0.001  0.006  0.004        1
105:     0.987  0.002  0.009  0.002        1
106:     0.991  0.001  0.005  0.002        1
107:     0.989  0.002  0.004  0.005        1
108:     0.995  0.001  0.001  0.003        1
109:     0.988  0.001  0.002  0.009        1
110:     0.989  0.000  0.009  0.002        1
111:     0.994  0.002  0.003  0.001        1
112:     0.967  0.001  0.014  0.017        1
113:     0.976  0.006  0.016  0.001        1
114:     0.991  0.003  0.005  0.001        1
115:     0.989  0.002  0.006  0.003        1
116:     0.982  0.003  0.011  0.003        1
117:     0.990  0.004  0.005  0.001        1
118:     0.965  0.002  0.025  0.008        1
119:     0.985  0.004  0.001  0.010        1
120:     0.995  0.001  0.002  0.001        1
121:     0.991  0.001  0.006  0.002        1
122:     0.997  0.001  0.001  0.001        1
123:     0.996  0.001  0.002  0.001        1
124:     0.997  0.001  0.002  0.000        1
125:     0.979  0.005  0.014  0.003        1
126:     0.986  0.008  0.004  0.001        1
127:     0.997  0.001  0.002  0.001        1
128:     0.990  0.007  0.002  0.001        1
129:     0.994  0.002  0.001  0.003        1
130:     0.990  0.006  0.003  0.001        1
131:     0.990  0.003  0.005  0.002        1
132:     0.963  0.010  0.011  0.016        1
133:     0.995  0.001  0.002  0.002        1
134:     0.971  0.002  0.002  0.025        1
135:     0.965  0.004  0.004  0.027        1
136:     0.980  0.004  0.013  0.003        1
137:     0.994  0.002  0.004  0.000        1
138:     0.994  0.002  0.003  0.002        1
139:     0.994  0.001  0.004  0.002        1
140:     0.993  0.002  0.002  0.003        1
141:     0.990  0.006  0.001  0.002        1
142:     0.990  0.004  0.005  0.001        1
143:     0.990  0.002  0.002  0.006        1
144:     0.992  0.003  0.004  0.001        1
145:     0.918  0.003  0.075  0.004        1
146:     0.998  0.000  0.001  0.001        1
147:     0.984  0.001  0.002  0.013        1
148:     0.960  0.001  0.032  0.006        1
149:     0.965  0.018  0.014  0.002        1
150:     0.986  0.007  0.003  0.004        1
151:     0.995  0.001  0.003  0.001        1
152:     0.974  0.008  0.013  0.005        1
153:     0.947  0.035  0.016  0.002        1
154:     0.964  0.012  0.020  0.004        1
155:     0.985  0.007  0.006  0.001        1
156:     0.959  0.002  0.038  0.001        1
157:     0.958  0.006  0.028  0.009        1
158:     0.823  0.002  0.174  0.002        1
159:     0.955  0.001  0.041  0.003        1
160:     0.969  0.006  0.010  0.016        1
161:     0.971  0.003  0.024  0.001        1
162:     0.990  0.003  0.006  0.001        1
163:     0.966  0.011  0.003  0.020        1
164:     0.987  0.009  0.002  0.003        1
165:     0.973  0.009  0.008  0.010        1
166:     0.956  0.017  0.025  0.002        1
167:     0.979  0.001  0.017  0.003        1
168:     0.980  0.004  0.011  0.004        1
169:     0.996  0.001  0.002  0.001        1
170:     0.984  0.004  0.011  0.001        1
171:     0.984  0.005  0.011  0.000        1
172:     0.958  0.009  0.028  0.004        1
173:     0.932  0.011  0.055  0.002        1
174:     0.991  0.001  0.005  0.002        1
175:     0.990  0.001  0.004  0.005        1
176:     0.989  0.001  0.008  0.003        1
177:     0.976  0.003  0.007  0.015        1
178:     0.992  0.002  0.005  0.002        1
179:     0.916  0.004  0.077  0.003        1
180:     0.996  0.002  0.001  0.001        1
181:     0.993  0.001  0.004  0.002        1
182:     0.971  0.008  0.015  0.006        1
183:     0.970  0.018  0.008  0.004        1
184:     0.978  0.005  0.013  0.004        1
185:     0.988  0.001  0.006  0.005        1
186:     0.995  0.001  0.002  0.001        1
187:     0.986  0.001  0.002  0.011        1
188:     0.997  0.001  0.002  0.001        1
189:     0.993  0.002  0.003  0.003        1
190:     0.991  0.003  0.004  0.001        1
191:     0.984  0.007  0.006  0.003        1
192:     0.950  0.002  0.048  0.001        1
193:     0.988  0.002  0.009  0.001        1
194:     0.978  0.009  0.008  0.005        1
195:     0.994  0.001  0.003  0.001        1
196:     0.992  0.001  0.003  0.005        1
197:     0.974  0.005  0.013  0.009        1
198:     0.997  0.001  0.001  0.002        1
199:     0.978  0.010  0.010  0.002        1
200:     0.801  0.186  0.009  0.004        1
201:     0.894  0.096  0.009  0.001        1
202:     0.996  0.001  0.002  0.001        1
203:     0.987  0.002  0.005  0.006        1
204:     0.964  0.026  0.009  0.001        1
205:     0.928  0.069  0.003  0.001        1
206:     0.872  0.121  0.005  0.001        1
207:     0.923  0.046  0.027  0.004        1
208:     0.969  0.011  0.019  0.001        1
209:     0.529  0.004  0.466  0.001        1
210:     0.994  0.002  0.003  0.002        1
211:     0.947  0.022  0.028  0.003        1
212:     0.809  0.150  0.040  0.001        1
213:     0.931  0.007  0.054  0.009        1
214:     0.929  0.046  0.022  0.004        1
215:     0.979  0.010  0.008  0.003        1
216:     0.969  0.006  0.020  0.004        1
217:     0.971  0.016  0.011  0.001        1
218:     0.951  0.006  0.041  0.002        1
219:     0.952  0.032  0.008  0.008        1
220:     0.996  0.002  0.001  0.001        1
221:     0.984  0.003  0.005  0.009        1
222:     0.951  0.005  0.040  0.004        1
223:     0.925  0.053  0.020  0.002        1
224:     0.989  0.003  0.007  0.001        1
225:     0.996  0.002  0.001  0.001        1
226:     0.726  0.223  0.050  0.000        1
227:     0.997  0.001  0.001  0.001        1
228:     0.980  0.011  0.007  0.002        1
229:     0.663  0.119  0.215  0.003        1
230:     0.859  0.120  0.018  0.003        1
231:     0.932  0.005  0.054  0.009        1
232:     0.964  0.006  0.020  0.010        1
233:     0.990  0.005  0.002  0.003        1
234:     0.913  0.078  0.005  0.003        1
235:     0.987  0.001  0.003  0.009        1
236:     0.993  0.002  0.003  0.001        1
237:     0.834  0.127  0.035  0.004        1
238:     0.975  0.009  0.015  0.002        1
239:     0.954  0.037  0.007  0.002        1
240:     0.968  0.014  0.016  0.003        1
241:     0.982  0.002  0.004  0.012        1
242:     0.976  0.014  0.005  0.005        1
243:     0.976  0.003  0.018  0.002        1
244:     0.937  0.050  0.011  0.001        1
245:     0.976  0.007  0.002  0.015        1
246:     0.982  0.006  0.007  0.005        1
247:     0.904  0.033  0.059  0.004        1
248:     0.860  0.025  0.113  0.002        1
249:     0.968  0.007  0.020  0.005        1
250:     0.969  0.019  0.012  0.001        1
251:     0.987  0.006  0.004  0.004        1
252:     0.972  0.005  0.023  0.001        1
253:     0.968  0.022  0.008  0.002        1
254:     0.995  0.002  0.003  0.001        1
255:     0.628  0.060  0.310  0.002        1
256:     0.953  0.011  0.031  0.005        1
257:     0.967  0.003  0.025  0.005        1
258:     0.987  0.002  0.002  0.009        1
259:     0.990  0.004  0.004  0.002        1
260:     0.964  0.007  0.022  0.008        1
261:     0.881  0.070  0.035  0.014        1
262:     0.919  0.041  0.036  0.004        1
263:     0.848  0.033  0.115  0.005        1
264:     0.983  0.008  0.009  0.000        1
265:     0.911  0.007  0.080  0.002        1
266:     0.906  0.010  0.008  0.075        1
267:     0.992  0.003  0.001  0.004        1
268:     0.913  0.062  0.022  0.003        1
269:     0.996  0.000  0.002  0.001        1
270:     0.983  0.008  0.007  0.002        1
271:     0.844  0.153  0.002  0.001        1
272:     0.983  0.006  0.011  0.001        1
273:     0.986  0.006  0.007  0.002        1
274:     0.971  0.003  0.025  0.001        1
275:     0.981  0.006  0.003  0.011        1
276:     0.939  0.007  0.042  0.012        1
277:     0.865  0.117  0.012  0.006        1
278:     0.983  0.005  0.011  0.000        1
279:     0.961  0.032  0.004  0.003        1
280:     0.984  0.008  0.006  0.002        1
281:     0.992  0.002  0.005  0.001        1
282:     0.001  0.992  0.005  0.002        1
283:     0.002  0.994  0.002  0.002        1
284:     0.008  0.979  0.010  0.004        1
285:     0.007  0.985  0.004  0.003        1
286:     0.002  0.988  0.002  0.009        1
287:     0.002  0.984  0.009  0.005        1
288:     0.009  0.975  0.009  0.007        1
289:     0.001  0.997  0.001  0.001        1
290:     0.006  0.981  0.012  0.001        1
291:     0.002  0.994  0.001  0.003        1
292:     0.005  0.989  0.004  0.002        1
293:     0.008  0.981  0.010  0.001        1
294:     0.003  0.990  0.003  0.004        1
295:     0.001  0.995  0.002  0.002        1
296:     0.002  0.993  0.003  0.002        1
297:     0.002  0.993  0.003  0.002        1
298:     0.003  0.994  0.001  0.002        1
299:     0.002  0.993  0.004  0.001        1
300:     0.002  0.983  0.013  0.003        1
301:     0.002  0.994  0.003  0.001        1
302:     0.003  0.987  0.003  0.007        1
303:     0.005  0.990  0.001  0.004        1
304:     0.001  0.979  0.004  0.016        1
305:     0.002  0.965  0.032  0.001        1
306:     0.003  0.981  0.014  0.001        1
307:     0.008  0.972  0.018  0.002        1
308:     0.021  0.963  0.008  0.008        1
309:     0.002  0.989  0.007  0.001        1
310:     0.002  0.979  0.004  0.015        1
311:     0.004  0.979  0.012  0.006        1
312:     0.001  0.993  0.004  0.002        1
313:     0.018  0.967  0.012  0.003        1
314:     0.001  0.993  0.001  0.006        1
315:     0.002  0.991  0.002  0.006        1
316:     0.010  0.956  0.009  0.026        1
317:     0.003  0.996  0.001  0.001        1
318:     0.008  0.981  0.010  0.001        1
319:     0.035  0.954  0.008  0.003        1
320:     0.002  0.982  0.006  0.011        1
321:     0.001  0.993  0.005  0.001        1
322:     0.003  0.993  0.002  0.001        1
323:     0.002  0.986  0.011  0.001        1
324:     0.991  0.001  0.001  0.006        1
325:     0.450  0.001  0.192  0.357        1
326:     0.995  0.002  0.002  0.001        1
327:     0.009  0.981  0.003  0.008        1
328:     0.001  0.995  0.002  0.002        1
329:     0.003  0.992  0.004  0.001        1
330:     0.002  0.996  0.001  0.001        1
331:     0.006  0.989  0.001  0.003        1
332:     0.001  0.998  0.001  0.001        1
333:     0.001  0.992  0.004  0.002        1
334:     0.012  0.935  0.047  0.006        1
335:     0.004  0.991  0.004  0.001        1
336:     0.002  0.988  0.008  0.003        1
337:     0.010  0.986  0.003  0.002        1
338:     0.005  0.956  0.031  0.008        1
339:     0.002  0.995  0.002  0.001        1
340:     0.006  0.989  0.003  0.001        1
341:     0.002  0.997  0.001  0.001        1
342:     0.001  0.995  0.003  0.001        1
343:     0.002  0.994  0.003  0.001        1
344:     0.004  0.983  0.009  0.003        1
345:     0.003  0.990  0.006  0.001        1
346:     0.002  0.989  0.007  0.002        1
347:     0.005  0.985  0.005  0.005        1
348:     0.001  0.996  0.002  0.001        1
349:     0.004  0.986  0.008  0.001        1
350:     0.001  0.990  0.003  0.006        1
351:     0.001  0.993  0.004  0.002        1
352:     0.007  0.985  0.005  0.003        1
353:     0.005  0.969  0.022  0.004        1
354:     0.004  0.989  0.006  0.002        1
355:     0.010  0.968  0.017  0.005        1
356:     0.010  0.987  0.002  0.001        1
357:     0.003  0.987  0.006  0.004        1
358:     0.008  0.977  0.014  0.001        1
359:     0.014  0.978  0.005  0.004        1
360:     0.004  0.990  0.002  0.003        1
361:     0.002  0.986  0.006  0.006        1
362:     0.698  0.003  0.152  0.147        1
363:     0.719  0.238  0.040  0.004        1
364:     0.922  0.029  0.040  0.010        1
365:     0.872  0.079  0.044  0.006        1
366:     0.003  0.985  0.008  0.003        1
367:     0.013  0.955  0.025  0.007        1
368:     0.004  0.986  0.006  0.003        1
369:     0.006  0.984  0.007  0.003        1
370:     0.002  0.994  0.004  0.001        1
371:     0.020  0.965  0.009  0.007        1
372:     0.002  0.996  0.001  0.001        1
373:     0.002  0.991  0.003  0.004        1
374:     0.005  0.991  0.003  0.001        1
375:     0.006  0.984  0.004  0.006        1
376:     0.007  0.973  0.018  0.002        1
377:     0.001  0.992  0.002  0.005        1
378:     0.003  0.994  0.002  0.002        1
379:     0.003  0.988  0.004  0.005        1
380:     0.001  0.996  0.001  0.002        1
381:     0.003  0.958  0.026  0.013        1
382:     0.003  0.995  0.001  0.002        1
383:     0.001  0.997  0.002  0.001        1
384:     0.007  0.985  0.005  0.003        1
385:     0.005  0.953  0.006  0.037        1
386:     0.002  0.994  0.002  0.001        1
387:     0.005  0.986  0.007  0.002        1
388:     0.004  0.974  0.017  0.004        1
389:     0.002  0.987  0.004  0.006        1
390:     0.004  0.988  0.002  0.005        1
391:     0.004  0.987  0.007  0.002        1
392:     0.000  0.995  0.003  0.001        1
393:     0.001  0.997  0.001  0.001        1
394:     0.877  0.018  0.024  0.082        1
395:     0.938  0.054  0.005  0.003        1
396:     0.754  0.002  0.086  0.158        1
397:     0.958  0.033  0.005  0.004        1
398:     0.988  0.001  0.002  0.009        1
399:     0.983  0.002  0.002  0.014        1
400:     0.898  0.063  0.016  0.023        1
401:     0.947  0.029  0.011  0.013        1
402:     0.906  0.027  0.064  0.003        1
403:     0.005  0.990  0.003  0.002        1
404:     0.016  0.899  0.066  0.019        1
405:     0.004  0.990  0.003  0.003        1
406:     0.002  0.993  0.003  0.001        1
407:     0.001  0.995  0.001  0.003        1
408:     0.005  0.940  0.015  0.041        1
409:     0.001  0.995  0.003  0.001        1
410:     0.001  0.997  0.002  0.001        1
411:     0.003  0.983  0.006  0.008        1
412:     0.005  0.980  0.010  0.005        1
413:     0.002  0.997  0.001  0.000        1
414:     0.001  0.995  0.003  0.001        1
415:     0.005  0.988  0.004  0.003        1
416:     0.001  0.997  0.001  0.000        1
417:     0.014  0.959  0.025  0.002        1
418:     0.979  0.002  0.011  0.008        1
419:     0.726  0.263  0.001  0.010        1
420:     0.550  0.010  0.006  0.434        1
421:     0.859  0.004  0.050  0.087        1
422:     0.792  0.007  0.036  0.165        1
423:     0.867  0.055  0.068  0.010        1
424:     0.813  0.001  0.001  0.185        1
425:     0.867  0.129  0.001  0.002        1
426:     0.976  0.008  0.004  0.012        1
427:     0.979  0.005  0.003  0.013        1
428:     0.757  0.001  0.006  0.235        1
429:     0.832  0.134  0.026  0.008        1
430:     0.847  0.137  0.001  0.015        1
431:     0.985  0.001  0.010  0.004        1
432:     0.885  0.003  0.023  0.088        1
433:     0.771  0.176  0.046  0.008        1
434:     0.914  0.019  0.062  0.005        1
435:     0.685  0.295  0.013  0.006        1
436:     0.968  0.019  0.009  0.004        1
437:     0.984  0.004  0.003  0.010        1
438:     0.970  0.004  0.024  0.003        1
439:     0.802  0.184  0.002  0.012        1
440:     0.310  0.340  0.335  0.014        1
441:     0.791  0.001  0.001  0.207        1
442:     0.957  0.007  0.028  0.008        1
443:     0.878  0.113  0.001  0.008        1
444:     0.869  0.001  0.002  0.128        1
445:     0.989  0.003  0.005  0.003        1
446:     0.933  0.004  0.002  0.061        1
447:     0.778  0.024  0.181  0.016        1
448:     0.850  0.002  0.008  0.140        1
449:     0.885  0.097  0.006  0.012        1
450:     0.880  0.011  0.016  0.093        1
451:     0.704  0.003  0.011  0.281        1
452:     0.370  0.002  0.003  0.625        1
453:     0.967  0.007  0.020  0.005        1
454:     0.925  0.004  0.059  0.011        1
455:     0.960  0.004  0.005  0.030        1
456:     0.269  0.001  0.002  0.728        1
457:     0.639  0.228  0.125  0.008        1
458:     0.719  0.058  0.219  0.004        1
459:     0.994  0.002  0.002  0.003        1
460:     0.753  0.182  0.002  0.063        1
461:     0.685  0.205  0.109  0.001        1
462:     0.712  0.273  0.003  0.012        1
463:     0.687  0.156  0.006  0.151        1
464:     0.959  0.011  0.021  0.009        1
465:     0.925  0.035  0.035  0.005        1
466:     0.766  0.020  0.209  0.004        1
467:     0.774  0.005  0.002  0.218        1
468:     0.657  0.337  0.004  0.002        1
469:     0.979  0.002  0.017  0.002        1
470:     0.358  0.143  0.109  0.390        1
471:     0.721  0.220  0.002  0.058        1
472:     0.918  0.036  0.015  0.031        1
473:     0.676  0.219  0.096  0.009        1
474:     0.786  0.036  0.011  0.166        1
475:     0.989  0.004  0.007  0.001        1
476:     0.535  0.036  0.277  0.152        1
477:     0.914  0.071  0.003  0.011        1
478:     0.884  0.011  0.089  0.017        1
479:     0.886  0.079  0.032  0.003        1
480:     0.801  0.001  0.001  0.197        1
481:     0.743  0.009  0.221  0.027        1
482:     0.771  0.143  0.005  0.082        1
483:     0.713  0.216  0.049  0.022        1
484:     0.977  0.000  0.001  0.021        1
485:     0.940  0.002  0.010  0.048        1
486:     0.884  0.064  0.006  0.045        1
487:     0.965  0.002  0.012  0.020        1
488:     0.843  0.005  0.074  0.079        1
489:     0.983  0.001  0.005  0.011        1
490:     0.577  0.291  0.129  0.003        1
491:     0.728  0.001  0.005  0.266        1
492:     0.898  0.001  0.003  0.098        1
493:     0.409  0.512  0.008  0.072        1
494:     0.779  0.185  0.013  0.022        1
495:     0.774  0.002  0.004  0.220        1
496:     0.947  0.027  0.018  0.008        1
497:     0.936  0.051  0.002  0.011        1
498:     0.990  0.004  0.004  0.002        1
499:     0.427  0.003  0.098  0.472        1
500:     0.131  0.001  0.009  0.859        1
501:     0.659  0.007  0.001  0.333        1
502:     0.964  0.014  0.015  0.006        1
503:     0.844  0.128  0.025  0.003        1
504:     0.839  0.158  0.002  0.001        1
505:     0.991  0.002  0.004  0.004        1
506:     0.803  0.109  0.059  0.029        1
507:     0.703  0.028  0.240  0.029        1
508:     0.882  0.026  0.016  0.076        1
509:     0.979  0.002  0.012  0.007        1
510:     0.458  0.396  0.001  0.144        1
511:     0.910  0.076  0.011  0.003        1
512:     0.906  0.076  0.016  0.001        1
513:     0.456  0.028  0.179  0.337        1
514:     0.987  0.001  0.009  0.003        1
515:     0.741  0.092  0.002  0.165        1
516:     0.975  0.006  0.002  0.016        1
517:     0.982  0.004  0.011  0.004        1
518:     0.968  0.010  0.020  0.002        1
519:     0.617  0.000  0.002  0.381        1
520:     0.938  0.004  0.011  0.047        1
521:     0.925  0.001  0.002  0.073        1
522:     0.672  0.003  0.003  0.323        1
523:     0.727  0.002  0.004  0.266        1
524:     0.980  0.007  0.004  0.010        1
525:     0.882  0.032  0.084  0.001        1
526:     0.872  0.064  0.049  0.014        1
527:     0.631  0.005  0.163  0.201        1
528:     0.948  0.002  0.005  0.046        1
529:     0.974  0.002  0.024  0.001        1
530:     0.399  0.597  0.002  0.001        1
531:     0.428  0.213  0.044  0.316        1
532:     0.802  0.106  0.088  0.005        1
533:     0.729  0.234  0.026  0.011        1
534:     0.514  0.451  0.016  0.019        1
535:     0.869  0.115  0.009  0.007        1
536:     0.936  0.057  0.001  0.005        1
537:     0.737  0.253  0.008  0.002        1
538:     0.729  0.210  0.045  0.017        1
539:     0.637  0.217  0.033  0.113        1
540:     0.836  0.156  0.002  0.006        1
541:     0.951  0.001  0.008  0.040        1
542:     0.737  0.238  0.023  0.001        1
543:     0.775  0.213  0.011  0.001        1
544:     0.408  0.296  0.037  0.259        1
545:     0.577  0.376  0.036  0.011        1
546:     0.841  0.069  0.004  0.087        1
547:     0.446  0.547  0.001  0.006        1
548:     0.688  0.215  0.033  0.064        1
549:     0.722  0.270  0.005  0.003        1
550:     0.571  0.277  0.006  0.146        1
551:     0.702  0.285  0.010  0.003        1
552:     0.712  0.002  0.283  0.003        1
553:     0.784  0.125  0.086  0.004        1
554:     0.866  0.041  0.034  0.059        1
555:     0.948  0.004  0.046  0.002        1
556:     0.526  0.005  0.005  0.464        1
557:     0.581  0.002  0.017  0.400        1
558:     0.912  0.011  0.010  0.067        1
559:     0.814  0.131  0.054  0.001        1
560:     0.717  0.035  0.025  0.223        1
561:     0.919  0.044  0.032  0.005        1
562:     0.459  0.048  0.228  0.265        1
563:     0.530  0.226  0.010  0.233        1
564:     0.924  0.016  0.022  0.038        1
565:     0.933  0.005  0.015  0.047        1
566:     0.710  0.273  0.005  0.012        1
567:     0.545  0.258  0.008  0.190        1
568:     0.794  0.007  0.036  0.164        1
569:     0.952  0.039  0.008  0.001        1
570:     0.705  0.276  0.014  0.006        1
571:     0.987  0.002  0.006  0.004        1
572:     0.994  0.001  0.001  0.004        1
573:     0.867  0.005  0.006  0.122        1
574:     0.619  0.357  0.017  0.007        1
575:     0.555  0.436  0.003  0.006        1
576:     0.624  0.063  0.032  0.281        1
577:     0.871  0.009  0.037  0.084        1
578:     0.876  0.113  0.005  0.006        1
579:     0.705  0.285  0.010  0.000        1
580:     0.721  0.181  0.046  0.052        1
581:     0.545  0.426  0.010  0.018        1
582:     0.467  0.353  0.025  0.155        1
583:     0.588  0.103  0.002  0.307        1
584:     0.889  0.082  0.028  0.001        1
585:     0.983  0.006  0.009  0.002        1
586:     0.988  0.003  0.004  0.004        1
587:     0.774  0.013  0.013  0.200        1
588:     0.420  0.121  0.008  0.451        1
589:     0.953  0.008  0.035  0.004        1
590:     0.743  0.101  0.026  0.130        1
591:     0.977  0.003  0.014  0.006        1
592:     0.703  0.108  0.135  0.054        1
593:     0.989  0.001  0.006  0.004        1
594:     0.385  0.135  0.001  0.479        1
595:     0.760  0.054  0.012  0.174        1
596:     0.950  0.018  0.020  0.012        1
597:     0.969  0.015  0.006  0.011        1
598:     0.863  0.025  0.104  0.009        1
599:     0.993  0.003  0.003  0.001        1
600:     0.958  0.004  0.022  0.015        1
601:     0.992  0.001  0.006  0.001        1
602:     0.993  0.001  0.005  0.001        1
603:     0.987  0.001  0.008  0.004        1
604:     0.985  0.003  0.006  0.006        1
605:     0.993  0.003  0.002  0.002        1
606:     0.992  0.001  0.004  0.003        1
607:     0.997  0.001  0.001  0.001        1
608:     0.994  0.002  0.001  0.003        1
609:     0.993  0.001  0.005  0.001        1
610:     0.994  0.002  0.003  0.001        1
611:     0.996  0.001  0.002  0.001        1
612:     0.981  0.006  0.008  0.005        1
613:     0.982  0.002  0.005  0.010        1
614:     0.987  0.005  0.001  0.007        1
615:     0.997  0.001  0.001  0.001        1
616:     0.972  0.001  0.006  0.021        1
617:     0.993  0.002  0.004  0.001        1
618:     0.973  0.001  0.021  0.005        1
619:     0.993  0.004  0.002  0.001        1
620:     0.951  0.010  0.010  0.029        1
621:     0.997  0.001  0.001  0.001        1
622:     0.830  0.146  0.015  0.009        1
623:     0.577  0.009  0.008  0.405        1
624:     0.541  0.001  0.091  0.367        1
625:     0.445  0.497  0.039  0.019        1
626:     0.815  0.029  0.146  0.010        1
627:     0.690  0.293  0.016  0.001        1
628:     0.480  0.441  0.076  0.003        1
629:     0.660  0.277  0.053  0.010        1
630:     0.544  0.448  0.008  0.001        1
631:     0.152  0.002  0.843  0.003        1
632:     0.525  0.018  0.454  0.003        1
633:     0.052  0.061  0.881  0.006        1
634:     0.173  0.001  0.821  0.005        1
635:     0.013  0.879  0.072  0.036        1
636:     0.003  0.992  0.003  0.003        1
637:     0.001  0.994  0.003  0.002        1
638:     0.003  0.991  0.003  0.004        1
639:     0.004  0.978  0.007  0.011        1
640:     0.001  0.996  0.002  0.002        1
641:     0.986  0.001  0.005  0.009        1
642:     0.979  0.002  0.007  0.012        1
643:     0.972  0.001  0.015  0.011        1
644:     0.992  0.001  0.004  0.003        1
645:     0.968  0.002  0.021  0.010        1
646:     0.988  0.002  0.006  0.004        1
647:     0.989  0.001  0.007  0.003        1
648:     0.978  0.003  0.005  0.013        1
649:     0.992  0.001  0.004  0.003        1
650:     0.934  0.003  0.006  0.057        1
651:     0.973  0.003  0.021  0.004        1
652:     0.926  0.003  0.066  0.004        1
653:     0.998  0.001  0.001  0.000        1
654:     0.985  0.002  0.012  0.001        1
655:     0.986  0.001  0.008  0.004        1
656:     0.994  0.001  0.002  0.003        1
657:     0.979  0.004  0.015  0.002        1
658:     0.962  0.018  0.016  0.004        1
659:     0.767  0.002  0.013  0.218        1
660:     0.979  0.002  0.007  0.012        1
661:     0.991  0.001  0.002  0.006        1
662:     0.993  0.002  0.003  0.001        1
663:     0.966  0.001  0.023  0.010        1
664:     0.975  0.007  0.006  0.012        1
665:     0.971  0.002  0.005  0.021        1
666:     0.994  0.001  0.002  0.003        1
667:     0.732  0.003  0.263  0.002        1
668:     0.996  0.001  0.002  0.001        1
669:     0.997  0.001  0.001  0.001        1
670:     0.990  0.003  0.005  0.002        1
671:     0.997  0.000  0.002  0.000        1
672:     0.993  0.002  0.002  0.003        1
673:     0.970  0.003  0.010  0.017        1
674:     0.988  0.003  0.008  0.001        1
675:     0.987  0.002  0.001  0.010        1
676:     0.987  0.002  0.004  0.006        1
677:     0.987  0.002  0.008  0.004        1
678:     0.954  0.001  0.004  0.041        1
679:     0.989  0.002  0.004  0.004        1
680:     0.971  0.001  0.013  0.015        1
681:     0.996  0.001  0.001  0.002        1
682:     0.993  0.004  0.002  0.001        1
683:     0.963  0.002  0.021  0.014        1
684:     0.857  0.005  0.137  0.001        1
685:     0.987  0.006  0.006  0.002        1
686:     0.978  0.006  0.011  0.005        1
687:     0.923  0.005  0.007  0.065        1
688:     0.917  0.033  0.037  0.013        1
689:     0.986  0.003  0.002  0.009        1
690:     0.970  0.003  0.006  0.021        1
691:     0.986  0.008  0.003  0.003        1
692:     0.987  0.008  0.004  0.001        1
693:     0.986  0.003  0.003  0.008        1
694:     0.989  0.003  0.007  0.001        1
695:     0.957  0.004  0.038  0.001        1
696:     0.934  0.003  0.026  0.037        1
697:     0.986  0.004  0.007  0.003        1
698:     0.992  0.002  0.002  0.004        1
699:     0.985  0.005  0.003  0.008        1
700:     0.992  0.003  0.002  0.003        1
701:     0.996  0.001  0.001  0.002        1
702:     0.990  0.003  0.004  0.004        1
703:     0.981  0.010  0.006  0.003        1
704:     0.993  0.002  0.003  0.001        1
705:     0.989  0.001  0.006  0.004        1
706:     0.974  0.002  0.018  0.006        1
707:     0.964  0.003  0.013  0.019        1
708:     0.987  0.002  0.004  0.006        1
709:     0.973  0.005  0.019  0.003        1
710:     0.854  0.001  0.048  0.097        1
711:     0.993  0.003  0.004  0.001        1
712:     0.986  0.001  0.005  0.008        1
713:     0.992  0.001  0.004  0.003        1
714:     0.006  0.987  0.006  0.001        1
715:     0.001  0.988  0.007  0.004        1
716:     0.004  0.991  0.003  0.001        1
717:     0.002  0.970  0.003  0.025        1
718:     0.008  0.964  0.026  0.003        1
719:     0.002  0.994  0.003  0.002        1
720:     0.002  0.993  0.003  0.002        1
721:     0.005  0.977  0.015  0.003        1
722:     0.010  0.972  0.010  0.009        1
723:     0.001  0.995  0.003  0.002        1
724:     0.001  0.994  0.003  0.001        1
725:     0.005  0.984  0.006  0.004        1
726:     0.002  0.994  0.003  0.001        1
727:     0.006  0.974  0.004  0.016        1
728:     0.005  0.981  0.005  0.009        1
729:     0.004  0.914  0.013  0.069        1
730:     0.003  0.992  0.002  0.003        1
731:     0.015  0.964  0.017  0.003        1
732:     0.003  0.993  0.002  0.002        1
733:     0.002  0.992  0.004  0.002        1
734:     0.001  0.997  0.001  0.001        1
735:     0.011  0.968  0.014  0.008        1
736:     0.002  0.992  0.005  0.001        1
737:     0.003  0.995  0.001  0.001        1
738:     0.008  0.981  0.009  0.002        1
739:     0.016  0.971  0.012  0.002        1
740:     0.007  0.979  0.006  0.008        1
741:     0.006  0.990  0.003  0.001        1
742:     0.005  0.950  0.012  0.033        1
743:     0.002  0.993  0.003  0.002        1
744:     0.003  0.949  0.043  0.005        1
745:     0.014  0.957  0.028  0.001        1
746:     0.010  0.972  0.016  0.002        1
747:     0.002  0.990  0.003  0.004        1
748:     0.008  0.837  0.151  0.003        1
749:     0.003  0.987  0.007  0.003        1
750:     0.006  0.944  0.043  0.007        1
751:     0.007  0.955  0.030  0.008        1
752:     0.006  0.980  0.007  0.007        1
753:     0.014  0.977  0.006  0.003        1
754:     0.004  0.989  0.004  0.003        1
755:     0.001  0.995  0.004  0.001        1
756:     0.002  0.993  0.003  0.002        1
757:     0.002  0.990  0.002  0.006        1
758:     0.013  0.978  0.006  0.003        1
759:     0.004  0.981  0.012  0.003        1
760:     0.002  0.990  0.005  0.003        1
761:     0.006  0.928  0.051  0.015        1
762:     0.004  0.977  0.015  0.004        1
763:     0.004  0.988  0.004  0.004        1
764:     0.004  0.977  0.010  0.008        1
765:     0.007  0.985  0.003  0.005        1
766:     0.008  0.944  0.028  0.021        1
767:     0.002  0.995  0.002  0.001        1
768:     0.003  0.989  0.004  0.004        1
769:     0.006  0.847  0.145  0.002        1
770:     0.003  0.000  0.188  0.808        1
771:     0.003  0.002  0.523  0.472        1
772:     0.088  0.003  0.014  0.895        1
773:     0.481  0.007  0.022  0.490        1
774:     0.118  0.001  0.010  0.871        1
775:     0.437  0.001  0.007  0.555        1
776:     0.003  0.003  0.004  0.990        1
777:     0.002  0.001  0.003  0.994        1
778:     0.503  0.492  0.001  0.004        1
779:     0.301  0.642  0.056  0.001        1
780:     0.165  0.011  0.024  0.800        1
781:     0.003  0.001  0.002  0.994        1
782:     0.012  0.012  0.126  0.850        1
783:     0.297  0.001  0.014  0.688        1
784:     0.006  0.002  0.001  0.991        1
785:     0.494  0.504  0.001  0.001        1
786:     0.626  0.349  0.022  0.003        1
787:     0.233  0.749  0.016  0.002        1
788:     0.280  0.577  0.138  0.004        1
789:     0.308  0.673  0.017  0.002        1
790:     0.344  0.360  0.058  0.238        1
791:     0.244  0.729  0.011  0.017        1
792:     0.395  0.575  0.029  0.001        1
793:     0.518  0.472  0.001  0.009        1
794:     0.286  0.376  0.143  0.196        1
795:     0.534  0.459  0.006  0.001        1
796:     0.312  0.642  0.045  0.000        1
797:     0.255  0.643  0.099  0.003        1
798:     0.661  0.309  0.027  0.003        1
799:     0.359  0.614  0.021  0.006        1
800:     0.429  0.462  0.050  0.060        1
801:     0.008  0.845  0.140  0.007        1
802:     0.378  0.581  0.034  0.008        1
803:     0.415  0.392  0.005  0.187        1
804:     0.301  0.656  0.041  0.002        1
805:     0.269  0.709  0.019  0.003        1
806:     0.172  0.634  0.194  0.001        1
807:     0.409  0.569  0.019  0.003        1
808:     0.051  0.596  0.352  0.001        1
809:     0.001  0.000  0.001  0.998        1
810:     0.001  0.001  0.001  0.997        1
811:     0.295  0.695  0.007  0.002        1
812:     0.256  0.250  0.013  0.481        1
813:     0.691  0.299  0.003  0.006        1
814:     0.159  0.717  0.123  0.002        1
815:     0.487  0.511  0.001  0.001        1
816:     0.521  0.254  0.002  0.223        1
817:     0.397  0.580  0.019  0.003        1
818:     0.025  0.582  0.393  0.001        1
819:     0.507  0.490  0.002  0.001        1
820:     0.535  0.459  0.002  0.003        1
821:     0.543  0.405  0.049  0.003        1
822:     0.634  0.355  0.007  0.005        1
823:     0.317  0.680  0.001  0.002        1
824:     0.139  0.000  0.007  0.853        1
825:     0.130  0.003  0.023  0.843        1
826:     0.644  0.004  0.014  0.338        1
827:     0.314  0.138  0.020  0.528        1
828:     0.002  0.143  0.014  0.841        1
829:     0.464  0.520  0.016  0.000        1
830:     0.231  0.706  0.059  0.004        1
831:     0.329  0.616  0.053  0.002        1
832:     0.382  0.594  0.021  0.003        1
833:     0.246  0.747  0.003  0.004        1
834:     0.361  0.326  0.014  0.299        1
835:     0.269  0.666  0.064  0.002        1
836:     0.018  0.004  0.008  0.970        1
837:     0.350  0.001  0.008  0.641        1
838:     0.003  0.001  0.001  0.995        1
839:     0.002  0.002  0.003  0.994        1
840:     0.003  0.002  0.004  0.991        1
841:     0.001  0.978  0.005  0.016        1
842:     0.005  0.986  0.008  0.001        1
843:     0.007  0.984  0.008  0.002        1
844:     0.008  0.956  0.023  0.012        1
845:     0.012  0.971  0.005  0.012        1
846:     0.002  0.994  0.003  0.001        1
847:     0.043  0.938  0.014  0.005        1
848:     0.005  0.972  0.008  0.016        1
849:     0.013  0.960  0.023  0.004        1
850:     0.008  0.981  0.007  0.004        1
851:     0.004  0.989  0.005  0.002        1
852:     0.003  0.985  0.007  0.005        1
853:     0.007  0.983  0.009  0.001        1
854:     0.015  0.961  0.019  0.005        1
855:     0.007  0.953  0.036  0.004        1
856:     0.004  0.991  0.002  0.002        1
857:     0.002  0.973  0.002  0.023        1
858:     0.329  0.004  0.017  0.650        1
859:     0.083  0.003  0.013  0.901        1
860:     0.001  0.001  0.001  0.997        1
861:     0.044  0.010  0.004  0.943        1
862:     0.008  0.958  0.019  0.015        1
863:     0.019  0.929  0.038  0.014        1
864:     0.033  0.833  0.131  0.002        1
865:     0.015  0.812  0.172  0.001        1
866:     0.004  0.956  0.031  0.009        1
867:     0.005  0.931  0.049  0.016        1
868:     0.007  0.916  0.002  0.074        1
869:     0.007  0.963  0.009  0.021        1
870:     0.018  0.635  0.346  0.001        1
871:     0.005  0.989  0.004  0.001        1
