

----------------------------------------------------
STRUCTURE by Pritchard, Stephens and Donnelly (2000)
     and Falush, Stephens and Pritchard (2003)
       Code by Pritchard, Falush and Hubisz
             Version 2.3.4 (Jul 2012)
----------------------------------------------------



Command line arguments:   structure -K 5 -L 574 -N 2600 -i ./TEST.recode.strct_in -D 123450 -o ./TEST_structureOUT/K5_10 
Input File:    ./TEST.recode.strct_in

Run parameters:
   2600 individuals
   574 loci
   5 populations assumed
   1000 Burn-in period
   3000 Reps


--------------------------------------------
Proportion of membership of each pre-defined
 population in each of the 5 clusters

Given    Inferred Clusters                     Number of
 Pop       1      2      3      4      5      Individuals

  1:     0.001  0.001  0.006  0.001  0.991        1
  2:     0.001  0.002  0.030  0.016  0.951        1
  3:     0.002  0.002  0.002  0.002  0.991        1
  4:     0.010  0.002  0.004  0.004  0.980        1
  5:     0.017  0.002  0.016  0.024  0.942        1
  6:     0.016  0.010  0.025  0.007  0.942        1
  7:     0.003  0.001  0.003  0.002  0.991        1
  8:     0.002  0.001  0.001  0.000  0.995        1
  9:     0.002  0.001  0.001  0.001  0.995        1
 10:     0.007  0.002  0.006  0.004  0.980        1
 11:     0.021  0.003  0.006  0.004  0.965        1
 12:     0.002  0.003  0.002  0.004  0.989        1
 13:     0.031  0.002  0.001  0.020  0.946        1
 14:     0.002  0.002  0.002  0.005  0.989        1
 15:     0.002  0.006  0.003  0.003  0.987        1
 16:     0.002  0.001  0.003  0.001  0.993        1
 17:     0.019  0.002  0.002  0.009  0.968        1
 18:     0.005  0.004  0.001  0.002  0.987        1
 19:     0.003  0.002  0.005  0.005  0.985        1
 20:     0.003  0.009  0.002  0.003  0.984        1
 21:     0.001  0.006  0.001  0.003  0.990        1
 22:     0.014  0.002  0.002  0.008  0.975        1
 23:     0.004  0.001  0.006  0.001  0.989        1
 24:     0.014  0.003  0.003  0.008  0.972        1
 25:     0.003  0.001  0.013  0.001  0.982        1
 26:     0.001  0.001  0.001  0.001  0.996        1
 27:     0.005  0.002  0.001  0.001  0.991        1
 28:     0.018  0.004  0.002  0.034  0.942        1
 29:     0.007  0.005  0.004  0.003  0.981        1
 30:     0.018  0.051  0.004  0.004  0.923        1
 31:     0.002  0.001  0.003  0.001  0.993        1
 32:     0.009  0.002  0.001  0.006  0.982        1
 33:     0.018  0.005  0.002  0.005  0.971        1
 34:     0.004  0.003  0.001  0.002  0.990        1
 35:     0.006  0.002  0.004  0.011  0.977        1
 36:     0.004  0.010  0.072  0.002  0.912        1
 37:     0.003  0.001  0.006  0.002  0.987        1
 38:     0.005  0.003  0.001  0.007  0.984        1
 39:     0.001  0.000  0.001  0.000  0.998        1
 40:     0.003  0.001  0.001  0.001  0.995        1
 41:     0.010  0.007  0.002  0.015  0.967        1
 42:     0.065  0.002  0.002  0.076  0.855        1
 43:     0.045  0.072  0.014  0.000  0.868        1
 44:     0.003  0.059  0.006  0.004  0.928        1
 45:     0.003  0.001  0.001  0.001  0.994        1
 46:     0.003  0.001  0.001  0.003  0.992        1
 47:     0.007  0.001  0.006  0.002  0.983        1
 48:     0.001  0.067  0.002  0.003  0.926        1
 49:     0.004  0.001  0.005  0.004  0.985        1
 50:     0.001  0.002  0.003  0.001  0.993        1
 51:     0.008  0.001  0.003  0.003  0.986        1
 52:     0.003  0.005  0.002  0.002  0.988        1
 53:     0.002  0.008  0.032  0.003  0.956        1
 54:     0.005  0.003  0.020  0.005  0.967        1
 55:     0.001  0.000  0.002  0.002  0.994        1
 56:     0.002  0.003  0.003  0.002  0.990        1
 57:     0.002  0.002  0.001  0.006  0.989        1
 58:     0.001  0.001  0.005  0.002  0.991        1
 59:     0.001  0.002  0.004  0.005  0.988        1
 60:     0.002  0.018  0.002  0.054  0.924        1
 61:     0.001  0.064  0.001  0.002  0.932        1
 62:     0.004  0.002  0.012  0.004  0.978        1
 63:     0.004  0.020  0.002  0.002  0.971        1
 64:     0.001  0.003  0.001  0.002  0.993        1
 65:     0.001  0.003  0.001  0.004  0.991        1
 66:     0.011  0.022  0.018  0.026  0.922        1
 67:     0.004  0.001  0.007  0.002  0.986        1
 68:     0.001  0.003  0.004  0.003  0.989        1
 69:     0.006  0.001  0.011  0.016  0.966        1
 70:     0.011  0.001  0.001  0.001  0.985        1
 71:     0.001  0.003  0.083  0.005  0.909        1
 72:     0.003  0.003  0.006  0.002  0.986        1
 73:     0.008  0.001  0.021  0.003  0.966        1
 74:     0.023  0.012  0.077  0.003  0.885        1
 75:     0.006  0.003  0.004  0.003  0.984        1
 76:     0.031  0.004  0.014  0.010  0.941        1
 77:     0.001  0.003  0.045  0.001  0.949        1
 78:     0.004  0.003  0.010  0.005  0.978        1
 79:     0.044  0.040  0.007  0.008  0.901        1
 80:     0.020  0.003  0.002  0.029  0.946        1
 81:     0.003  0.001  0.001  0.001  0.994        1
 82:     0.026  0.001  0.003  0.019  0.951        1
 83:     0.006  0.002  0.001  0.003  0.988        1
 84:     0.013  0.005  0.012  0.007  0.963        1
 85:     0.001  0.002  0.001  0.001  0.996        1
 86:     0.004  0.002  0.001  0.007  0.986        1
 87:     0.001  0.001  0.001  0.004  0.994        1
 88:     0.007  0.006  0.002  0.015  0.970        1
 89:     0.004  0.002  0.002  0.002  0.990        1
 90:     0.005  0.002  0.007  0.002  0.984        1
 91:     0.231  0.002  0.002  0.006  0.759        1
 92:     0.002  0.003  0.005  0.009  0.981        1
 93:     0.004  0.004  0.001  0.002  0.988        1
 94:     0.001  0.004  0.001  0.004  0.990        1
 95:     0.009  0.002  0.001  0.005  0.984        1
 96:     0.004  0.001  0.007  0.010  0.977        1
 97:     0.002  0.001  0.000  0.995  0.001        1
 98:     0.002  0.001  0.005  0.991  0.000        1
 99:     0.009  0.009  0.001  0.978  0.003        1
100:     0.016  0.002  0.001  0.979  0.002        1
101:     0.001  0.001  0.002  0.993  0.003        1
102:     0.004  0.001  0.003  0.989  0.003        1
103:     0.002  0.005  0.001  0.991  0.001        1
104:     0.001  0.001  0.001  0.996  0.001        1
105:     0.008  0.000  0.000  0.990  0.001        1
106:     0.013  0.003  0.046  0.938  0.001        1
107:     0.005  0.005  0.002  0.984  0.004        1
108:     0.001  0.002  0.001  0.994  0.002        1
109:     0.005  0.014  0.002  0.979  0.001        1
110:     0.001  0.002  0.003  0.991  0.003        1
111:     0.020  0.001  0.002  0.972  0.005        1
112:     0.006  0.028  0.003  0.962  0.000        1
113:     0.003  0.001  0.017  0.978  0.001        1
114:     0.001  0.001  0.002  0.994  0.002        1
115:     0.006  0.005  0.005  0.982  0.002        1
116:     0.004  0.000  0.000  0.994  0.001        1
117:     0.002  0.001  0.002  0.992  0.003        1
118:     0.021  0.002  0.001  0.974  0.002        1
119:     0.003  0.012  0.005  0.979  0.001        1
120:     0.001  0.003  0.001  0.993  0.002        1
121:     0.000  0.001  0.000  0.996  0.002        1
122:     0.001  0.001  0.001  0.997  0.001        1
123:     0.001  0.000  0.001  0.997  0.000        1
124:     0.001  0.001  0.002  0.995  0.001        1
125:     0.006  0.001  0.005  0.987  0.001        1
126:     0.003  0.002  0.001  0.993  0.002        1
127:     0.001  0.002  0.002  0.994  0.000        1
128:     0.004  0.001  0.002  0.988  0.006        1
129:     0.002  0.003  0.003  0.991  0.002        1
130:     0.002  0.003  0.003  0.988  0.005        1
131:     0.001  0.001  0.004  0.989  0.005        1
132:     0.013  0.004  0.001  0.975  0.007        1
133:     0.001  0.003  0.004  0.990  0.002        1
134:     0.000  0.019  0.007  0.971  0.003        1
135:     0.006  0.016  0.002  0.960  0.015        1
136:     0.008  0.001  0.006  0.974  0.010        1
137:     0.005  0.000  0.007  0.981  0.007        1
138:     0.002  0.003  0.002  0.992  0.001        1
139:     0.002  0.002  0.002  0.993  0.001        1
140:     0.002  0.001  0.001  0.995  0.001        1
141:     0.000  0.002  0.000  0.997  0.001        1
142:     0.002  0.001  0.002  0.994  0.002        1
143:     0.001  0.004  0.004  0.988  0.003        1
144:     0.001  0.000  0.001  0.997  0.001        1
145:     0.018  0.003  0.001  0.975  0.003        1
146:     0.001  0.001  0.001  0.996  0.000        1
147:     0.002  0.005  0.006  0.986  0.001        1
148:     0.010  0.002  0.001  0.986  0.001        1
149:     0.031  0.004  0.026  0.936  0.003        1
150:     0.026  0.001  0.006  0.963  0.004        1
151:     0.001  0.001  0.005  0.992  0.001        1
152:     0.001  0.005  0.005  0.988  0.002        1
153:     0.006  0.001  0.002  0.916  0.075        1
154:     0.007  0.003  0.024  0.963  0.003        1
155:     0.016  0.001  0.042  0.938  0.002        1
156:     0.020  0.001  0.007  0.965  0.008        1
157:     0.060  0.009  0.056  0.869  0.005        1
158:     0.160  0.001  0.000  0.837  0.001        1
159:     0.014  0.002  0.002  0.982  0.000        1
160:     0.011  0.004  0.001  0.973  0.011        1
161:     0.011  0.004  0.004  0.974  0.007        1
162:     0.008  0.001  0.005  0.983  0.004        1
163:     0.002  0.017  0.022  0.956  0.004        1
164:     0.012  0.000  0.003  0.981  0.003        1
165:     0.002  0.007  0.120  0.870  0.001        1
166:     0.010  0.002  0.005  0.956  0.027        1
167:     0.008  0.000  0.000  0.991  0.000        1
168:     0.006  0.005  0.010  0.978  0.001        1
169:     0.001  0.000  0.004  0.994  0.001        1
170:     0.002  0.001  0.009  0.983  0.004        1
171:     0.009  0.001  0.005  0.980  0.005        1
172:     0.042  0.002  0.013  0.941  0.002        1
173:     0.064  0.002  0.002  0.921  0.011        1
174:     0.003  0.001  0.002  0.993  0.001        1
175:     0.002  0.004  0.000  0.993  0.001        1
176:     0.004  0.002  0.003  0.989  0.002        1
177:     0.002  0.004  0.001  0.990  0.002        1
178:     0.001  0.001  0.002  0.994  0.002        1
179:     0.020  0.001  0.004  0.973  0.003        1
180:     0.001  0.001  0.001  0.996  0.001        1
181:     0.002  0.001  0.000  0.994  0.002        1
182:     0.005  0.009  0.002  0.977  0.007        1
183:     0.035  0.003  0.017  0.940  0.005        1
184:     0.002  0.009  0.002  0.984  0.003        1
185:     0.004  0.007  0.003  0.984  0.001        1
186:     0.002  0.001  0.001  0.996  0.000        1
187:     0.002  0.004  0.001  0.991  0.001        1
188:     0.003  0.000  0.001  0.996  0.001        1
189:     0.003  0.005  0.002  0.990  0.001        1
190:     0.003  0.001  0.005  0.988  0.003        1
191:     0.010  0.004  0.005  0.978  0.002        1
192:     0.050  0.001  0.008  0.939  0.002        1
193:     0.014  0.001  0.008  0.973  0.003        1
194:     0.007  0.003  0.001  0.977  0.013        1
195:     0.002  0.001  0.001  0.995  0.001        1
196:     0.001  0.005  0.001  0.991  0.002        1
197:     0.006  0.005  0.002  0.984  0.003        1
198:     0.002  0.004  0.001  0.991  0.002        1
199:     0.024  0.001  0.015  0.953  0.007        1
200:     0.008  0.001  0.000  0.794  0.196        1
201:     0.008  0.001  0.013  0.926  0.051        1
202:     0.002  0.000  0.014  0.983  0.001        1
203:     0.002  0.003  0.004  0.988  0.004        1
204:     0.002  0.001  0.011  0.933  0.053        1
205:     0.005  0.002  0.050  0.890  0.054        1
206:     0.001  0.001  0.116  0.841  0.042        1
207:     0.056  0.005  0.039  0.882  0.018        1
208:     0.009  0.002  0.002  0.967  0.021        1
209:     0.473  0.002  0.000  0.523  0.002        1
210:     0.002  0.005  0.008  0.983  0.002        1
211:     0.034  0.002  0.012  0.944  0.007        1
212:     0.008  0.001  0.006  0.834  0.152        1
213:     0.013  0.004  0.038  0.936  0.009        1
214:     0.020  0.003  0.029  0.901  0.048        1
215:     0.015  0.002  0.009  0.962  0.012        1
216:     0.007  0.001  0.002  0.983  0.007        1
217:     0.024  0.001  0.101  0.857  0.017        1
218:     0.022  0.001  0.002  0.962  0.013        1
219:     0.003  0.002  0.177  0.808  0.010        1
220:     0.001  0.001  0.003  0.993  0.002        1
221:     0.003  0.002  0.007  0.983  0.004        1
222:     0.040  0.002  0.023  0.926  0.007        1
223:     0.028  0.003  0.042  0.883  0.043        1
224:     0.009  0.001  0.003  0.983  0.003        1
225:     0.002  0.002  0.002  0.993  0.002        1
226:     0.114  0.001  0.034  0.669  0.183        1
227:     0.004  0.002  0.002  0.992  0.001        1
228:     0.004  0.001  0.001  0.977  0.018        1
229:     0.364  0.002  0.013  0.580  0.040        1
230:     0.005  0.002  0.172  0.776  0.045        1
231:     0.092  0.002  0.009  0.892  0.005        1
232:     0.012  0.008  0.004  0.961  0.015        1
233:     0.003  0.002  0.006  0.985  0.003        1
234:     0.015  0.002  0.105  0.871  0.008        1
235:     0.003  0.004  0.012  0.973  0.007        1
236:     0.004  0.002  0.015  0.976  0.004        1
237:     0.076  0.001  0.023  0.808  0.092        1
238:     0.007  0.002  0.010  0.977  0.004        1
239:     0.001  0.000  0.073  0.917  0.009        1
240:     0.003  0.001  0.040  0.945  0.011        1
241:     0.006  0.010  0.004  0.979  0.001        1
242:     0.007  0.005  0.010  0.960  0.018        1
243:     0.007  0.005  0.003  0.984  0.002        1
244:     0.006  0.001  0.004  0.913  0.077        1
245:     0.003  0.017  0.002  0.972  0.006        1
246:     0.001  0.002  0.001  0.990  0.005        1
247:     0.035  0.002  0.008  0.907  0.048        1
248:     0.075  0.000  0.008  0.863  0.052        1
249:     0.031  0.002  0.006  0.959  0.002        1
250:     0.020  0.001  0.005  0.942  0.031        1
251:     0.001  0.002  0.009  0.984  0.004        1
252:     0.009  0.002  0.003  0.980  0.006        1
253:     0.028  0.005  0.022  0.941  0.003        1
254:     0.004  0.001  0.002  0.992  0.001        1
255:     0.157  0.007  0.005  0.704  0.128        1
256:     0.020  0.006  0.005  0.964  0.006        1
257:     0.002  0.004  0.001  0.969  0.025        1
258:     0.004  0.003  0.002  0.988  0.002        1
259:     0.007  0.001  0.004  0.986  0.002        1
260:     0.023  0.018  0.005  0.948  0.007        1
261:     0.005  0.011  0.134  0.836  0.014        1
262:     0.045  0.004  0.035  0.879  0.037        1
263:     0.084  0.005  0.008  0.862  0.042        1
264:     0.006  0.001  0.002  0.979  0.012        1
265:     0.066  0.006  0.010  0.912  0.006        1
266:     0.006  0.043  0.005  0.941  0.005        1
267:     0.001  0.001  0.010  0.986  0.002        1
268:     0.050  0.001  0.002  0.894  0.054        1
269:     0.001  0.001  0.002  0.996  0.000        1
270:     0.001  0.002  0.021  0.970  0.006        1
271:     0.013  0.001  0.002  0.843  0.140        1
272:     0.024  0.001  0.007  0.964  0.003        1
273:     0.010  0.001  0.008  0.977  0.004        1
274:     0.024  0.001  0.001  0.969  0.005        1
275:     0.002  0.007  0.043  0.921  0.027        1
276:     0.016  0.020  0.003  0.941  0.020        1
277:     0.005  0.000  0.008  0.825  0.162        1
278:     0.004  0.001  0.014  0.976  0.005        1
279:     0.004  0.001  0.018  0.943  0.033        1
280:     0.003  0.004  0.002  0.988  0.003        1
281:     0.003  0.002  0.001  0.994  0.000        1
282:     0.008  0.005  0.002  0.002  0.983        1
283:     0.001  0.002  0.000  0.001  0.995        1
284:     0.005  0.002  0.016  0.015  0.961        1
285:     0.020  0.001  0.009  0.004  0.966        1
286:     0.001  0.003  0.001  0.001  0.994        1
287:     0.009  0.009  0.160  0.001  0.821        1
288:     0.002  0.002  0.011  0.003  0.982        1
289:     0.001  0.003  0.006  0.001  0.990        1
290:     0.006  0.001  0.109  0.001  0.883        1
291:     0.001  0.003  0.005  0.001  0.990        1
292:     0.005  0.001  0.028  0.002  0.963        1
293:     0.016  0.001  0.009  0.003  0.972        1
294:     0.004  0.001  0.003  0.003  0.989        1
295:     0.004  0.001  0.004  0.004  0.987        1
296:     0.001  0.001  0.026  0.003  0.969        1
297:     0.001  0.001  0.001  0.001  0.996        1
298:     0.003  0.002  0.006  0.000  0.988        1
299:     0.002  0.002  0.011  0.003  0.982        1
300:     0.010  0.002  0.011  0.002  0.974        1
301:     0.005  0.003  0.001  0.002  0.990        1
302:     0.001  0.003  0.001  0.000  0.994        1
303:     0.008  0.001  0.014  0.008  0.969        1
304:     0.009  0.009  0.001  0.003  0.978        1
305:     0.022  0.002  0.002  0.006  0.969        1
306:     0.014  0.001  0.004  0.003  0.978        1
307:     0.007  0.001  0.001  0.002  0.989        1
308:     0.006  0.006  0.006  0.007  0.975        1
309:     0.002  0.001  0.003  0.008  0.987        1
310:     0.001  0.007  0.004  0.003  0.985        1
311:     0.005  0.004  0.004  0.006  0.981        1
312:     0.001  0.001  0.003  0.001  0.994        1
313:     0.010  0.001  0.007  0.029  0.953        1
314:     0.001  0.008  0.021  0.006  0.964        1
315:     0.001  0.002  0.002  0.003  0.992        1
316:     0.019  0.028  0.003  0.014  0.937        1
317:     0.001  0.001  0.001  0.001  0.996        1
318:     0.008  0.001  0.023  0.006  0.963        1
319:     0.012  0.002  0.005  0.004  0.977        1
320:     0.006  0.011  0.055  0.003  0.925        1
321:     0.002  0.003  0.002  0.001  0.991        1
322:     0.000  0.001  0.001  0.002  0.996        1
323:     0.009  0.002  0.009  0.003  0.977        1
324:     0.004  0.003  0.024  0.966  0.003        1
325:     0.173  0.393  0.068  0.363  0.004        1
326:     0.002  0.002  0.008  0.988  0.001        1
327:     0.003  0.006  0.003  0.008  0.979        1
328:     0.001  0.001  0.001  0.001  0.996        1
329:     0.002  0.001  0.002  0.003  0.992        1
330:     0.001  0.001  0.002  0.002  0.995        1
331:     0.005  0.001  0.020  0.001  0.973        1
332:     0.001  0.001  0.000  0.004  0.994        1
333:     0.007  0.001  0.005  0.002  0.985        1
334:     0.034  0.004  0.003  0.007  0.952        1
335:     0.006  0.001  0.001  0.002  0.990        1
336:     0.002  0.002  0.003  0.002  0.991        1
337:     0.010  0.001  0.006  0.004  0.979        1
338:     0.028  0.004  0.001  0.009  0.958        1
339:     0.002  0.001  0.002  0.004  0.991        1
340:     0.004  0.001  0.026  0.004  0.965        1
341:     0.001  0.001  0.005  0.001  0.992        1
342:     0.003  0.001  0.000  0.001  0.995        1
343:     0.001  0.000  0.001  0.002  0.995        1
344:     0.003  0.002  0.003  0.001  0.990        1
345:     0.002  0.001  0.001  0.002  0.994        1
346:     0.003  0.002  0.003  0.001  0.992        1
347:     0.011  0.007  0.006  0.004  0.971        1
348:     0.001  0.002  0.005  0.001  0.991        1
349:     0.002  0.002  0.002  0.002  0.993        1
350:     0.007  0.007  0.005  0.001  0.980        1
351:     0.004  0.001  0.002  0.002  0.991        1
352:     0.002  0.001  0.021  0.004  0.972        1
353:     0.017  0.002  0.002  0.017  0.962        1
354:     0.004  0.001  0.005  0.002  0.988        1
355:     0.003  0.009  0.042  0.003  0.943        1
356:     0.005  0.000  0.002  0.003  0.990        1
357:     0.003  0.003  0.001  0.001  0.993        1
358:     0.019  0.002  0.017  0.012  0.951        1
359:     0.005  0.002  0.008  0.000  0.984        1
360:     0.002  0.002  0.005  0.001  0.990        1
361:     0.000  0.003  0.225  0.002  0.769        1
362:     0.171  0.161  0.098  0.568  0.001        1
363:     0.011  0.013  0.422  0.550  0.004        1
364:     0.075  0.004  0.007  0.881  0.034        1
365:     0.004  0.009  0.184  0.789  0.013        1
366:     0.005  0.003  0.006  0.005  0.982        1
367:     0.031  0.001  0.020  0.003  0.945        1
368:     0.005  0.002  0.001  0.003  0.989        1
369:     0.007  0.005  0.033  0.006  0.949        1
370:     0.001  0.001  0.001  0.001  0.996        1
371:     0.005  0.009  0.003  0.012  0.971        1
372:     0.002  0.001  0.003  0.001  0.993        1
373:     0.001  0.002  0.006  0.001  0.990        1
374:     0.001  0.001  0.005  0.001  0.993        1
375:     0.007  0.001  0.006  0.006  0.980        1
376:     0.018  0.003  0.008  0.003  0.968        1
377:     0.004  0.004  0.000  0.002  0.990        1
378:     0.002  0.003  0.005  0.001  0.989        1
379:     0.002  0.002  0.003  0.001  0.993        1
380:     0.002  0.003  0.001  0.004  0.989        1
381:     0.003  0.028  0.002  0.002  0.966        1
382:     0.002  0.003  0.003  0.001  0.991        1
383:     0.000  0.001  0.001  0.002  0.996        1
384:     0.013  0.007  0.026  0.004  0.950        1
385:     0.023  0.014  0.003  0.006  0.956        1
386:     0.004  0.002  0.002  0.005  0.988        1
387:     0.002  0.001  0.025  0.001  0.970        1
388:     0.005  0.004  0.003  0.002  0.987        1
389:     0.002  0.006  0.002  0.001  0.988        1
390:     0.006  0.003  0.002  0.006  0.983        1
391:     0.004  0.004  0.003  0.001  0.989        1
392:     0.001  0.002  0.001  0.001  0.995        1
393:     0.001  0.001  0.001  0.001  0.996        1
394:     0.028  0.037  0.003  0.904  0.028        1
395:     0.044  0.000  0.141  0.802  0.013        1
396:     0.120  0.172  0.032  0.676  0.001        1
397:     0.009  0.003  0.043  0.925  0.020        1
398:     0.004  0.011  0.009  0.975  0.001        1
399:     0.004  0.003  0.011  0.980  0.002        1
400:     0.005  0.025  0.253  0.712  0.005        1
401:     0.009  0.016  0.002  0.941  0.033        1
402:     0.025  0.001  0.201  0.767  0.007        1
403:     0.002  0.002  0.003  0.003  0.990        1
404:     0.038  0.018  0.009  0.016  0.918        1
405:     0.004  0.001  0.003  0.002  0.990        1
406:     0.003  0.001  0.002  0.001  0.994        1
407:     0.001  0.000  0.000  0.001  0.997        1
408:     0.001  0.060  0.003  0.005  0.931        1
409:     0.005  0.002  0.010  0.003  0.981        1
410:     0.001  0.001  0.001  0.001  0.996        1
411:     0.002  0.009  0.001  0.004  0.983        1
412:     0.007  0.009  0.036  0.003  0.946        1
413:     0.003  0.001  0.001  0.002  0.994        1
414:     0.005  0.000  0.001  0.001  0.992        1
415:     0.002  0.001  0.008  0.006  0.983        1
416:     0.006  0.001  0.003  0.001  0.989        1
417:     0.064  0.004  0.006  0.010  0.916        1
418:     0.016  0.005  0.001  0.976  0.002        1
419:     0.018  0.002  0.476  0.492  0.012        1
420:     0.007  0.415  0.081  0.493  0.004        1
421:     0.055  0.068  0.036  0.836  0.005        1
422:     0.001  0.144  0.049  0.796  0.010        1
423:     0.008  0.002  0.363  0.625  0.003        1
424:     0.001  0.202  0.008  0.788  0.001        1
425:     0.002  0.001  0.334  0.663  0.001        1
426:     0.016  0.003  0.108  0.871  0.002        1
427:     0.003  0.005  0.000  0.986  0.006        1
428:     0.001  0.257  0.001  0.740  0.001        1
429:     0.003  0.004  0.173  0.805  0.015        1
430:     0.002  0.005  0.216  0.775  0.002        1
431:     0.002  0.001  0.000  0.995  0.001        1
432:     0.040  0.053  0.008  0.898  0.001        1
433:     0.172  0.002  0.008  0.708  0.110        1
434:     0.025  0.001  0.324  0.648  0.001        1
435:     0.038  0.057  0.464  0.433  0.006        1
436:     0.016  0.003  0.024  0.945  0.012        1
437:     0.005  0.006  0.003  0.983  0.003        1
438:     0.041  0.002  0.001  0.955  0.002        1
439:     0.001  0.001  0.196  0.743  0.059        1
440:     0.235  0.009  0.732  0.020  0.003        1
441:     0.000  0.217  0.021  0.761  0.001        1
442:     0.001  0.001  0.218  0.780  0.000        1
443:     0.002  0.009  0.215  0.736  0.038        1
444:     0.009  0.105  0.003  0.879  0.004        1
445:     0.003  0.006  0.006  0.982  0.003        1
446:     0.005  0.058  0.008  0.925  0.003        1
447:     0.081  0.007  0.225  0.684  0.003        1
448:     0.005  0.153  0.002  0.837  0.003        1
449:     0.001  0.030  0.001  0.894  0.073        1
450:     0.000  0.089  0.217  0.693  0.001        1
451:     0.000  0.276  0.114  0.608  0.001        1
452:     0.002  0.632  0.001  0.365  0.000        1
453:     0.030  0.001  0.048  0.917  0.005        1
454:     0.047  0.017  0.006  0.918  0.011        1
455:     0.005  0.029  0.005  0.954  0.008        1
456:     0.145  0.749  0.003  0.101  0.002        1
457:     0.040  0.004  0.331  0.620  0.006        1
458:     0.007  0.003  0.301  0.684  0.005        1
459:     0.003  0.001  0.000  0.993  0.003        1
460:     0.006  0.059  0.303  0.631  0.001        1
461:     0.024  0.007  0.451  0.518  0.001        1
462:     0.002  0.004  0.593  0.401  0.000        1
463:     0.001  0.117  0.366  0.514  0.002        1
464:     0.034  0.013  0.039  0.890  0.023        1
465:     0.006  0.008  0.051  0.902  0.032        1
466:     0.271  0.002  0.106  0.619  0.002        1
467:     0.001  0.219  0.172  0.607  0.001        1
468:     0.002  0.001  0.718  0.278  0.001        1
469:     0.024  0.001  0.002  0.972  0.001        1
470:     0.003  0.402  0.298  0.293  0.003        1
471:     0.001  0.006  0.455  0.536  0.002        1
472:     0.013  0.002  0.133  0.849  0.003        1
473:     0.050  0.007  0.363  0.579  0.001        1
474:     0.011  0.179  0.160  0.648  0.002        1
475:     0.000  0.000  0.055  0.940  0.005        1
476:     0.011  0.176  0.333  0.480  0.000        1
477:     0.001  0.001  0.196  0.782  0.020        1
478:     0.012  0.005  0.214  0.767  0.001        1
479:     0.001  0.000  0.196  0.801  0.001        1
480:     0.003  0.193  0.002  0.800  0.002        1
481:     0.082  0.019  0.003  0.854  0.042        1
482:     0.006  0.092  0.067  0.736  0.100        1
483:     0.015  0.004  0.352  0.611  0.018        1
484:     0.007  0.018  0.004  0.970  0.001        1
485:     0.005  0.063  0.001  0.927  0.004        1
486:     0.004  0.015  0.214  0.763  0.004        1
487:     0.033  0.015  0.001  0.949  0.001        1
488:     0.034  0.082  0.003  0.878  0.003        1
489:     0.001  0.039  0.015  0.944  0.002        1
490:     0.207  0.005  0.479  0.300  0.009        1
491:     0.004  0.248  0.002  0.743  0.003        1
492:     0.002  0.145  0.007  0.845  0.002        1
493:     0.014  0.029  0.434  0.326  0.197        1
494:     0.001  0.009  0.371  0.618  0.002        1
495:     0.005  0.211  0.009  0.772  0.003        1
496:     0.005  0.003  0.202  0.789  0.002        1
497:     0.000  0.003  0.192  0.804  0.000        1
498:     0.017  0.002  0.054  0.926  0.002        1
499:     0.108  0.471  0.006  0.401  0.015        1
500:     0.001  0.863  0.001  0.132  0.001        1
501:     0.002  0.342  0.056  0.598  0.003        1
502:     0.010  0.004  0.011  0.967  0.009        1
503:     0.021  0.001  0.180  0.766  0.032        1
504:     0.001  0.001  0.448  0.549  0.002        1
505:     0.005  0.004  0.003  0.985  0.003        1
506:     0.005  0.002  0.390  0.601  0.001        1
507:     0.044  0.010  0.336  0.608  0.002        1
508:     0.016  0.041  0.209  0.734  0.000        1
509:     0.009  0.003  0.004  0.980  0.003        1
510:     0.065  0.189  0.619  0.118  0.009        1
511:     0.004  0.001  0.335  0.659  0.001        1
512:     0.028  0.003  0.008  0.899  0.062        1
513:     0.001  0.345  0.438  0.215  0.001        1
514:     0.003  0.004  0.004  0.985  0.005        1
515:     0.001  0.114  0.243  0.639  0.004        1
516:     0.002  0.030  0.003  0.962  0.004        1
517:     0.007  0.002  0.152  0.839  0.000        1
518:     0.017  0.003  0.022  0.940  0.017        1
519:     0.002  0.361  0.000  0.637  0.000        1
520:     0.013  0.066  0.018  0.901  0.001        1
521:     0.001  0.020  0.001  0.976  0.002        1
522:     0.004  0.325  0.002  0.663  0.007        1
523:     0.002  0.279  0.040  0.670  0.008        1
524:     0.003  0.001  0.033  0.951  0.011        1
525:     0.052  0.002  0.120  0.824  0.002        1
526:     0.011  0.010  0.246  0.729  0.004        1
527:     0.169  0.211  0.001  0.616  0.002        1
528:     0.006  0.059  0.013  0.918  0.004        1
529:     0.014  0.001  0.005  0.976  0.004        1
530:     0.007  0.002  0.888  0.100  0.003        1
531:     0.073  0.314  0.385  0.228  0.001        1
532:     0.009  0.002  0.301  0.686  0.003        1
533:     0.004  0.004  0.425  0.550  0.017        1
534:     0.096  0.007  0.729  0.151  0.017        1
535:     0.004  0.004  0.279  0.710  0.003        1
536:     0.002  0.001  0.245  0.744  0.008        1
537:     0.005  0.005  0.358  0.615  0.017        1
538:     0.007  0.004  0.392  0.573  0.024        1
539:     0.007  0.029  0.464  0.496  0.004        1
540:     0.001  0.000  0.308  0.690  0.001        1
541:     0.013  0.025  0.041  0.919  0.002        1
542:     0.010  0.002  0.562  0.425  0.001        1
543:     0.005  0.002  0.377  0.614  0.003        1
544:     0.058  0.278  0.509  0.147  0.008        1
545:     0.050  0.009  0.424  0.472  0.046        1
546:     0.001  0.085  0.238  0.663  0.012        1
547:     0.002  0.008  0.786  0.181  0.023        1
548:     0.020  0.035  0.311  0.629  0.005        1
549:     0.003  0.001  0.511  0.484  0.001        1
550:     0.011  0.008  0.494  0.484  0.003        1
551:     0.000  0.002  0.470  0.525  0.002        1
552:     0.281  0.001  0.133  0.584  0.001        1
553:     0.010  0.002  0.293  0.689  0.005        1
554:     0.015  0.026  0.188  0.763  0.008        1
555:     0.073  0.001  0.014  0.910  0.002        1
556:     0.002  0.458  0.295  0.245  0.001        1
557:     0.013  0.403  0.013  0.570  0.001        1
558:     0.021  0.038  0.011  0.922  0.008        1
559:     0.008  0.000  0.039  0.822  0.130        1
560:     0.026  0.226  0.198  0.547  0.002        1
561:     0.013  0.002  0.190  0.791  0.005        1
562:     0.275  0.256  0.024  0.443  0.002        1
563:     0.008  0.236  0.335  0.420  0.001        1
564:     0.014  0.044  0.020  0.886  0.036        1
565:     0.004  0.100  0.006  0.889  0.002        1
566:     0.020  0.032  0.388  0.515  0.045        1
567:     0.001  0.195  0.306  0.423  0.076        1
568:     0.023  0.169  0.031  0.771  0.006        1
569:     0.002  0.001  0.214  0.782  0.002        1
570:     0.004  0.018  0.450  0.522  0.006        1
571:     0.004  0.013  0.004  0.975  0.004        1
572:     0.001  0.008  0.002  0.987  0.002        1
573:     0.000  0.111  0.149  0.736  0.003        1
574:     0.033  0.007  0.425  0.462  0.074        1
575:     0.012  0.001  0.862  0.120  0.004        1
576:     0.001  0.286  0.013  0.613  0.086        1
577:     0.036  0.085  0.092  0.786  0.001        1
578:     0.001  0.003  0.295  0.700  0.001        1
579:     0.007  0.001  0.423  0.569  0.001        1
580:     0.035  0.009  0.279  0.671  0.007        1
581:     0.023  0.084  0.615  0.276  0.002        1
582:     0.006  0.136  0.620  0.238  0.000        1
583:     0.001  0.307  0.261  0.427  0.004        1
584:     0.014  0.002  0.232  0.751  0.002        1
585:     0.005  0.000  0.017  0.969  0.008        1
586:     0.011  0.003  0.006  0.975  0.006        1
587:     0.012  0.176  0.159  0.651  0.002        1
588:     0.007  0.436  0.109  0.389  0.059        1
589:     0.015  0.009  0.015  0.958  0.004        1
590:     0.002  0.087  0.314  0.596  0.001        1
591:     0.009  0.006  0.001  0.982  0.001        1
592:     0.156  0.010  0.165  0.663  0.005        1
593:     0.001  0.001  0.095  0.903  0.000        1
594:     0.001  0.469  0.241  0.277  0.011        1
595:     0.004  0.145  0.215  0.630  0.007        1
596:     0.005  0.004  0.267  0.723  0.001        1
597:     0.008  0.004  0.157  0.830  0.000        1
598:     0.068  0.002  0.003  0.903  0.023        1
599:     0.003  0.002  0.001  0.993  0.002        1
600:     0.011  0.009  0.001  0.978  0.002        1
601:     0.007  0.002  0.001  0.989  0.002        1
602:     0.005  0.001  0.002  0.990  0.002        1
603:     0.003  0.002  0.000  0.994  0.001        1
604:     0.003  0.001  0.000  0.995  0.001        1
605:     0.001  0.004  0.001  0.993  0.001        1
606:     0.005  0.003  0.001  0.991  0.001        1
607:     0.002  0.002  0.001  0.994  0.001        1
608:     0.002  0.001  0.001  0.994  0.001        1
609:     0.006  0.001  0.002  0.990  0.001        1
610:     0.003  0.001  0.003  0.992  0.001        1
611:     0.002  0.001  0.001  0.996  0.000        1
612:     0.011  0.004  0.004  0.967  0.014        1
613:     0.003  0.007  0.003  0.986  0.001        1
614:     0.005  0.004  0.001  0.986  0.004        1
615:     0.001  0.001  0.001  0.997  0.001        1
616:     0.004  0.007  0.000  0.988  0.001        1
617:     0.007  0.001  0.000  0.991  0.001        1
618:     0.006  0.005  0.001  0.986  0.003        1
619:     0.002  0.001  0.001  0.996  0.001        1
620:     0.013  0.024  0.002  0.953  0.009        1
621:     0.001  0.002  0.002  0.995  0.000        1
622:     0.003  0.004  0.243  0.738  0.011        1
623:     0.007  0.410  0.130  0.452  0.001        1
624:     0.017  0.364  0.188  0.429  0.001        1
625:     0.005  0.014  0.920  0.056  0.004        1
626:     0.010  0.004  0.391  0.592  0.003        1
627:     0.004  0.000  0.646  0.349  0.001        1
628:     0.007  0.001  0.787  0.204  0.001        1
629:     0.037  0.006  0.415  0.541  0.001        1
630:     0.002  0.002  0.679  0.291  0.026        1
631:     0.888  0.008  0.010  0.087  0.007        1
632:     0.529  0.011  0.001  0.457  0.003        1
633:     0.847  0.005  0.018  0.057  0.073        1
634:     0.784  0.001  0.001  0.214  0.000        1
635:     0.104  0.023  0.014  0.010  0.850        1
636:     0.003  0.002  0.002  0.002  0.992        1
637:     0.010  0.003  0.001  0.001  0.984        1
638:     0.004  0.004  0.004  0.001  0.987        1
639:     0.002  0.007  0.001  0.005  0.984        1
640:     0.002  0.001  0.001  0.003  0.993        1
641:     0.001  0.004  0.001  0.994  0.001        1
642:     0.012  0.026  0.007  0.952  0.002        1
643:     0.003  0.018  0.002  0.975  0.002        1
644:     0.001  0.001  0.003  0.995  0.000        1
645:     0.010  0.005  0.001  0.983  0.001        1
646:     0.006  0.004  0.001  0.987  0.001        1
647:     0.004  0.002  0.004  0.989  0.001        1
648:     0.006  0.008  0.001  0.984  0.001        1
649:     0.002  0.002  0.001  0.994  0.001        1
650:     0.004  0.077  0.004  0.914  0.002        1
651:     0.013  0.002  0.002  0.980  0.003        1
652:     0.014  0.003  0.001  0.981  0.001        1
653:     0.001  0.000  0.001  0.997  0.001        1
654:     0.004  0.001  0.001  0.990  0.004        1
655:     0.002  0.002  0.001  0.993  0.002        1
656:     0.001  0.003  0.001  0.995  0.000        1
657:     0.010  0.001  0.009  0.977  0.004        1
658:     0.017  0.007  0.024  0.942  0.009        1
659:     0.009  0.209  0.002  0.777  0.004        1
660:     0.011  0.005  0.003  0.980  0.001        1
661:     0.002  0.003  0.000  0.995  0.000        1
662:     0.003  0.003  0.006  0.986  0.001        1
663:     0.032  0.011  0.001  0.955  0.001        1
664:     0.005  0.011  0.004  0.968  0.013        1
665:     0.002  0.015  0.001  0.982  0.001        1
666:     0.002  0.004  0.003  0.989  0.002        1
667:     0.223  0.001  0.002  0.773  0.002        1
668:     0.002  0.001  0.000  0.997  0.000        1
669:     0.001  0.000  0.000  0.998  0.001        1
670:     0.001  0.001  0.001  0.992  0.005        1
671:     0.001  0.001  0.001  0.997  0.000        1
672:     0.001  0.004  0.001  0.993  0.001        1
673:     0.010  0.018  0.013  0.955  0.003        1
674:     0.002  0.001  0.002  0.991  0.004        1
675:     0.002  0.004  0.001  0.991  0.000        1
676:     0.001  0.009  0.001  0.988  0.001        1
677:     0.003  0.001  0.003  0.988  0.004        1
678:     0.005  0.067  0.001  0.923  0.004        1
679:     0.002  0.001  0.001  0.995  0.001        1
680:     0.008  0.014  0.001  0.978  0.000        1
681:     0.003  0.000  0.001  0.994  0.001        1
682:     0.001  0.005  0.001  0.992  0.001        1
683:     0.064  0.009  0.002  0.924  0.001        1
684:     0.089  0.001  0.004  0.905  0.002        1
685:     0.012  0.002  0.002  0.981  0.003        1
686:     0.002  0.008  0.002  0.984  0.004        1
687:     0.014  0.022  0.003  0.959  0.002        1
688:     0.018  0.007  0.002  0.912  0.061        1
689:     0.001  0.010  0.003  0.984  0.002        1
690:     0.007  0.007  0.001  0.983  0.002        1
691:     0.003  0.000  0.004  0.983  0.009        1
692:     0.006  0.001  0.003  0.989  0.001        1
693:     0.002  0.001  0.000  0.995  0.001        1
694:     0.005  0.001  0.002  0.989  0.003        1
695:     0.037  0.001  0.002  0.959  0.002        1
696:     0.069  0.012  0.003  0.915  0.001        1
697:     0.008  0.001  0.003  0.979  0.008        1
698:     0.003  0.005  0.001  0.990  0.001        1
699:     0.002  0.007  0.004  0.986  0.001        1
700:     0.002  0.002  0.001  0.992  0.002        1
701:     0.001  0.003  0.005  0.990  0.001        1
702:     0.004  0.004  0.011  0.979  0.001        1
703:     0.002  0.002  0.002  0.991  0.003        1
704:     0.001  0.001  0.001  0.996  0.001        1
705:     0.001  0.002  0.001  0.993  0.003        1
706:     0.005  0.008  0.001  0.983  0.003        1
707:     0.004  0.006  0.001  0.986  0.003        1
708:     0.002  0.008  0.000  0.990  0.000        1
709:     0.020  0.001  0.003  0.976  0.001        1
710:     0.089  0.057  0.002  0.851  0.001        1
711:     0.002  0.001  0.000  0.996  0.001        1
712:     0.001  0.003  0.001  0.994  0.002        1
713:     0.004  0.001  0.001  0.993  0.001        1
714:     0.002  0.003  0.001  0.011  0.983        1
715:     0.004  0.004  0.005  0.003  0.984        1
716:     0.003  0.002  0.001  0.009  0.985        1
717:     0.009  0.010  0.008  0.002  0.971        1
718:     0.013  0.001  0.003  0.011  0.972        1
719:     0.001  0.002  0.001  0.002  0.994        1
720:     0.002  0.004  0.001  0.001  0.991        1
721:     0.008  0.003  0.008  0.002  0.979        1
722:     0.020  0.008  0.011  0.006  0.956        1
723:     0.002  0.001  0.002  0.001  0.994        1
724:     0.002  0.002  0.014  0.001  0.981        1
725:     0.003  0.005  0.003  0.002  0.988        1
726:     0.002  0.002  0.008  0.001  0.987        1
727:     0.005  0.016  0.002  0.005  0.972        1
728:     0.002  0.004  0.003  0.001  0.990        1
729:     0.003  0.075  0.005  0.001  0.916        1
730:     0.002  0.002  0.006  0.003  0.987        1
731:     0.033  0.001  0.004  0.010  0.952        1
732:     0.003  0.001  0.000  0.002  0.994        1
733:     0.002  0.002  0.001  0.001  0.994        1
734:     0.001  0.000  0.001  0.001  0.996        1
735:     0.003  0.001  0.002  0.007  0.987        1
736:     0.001  0.002  0.002  0.002  0.992        1
737:     0.002  0.001  0.001  0.001  0.994        1
738:     0.030  0.000  0.007  0.006  0.957        1
739:     0.005  0.004  0.001  0.008  0.981        1
740:     0.002  0.001  0.003  0.002  0.991        1
741:     0.004  0.002  0.001  0.002  0.991        1
742:     0.021  0.030  0.008  0.001  0.940        1
743:     0.002  0.003  0.008  0.003  0.984        1
744:     0.027  0.001  0.002  0.005  0.966        1
745:     0.021  0.002  0.010  0.003  0.965        1
746:     0.002  0.002  0.002  0.017  0.977        1
747:     0.004  0.004  0.002  0.002  0.988        1
748:     0.064  0.001  0.001  0.013  0.921        1
749:     0.002  0.000  0.001  0.002  0.994        1
750:     0.043  0.004  0.002  0.010  0.942        1
751:     0.012  0.005  0.002  0.010  0.971        1
752:     0.011  0.007  0.003  0.004  0.974        1
753:     0.014  0.002  0.003  0.002  0.979        1
