

----------------------------------------------------
STRUCTURE by Pritchard, Stephens and Donnelly (2000)
     and Falush, Stephens and Pritchard (2003)
       Code by Pritchard, Falush and Hubisz
             Version 2.3.4 (Jul 2012)
----------------------------------------------------



Command line arguments:   structure -K 5 -L 574 -N 2600 -i ./TEST.recode.strct_in -D 12345 -o ./TEST_structureOUT/K5_1 
Input File:    ./TEST.recode.strct_in

Run parameters:
   2600 individuals
   574 loci
   5 populations assumed
   1000 Burn-in period
   3000 Reps


--------------------------------------------
Proportion of membership of each pre-defined
 population in each of the 5 clusters

Given    Inferred Clusters                     Number of
 Pop       1      2      3      4      5      Individuals

  1:     0.001  0.992  0.002  0.002  0.003        1
  2:     0.002  0.980  0.005  0.007  0.006        1
  3:     0.003  0.986  0.006  0.004  0.001        1
  4:     0.006  0.935  0.044  0.010  0.005        1
  5:     0.002  0.922  0.016  0.015  0.045        1
  6:     0.011  0.957  0.007  0.011  0.014        1
  7:     0.003  0.986  0.008  0.002  0.002        1
  8:     0.001  0.989  0.008  0.001  0.001        1
  9:     0.004  0.984  0.003  0.007  0.002        1
 10:     0.001  0.986  0.008  0.003  0.002        1
 11:     0.004  0.964  0.014  0.017  0.002        1
 12:     0.002  0.982  0.002  0.007  0.007        1
 13:     0.005  0.907  0.070  0.007  0.012        1
 14:     0.002  0.978  0.006  0.006  0.008        1
 15:     0.010  0.971  0.005  0.009  0.006        1
 16:     0.001  0.995  0.001  0.001  0.002        1
 17:     0.005  0.939  0.015  0.030  0.011        1
 18:     0.003  0.975  0.007  0.006  0.009        1
 19:     0.002  0.987  0.004  0.002  0.004        1
 20:     0.007  0.974  0.009  0.008  0.003        1
 21:     0.009  0.960  0.027  0.003  0.001        1
 22:     0.003  0.957  0.011  0.027  0.003        1
 23:     0.003  0.986  0.002  0.007  0.002        1
 24:     0.007  0.948  0.016  0.005  0.025        1
 25:     0.002  0.988  0.002  0.004  0.004        1
 26:     0.001  0.996  0.001  0.001  0.001        1
 27:     0.003  0.988  0.007  0.001  0.001        1
 28:     0.005  0.945  0.021  0.009  0.020        1
 29:     0.002  0.957  0.016  0.016  0.008        1
 30:     0.004  0.881  0.099  0.009  0.008        1
 31:     0.002  0.995  0.002  0.000  0.001        1
 32:     0.002  0.956  0.031  0.002  0.009        1
 33:     0.006  0.926  0.035  0.025  0.008        1
 34:     0.003  0.966  0.015  0.007  0.010        1
 35:     0.003  0.978  0.006  0.003  0.010        1
 36:     0.016  0.959  0.007  0.011  0.008        1
 37:     0.001  0.993  0.002  0.003  0.002        1
 38:     0.006  0.979  0.004  0.010  0.001        1
 39:     0.001  0.991  0.001  0.002  0.005        1
 40:     0.000  0.996  0.001  0.001  0.001        1
 41:     0.042  0.924  0.011  0.019  0.005        1
 42:     0.004  0.861  0.012  0.038  0.085        1
 43:     0.017  0.812  0.165  0.005  0.002        1
 44:     0.032  0.909  0.027  0.006  0.026        1
 45:     0.002  0.987  0.005  0.002  0.004        1
 46:     0.002  0.971  0.017  0.004  0.006        1
 47:     0.006  0.979  0.005  0.004  0.007        1
 48:     0.063  0.886  0.016  0.030  0.005        1
 49:     0.003  0.976  0.009  0.005  0.007        1
 50:     0.001  0.995  0.001  0.002  0.002        1
 51:     0.001  0.959  0.005  0.025  0.011        1
 52:     0.002  0.983  0.006  0.005  0.004        1
 53:     0.008  0.976  0.002  0.009  0.006        1
 54:     0.003  0.987  0.001  0.003  0.005        1
 55:     0.001  0.985  0.011  0.002  0.001        1
 56:     0.001  0.987  0.008  0.002  0.003        1
 57:     0.003  0.985  0.005  0.006  0.002        1
 58:     0.003  0.989  0.004  0.003  0.001        1
 59:     0.001  0.993  0.002  0.002  0.002        1
 60:     0.024  0.917  0.045  0.006  0.009        1
 61:     0.072  0.903  0.008  0.001  0.017        1
 62:     0.001  0.988  0.001  0.005  0.005        1
 63:     0.005  0.951  0.021  0.005  0.018        1
 64:     0.009  0.984  0.003  0.003  0.001        1
 65:     0.002  0.991  0.004  0.002  0.001        1
 66:     0.036  0.884  0.019  0.048  0.012        1
 67:     0.003  0.989  0.004  0.003  0.002        1
 68:     0.004  0.988  0.004  0.003  0.001        1
 69:     0.002  0.978  0.004  0.009  0.007        1
 70:     0.004  0.985  0.001  0.007  0.003        1
 71:     0.001  0.985  0.002  0.004  0.008        1
 72:     0.002  0.981  0.006  0.006  0.005        1
 73:     0.011  0.963  0.010  0.009  0.007        1
 74:     0.012  0.943  0.003  0.024  0.018        1
 75:     0.002  0.950  0.026  0.018  0.004        1
 76:     0.004  0.928  0.008  0.016  0.043        1
 77:     0.006  0.988  0.002  0.002  0.002        1
 78:     0.007  0.974  0.011  0.002  0.005        1
 79:     0.012  0.933  0.009  0.032  0.014        1
 80:     0.004  0.949  0.008  0.021  0.018        1
 81:     0.001  0.979  0.014  0.003  0.002        1
 82:     0.002  0.932  0.004  0.017  0.045        1
 83:     0.003  0.980  0.001  0.010  0.006        1
 84:     0.003  0.951  0.010  0.026  0.009        1
 85:     0.002  0.989  0.006  0.001  0.002        1
 86:     0.003  0.953  0.041  0.001  0.003        1
 87:     0.001  0.990  0.003  0.002  0.005        1
 88:     0.010  0.961  0.006  0.021  0.002        1
 89:     0.001  0.986  0.003  0.007  0.003        1
 90:     0.003  0.985  0.003  0.006  0.003        1
 91:     0.003  0.768  0.034  0.192  0.003        1
 92:     0.005  0.984  0.002  0.005  0.004        1
 93:     0.001  0.983  0.003  0.009  0.003        1
 94:     0.001  0.991  0.004  0.002  0.002        1
 95:     0.016  0.973  0.001  0.007  0.003        1
 96:     0.001  0.973  0.002  0.002  0.022        1
 97:     0.001  0.002  0.103  0.009  0.884        1
 98:     0.005  0.001  0.002  0.005  0.987        1
 99:     0.009  0.002  0.040  0.010  0.938        1
100:     0.001  0.008  0.060  0.009  0.923        1
101:     0.002  0.001  0.016  0.004  0.978        1
102:     0.001  0.001  0.008  0.001  0.989        1
103:     0.002  0.002  0.015  0.007  0.975        1
104:     0.002  0.004  0.009  0.009  0.975        1
105:     0.001  0.001  0.069  0.025  0.904        1
106:     0.005  0.002  0.001  0.007  0.986        1
107:     0.003  0.002  0.048  0.007  0.941        1
108:     0.002  0.001  0.130  0.001  0.865        1
109:     0.016  0.001  0.022  0.013  0.948        1
110:     0.001  0.002  0.002  0.003  0.991        1
111:     0.004  0.002  0.001  0.014  0.979        1
112:     0.033  0.001  0.001  0.014  0.950        1
113:     0.002  0.005  0.005  0.002  0.987        1
114:     0.002  0.002  0.075  0.001  0.921        1
115:     0.002  0.002  0.002  0.008  0.985        1
116:     0.001  0.001  0.007  0.011  0.979        1
117:     0.001  0.005  0.029  0.007  0.958        1
118:     0.002  0.003  0.001  0.020  0.974        1
119:     0.002  0.004  0.009  0.001  0.984        1
120:     0.004  0.003  0.009  0.003  0.981        1
121:     0.002  0.002  0.029  0.005  0.962        1
122:     0.001  0.001  0.001  0.001  0.997        1
123:     0.001  0.000  0.001  0.001  0.997        1
124:     0.001  0.001  0.002  0.002  0.994        1
125:     0.002  0.002  0.023  0.011  0.963        1
126:     0.002  0.001  0.035  0.004  0.959        1
127:     0.001  0.001  0.033  0.001  0.963        1
128:     0.002  0.003  0.022  0.005  0.969        1
129:     0.003  0.001  0.065  0.001  0.929        1
130:     0.005  0.001  0.018  0.004  0.972        1
131:     0.005  0.003  0.002  0.002  0.988        1
132:     0.009  0.003  0.158  0.009  0.822        1
133:     0.006  0.002  0.007  0.001  0.984        1
134:     0.016  0.004  0.009  0.007  0.963        1
135:     0.014  0.008  0.190  0.019  0.769        1
136:     0.001  0.007  0.022  0.004  0.966        1
137:     0.001  0.001  0.019  0.003  0.977        1
138:     0.002  0.003  0.016  0.001  0.979        1
139:     0.001  0.001  0.023  0.004  0.971        1
140:     0.003  0.001  0.044  0.001  0.951        1
141:     0.001  0.007  0.059  0.003  0.930        1
142:     0.001  0.005  0.008  0.001  0.985        1
143:     0.004  0.001  0.018  0.004  0.973        1
144:     0.001  0.002  0.032  0.002  0.964        1
145:     0.016  0.001  0.015  0.019  0.949        1
146:     0.001  0.002  0.025  0.007  0.966        1
147:     0.004  0.001  0.003  0.001  0.992        1
148:     0.003  0.001  0.048  0.057  0.891        1
149:     0.004  0.009  0.021  0.021  0.945        1
150:     0.006  0.002  0.041  0.011  0.940        1
151:     0.001  0.001  0.015  0.003  0.980        1
152:     0.008  0.004  0.004  0.016  0.968        1
153:     0.001  0.034  0.014  0.036  0.915        1
154:     0.003  0.017  0.028  0.005  0.947        1
155:     0.002  0.006  0.002  0.014  0.976        1
156:     0.003  0.002  0.001  0.035  0.959        1
157:     0.011  0.017  0.019  0.082  0.871        1
158:     0.001  0.001  0.014  0.180  0.804        1
159:     0.005  0.005  0.016  0.022  0.952        1
160:     0.008  0.005  0.030  0.033  0.925        1
161:     0.003  0.005  0.014  0.018  0.961        1
162:     0.003  0.004  0.005  0.009  0.978        1
163:     0.010  0.007  0.021  0.002  0.960        1
164:     0.004  0.007  0.007  0.006  0.977        1
165:     0.001  0.001  0.010  0.010  0.978        1
166:     0.008  0.036  0.011  0.002  0.942        1
167:     0.003  0.002  0.085  0.011  0.899        1
168:     0.005  0.001  0.007  0.002  0.984        1
169:     0.002  0.002  0.022  0.004  0.970        1
170:     0.001  0.007  0.007  0.008  0.977        1
171:     0.003  0.001  0.017  0.003  0.977        1
172:     0.002  0.006  0.022  0.039  0.931        1
173:     0.003  0.003  0.047  0.030  0.917        1
174:     0.003  0.001  0.030  0.006  0.959        1
175:     0.009  0.001  0.150  0.003  0.837        1
176:     0.001  0.001  0.049  0.007  0.942        1
177:     0.007  0.003  0.115  0.020  0.855        1
178:     0.002  0.002  0.005  0.004  0.987        1
179:     0.001  0.003  0.043  0.105  0.848        1
180:     0.001  0.001  0.006  0.005  0.987        1
181:     0.002  0.001  0.034  0.003  0.961        1
182:     0.009  0.007  0.058  0.011  0.915        1
183:     0.001  0.008  0.038  0.008  0.946        1
184:     0.006  0.002  0.025  0.009  0.959        1
185:     0.010  0.002  0.034  0.006  0.947        1
186:     0.001  0.001  0.027  0.002  0.969        1
187:     0.002  0.001  0.011  0.001  0.984        1
188:     0.001  0.001  0.004  0.001  0.993        1
189:     0.002  0.001  0.014  0.007  0.976        1
190:     0.001  0.005  0.005  0.001  0.988        1
191:     0.004  0.005  0.015  0.011  0.965        1
192:     0.002  0.004  0.005  0.032  0.956        1
193:     0.003  0.001  0.004  0.004  0.987        1
194:     0.008  0.012  0.061  0.013  0.906        1
195:     0.000  0.001  0.003  0.001  0.995        1
196:     0.005  0.002  0.011  0.002  0.980        1
197:     0.005  0.007  0.063  0.010  0.914        1
198:     0.003  0.002  0.025  0.003  0.967        1
199:     0.001  0.004  0.020  0.013  0.963        1
200:     0.006  0.195  0.001  0.001  0.797        1
201:     0.001  0.065  0.022  0.008  0.904        1
202:     0.001  0.001  0.002  0.001  0.995        1
203:     0.004  0.008  0.001  0.001  0.986        1
204:     0.001  0.019  0.001  0.001  0.979        1
205:     0.001  0.076  0.001  0.002  0.921        1
206:     0.002  0.121  0.003  0.009  0.864        1
207:     0.001  0.060  0.005  0.047  0.886        1
208:     0.001  0.009  0.018  0.042  0.930        1
209:     0.003  0.003  0.001  0.466  0.527        1
210:     0.002  0.004  0.009  0.003  0.983        1
211:     0.001  0.003  0.011  0.048  0.937        1
212:     0.019  0.114  0.008  0.042  0.818        1
213:     0.005  0.005  0.010  0.017  0.962        1
214:     0.005  0.057  0.005  0.036  0.897        1
215:     0.001  0.009  0.017  0.007  0.966        1
216:     0.007  0.006  0.003  0.007  0.976        1
217:     0.003  0.018  0.008  0.035  0.937        1
218:     0.001  0.011  0.010  0.059  0.919        1
219:     0.017  0.023  0.005  0.013  0.943        1
220:     0.001  0.004  0.007  0.005  0.983        1
221:     0.006  0.001  0.004  0.007  0.982        1
222:     0.006  0.002  0.004  0.011  0.978        1
223:     0.001  0.022  0.006  0.038  0.934        1
224:     0.003  0.006  0.008  0.002  0.981        1
225:     0.001  0.003  0.002  0.006  0.987        1
226:     0.003  0.219  0.002  0.074  0.702        1
227:     0.002  0.001  0.051  0.002  0.945        1
228:     0.001  0.015  0.010  0.007  0.966        1
229:     0.003  0.177  0.001  0.153  0.667        1
230:     0.005  0.127  0.006  0.021  0.841        1
231:     0.009  0.008  0.011  0.050  0.922        1
232:     0.008  0.013  0.003  0.042  0.934        1
233:     0.005  0.005  0.001  0.004  0.985        1
234:     0.003  0.081  0.006  0.019  0.891        1
235:     0.005  0.002  0.018  0.016  0.959        1
236:     0.003  0.005  0.001  0.004  0.987        1
237:     0.002  0.061  0.002  0.152  0.783        1
238:     0.001  0.013  0.003  0.014  0.970        1
239:     0.002  0.010  0.003  0.044  0.941        1
240:     0.005  0.010  0.002  0.004  0.980        1
241:     0.011  0.004  0.003  0.001  0.981        1
242:     0.004  0.013  0.017  0.017  0.949        1
243:     0.003  0.007  0.004  0.009  0.976        1
244:     0.004  0.080  0.004  0.007  0.906        1
245:     0.017  0.010  0.073  0.001  0.899        1
246:     0.003  0.003  0.041  0.016  0.937        1
247:     0.003  0.064  0.003  0.024  0.905        1
248:     0.002  0.026  0.004  0.122  0.846        1
249:     0.000  0.008  0.129  0.005  0.858        1
250:     0.002  0.012  0.072  0.005  0.908        1
251:     0.003  0.003  0.034  0.006  0.955        1
252:     0.003  0.005  0.006  0.034  0.951        1
253:     0.001  0.035  0.011  0.040  0.913        1
254:     0.002  0.001  0.015  0.004  0.978        1
255:     0.002  0.036  0.019  0.339  0.605        1
256:     0.012  0.008  0.064  0.018  0.898        1
257:     0.003  0.015  0.090  0.015  0.876        1
258:     0.002  0.004  0.091  0.004  0.898        1
259:     0.002  0.004  0.001  0.003  0.990        1
260:     0.007  0.002  0.010  0.031  0.949        1
261:     0.012  0.058  0.005  0.014  0.911        1
262:     0.005  0.051  0.006  0.020  0.918        1
263:     0.015  0.035  0.002  0.105  0.844        1
264:     0.001  0.009  0.001  0.001  0.988        1
265:     0.003  0.007  0.001  0.029  0.960        1
266:     0.049  0.010  0.003  0.011  0.927        1
267:     0.001  0.010  0.001  0.003  0.985        1
268:     0.002  0.068  0.005  0.049  0.876        1
269:     0.000  0.002  0.025  0.002  0.970        1
270:     0.003  0.002  0.001  0.014  0.980        1
271:     0.002  0.084  0.015  0.029  0.870        1
272:     0.001  0.003  0.013  0.026  0.957        1
273:     0.001  0.006  0.007  0.010  0.977        1
274:     0.003  0.003  0.014  0.030  0.951        1
275:     0.005  0.011  0.005  0.010  0.968        1
276:     0.053  0.007  0.012  0.030  0.898        1
277:     0.002  0.115  0.069  0.024  0.791        1
278:     0.001  0.002  0.001  0.001  0.995        1
279:     0.001  0.031  0.002  0.013  0.952        1
280:     0.004  0.009  0.053  0.005  0.929        1
281:     0.004  0.001  0.009  0.011  0.975        1
282:     0.005  0.985  0.006  0.002  0.001        1
283:     0.002  0.989  0.005  0.003  0.001        1
284:     0.002  0.977  0.003  0.005  0.013        1
285:     0.005  0.957  0.020  0.010  0.007        1
286:     0.006  0.987  0.005  0.002  0.001        1
287:     0.007  0.968  0.003  0.022  0.001        1
288:     0.004  0.970  0.004  0.018  0.004        1
289:     0.002  0.992  0.001  0.002  0.003        1
290:     0.003  0.979  0.003  0.004  0.011        1
291:     0.004  0.986  0.007  0.001  0.002        1
292:     0.003  0.973  0.001  0.017  0.006        1
293:     0.002  0.972  0.007  0.002  0.017        1
294:     0.001  0.985  0.007  0.004  0.002        1
295:     0.001  0.992  0.004  0.003  0.001        1
296:     0.002  0.988  0.001  0.004  0.004        1
297:     0.003  0.993  0.001  0.002  0.001        1
298:     0.002  0.977  0.016  0.004  0.002        1
299:     0.003  0.989  0.002  0.005  0.002        1
300:     0.009  0.975  0.003  0.010  0.002        1
301:     0.002  0.966  0.016  0.015  0.002        1
302:     0.016  0.971  0.006  0.007  0.001        1
303:     0.001  0.983  0.004  0.001  0.011        1
304:     0.016  0.968  0.005  0.007  0.003        1
305:     0.001  0.969  0.005  0.024  0.002        1
306:     0.004  0.974  0.009  0.007  0.006        1
307:     0.002  0.946  0.029  0.013  0.010        1
308:     0.004  0.956  0.015  0.006  0.019        1
309:     0.002  0.985  0.006  0.001  0.006        1
310:     0.006  0.956  0.029  0.006  0.002        1
311:     0.006  0.962  0.026  0.004  0.002        1
312:     0.000  0.995  0.001  0.001  0.001        1
313:     0.001  0.938  0.005  0.014  0.041        1
314:     0.019  0.977  0.001  0.001  0.002        1
315:     0.005  0.980  0.006  0.003  0.006        1
316:     0.020  0.924  0.033  0.022  0.001        1
317:     0.001  0.922  0.071  0.002  0.004        1
318:     0.001  0.968  0.007  0.011  0.013        1
319:     0.003  0.942  0.002  0.003  0.050        1
320:     0.020  0.969  0.002  0.007  0.001        1
321:     0.006  0.986  0.002  0.005  0.002        1
322:     0.001  0.990  0.003  0.004  0.002        1
323:     0.003  0.952  0.015  0.024  0.007        1
324:     0.014  0.003  0.009  0.004  0.969        1
325:     0.344  0.010  0.012  0.215  0.419        1
326:     0.003  0.003  0.017  0.002  0.975        1
327:     0.012  0.963  0.013  0.008  0.004        1
328:     0.002  0.994  0.002  0.001  0.001        1
329:     0.003  0.981  0.003  0.001  0.012        1
330:     0.002  0.990  0.004  0.002  0.003        1
331:     0.000  0.981  0.002  0.009  0.007        1
332:     0.001  0.994  0.002  0.002  0.001        1
333:     0.002  0.992  0.001  0.003  0.002        1
334:     0.008  0.947  0.012  0.023  0.010        1
335:     0.001  0.988  0.002  0.005  0.003        1
336:     0.001  0.993  0.002  0.002  0.002        1
337:     0.002  0.973  0.006  0.010  0.009        1
338:     0.001  0.955  0.016  0.014  0.015        1
339:     0.001  0.977  0.015  0.001  0.006        1
340:     0.001  0.991  0.001  0.005  0.003        1
341:     0.002  0.993  0.002  0.001  0.001        1
342:     0.001  0.989  0.004  0.005  0.001        1
343:     0.002  0.990  0.002  0.001  0.004        1
344:     0.003  0.982  0.004  0.006  0.005        1
345:     0.001  0.988  0.001  0.008  0.003        1
346:     0.002  0.985  0.007  0.004  0.002        1
347:     0.007  0.968  0.014  0.006  0.005        1
348:     0.002  0.993  0.002  0.001  0.002        1
349:     0.002  0.980  0.004  0.012  0.002        1
350:     0.011  0.979  0.004  0.004  0.003        1
351:     0.002  0.995  0.001  0.002  0.001        1
352:     0.003  0.991  0.002  0.002  0.003        1
353:     0.005  0.945  0.016  0.028  0.006        1
354:     0.002  0.987  0.002  0.005  0.004        1
355:     0.010  0.970  0.003  0.012  0.006        1
356:     0.000  0.976  0.009  0.003  0.012        1
357:     0.007  0.978  0.003  0.003  0.009        1
358:     0.002  0.967  0.003  0.012  0.016        1
359:     0.006  0.968  0.006  0.007  0.013        1
360:     0.000  0.989  0.004  0.002  0.004        1
361:     0.004  0.983  0.000  0.008  0.005        1
362:     0.100  0.001  0.001  0.230  0.668        1
363:     0.018  0.249  0.014  0.005  0.713        1
364:     0.006  0.039  0.012  0.048  0.895        1
365:     0.042  0.081  0.019  0.013  0.845        1
366:     0.001  0.975  0.005  0.009  0.011        1
367:     0.006  0.951  0.006  0.033  0.005        1
368:     0.001  0.969  0.024  0.005  0.001        1
369:     0.002  0.971  0.004  0.016  0.006        1
370:     0.001  0.993  0.002  0.002  0.002        1
371:     0.016  0.935  0.010  0.004  0.035        1
372:     0.000  0.985  0.010  0.001  0.003        1
373:     0.001  0.988  0.003  0.004  0.004        1
374:     0.001  0.993  0.001  0.004  0.001        1
375:     0.001  0.981  0.003  0.008  0.007        1
376:     0.001  0.973  0.001  0.020  0.004        1
377:     0.004  0.979  0.012  0.004  0.001        1
378:     0.002  0.987  0.003  0.002  0.006        1
379:     0.002  0.984  0.006  0.004  0.003        1
380:     0.004  0.987  0.001  0.003  0.004        1
381:     0.018  0.916  0.029  0.034  0.004        1
382:     0.002  0.988  0.002  0.006  0.002        1
383:     0.000  0.986  0.007  0.001  0.005        1
384:     0.004  0.978  0.002  0.010  0.006        1
385:     0.029  0.932  0.011  0.018  0.010        1
386:     0.002  0.980  0.006  0.009  0.003        1
387:     0.006  0.984  0.001  0.003  0.006        1
388:     0.007  0.979  0.002  0.009  0.003        1
389:     0.005  0.987  0.001  0.006  0.000        1
390:     0.007  0.930  0.056  0.001  0.005        1
391:     0.003  0.984  0.002  0.010  0.001        1
392:     0.002  0.995  0.001  0.001  0.001        1
393:     0.001  0.996  0.001  0.001  0.001        1
394:     0.018  0.013  0.110  0.045  0.814        1
395:     0.002  0.040  0.002  0.038  0.917        1
396:     0.117  0.008  0.023  0.143  0.710        1
397:     0.002  0.005  0.102  0.011  0.880        1
398:     0.021  0.002  0.003  0.004  0.969        1
399:     0.003  0.001  0.175  0.003  0.818        1
400:     0.020  0.057  0.006  0.009  0.909        1
401:     0.028  0.032  0.109  0.012  0.819        1
402:     0.001  0.027  0.003  0.074  0.895        1
403:     0.002  0.987  0.005  0.002  0.005        1
404:     0.010  0.907  0.023  0.030  0.029        1
405:     0.002  0.983  0.007  0.005  0.003        1
406:     0.004  0.988  0.003  0.004  0.001        1
407:     0.003  0.990  0.002  0.004  0.001        1
408:     0.078  0.875  0.033  0.003  0.010        1
409:     0.001  0.987  0.001  0.007  0.003        1
410:     0.001  0.994  0.001  0.003  0.001        1
411:     0.006  0.982  0.006  0.003  0.003        1
412:     0.015  0.970  0.003  0.006  0.006        1
413:     0.002  0.991  0.005  0.001  0.001        1
414:     0.002  0.992  0.001  0.002  0.003        1
415:     0.003  0.984  0.003  0.007  0.003        1
416:     0.001  0.992  0.002  0.003  0.002        1
417:     0.003  0.944  0.026  0.014  0.013        1
418:     0.001  0.001  0.209  0.016  0.772        1
419:     0.001  0.212  0.000  0.102  0.684        1
420:     0.422  0.001  0.002  0.011  0.565        1
421:     0.062  0.004  0.004  0.053  0.877        1
422:     0.172  0.007  0.040  0.005  0.777        1
423:     0.006  0.030  0.001  0.098  0.866        1
424:     0.178  0.011  0.003  0.002  0.805        1
425:     0.004  0.166  0.000  0.006  0.824        1
426:     0.016  0.010  0.008  0.001  0.965        1
427:     0.007  0.002  0.150  0.004  0.837        1
428:     0.243  0.001  0.134  0.005  0.618        1
429:     0.008  0.154  0.004  0.001  0.833        1
430:     0.009  0.144  0.002  0.001  0.845        1
431:     0.002  0.002  0.177  0.001  0.818        1
432:     0.046  0.007  0.099  0.043  0.805        1
433:     0.023  0.133  0.002  0.084  0.759        1
434:     0.002  0.020  0.002  0.078  0.899        1
435:     0.025  0.275  0.001  0.004  0.695        1
436:     0.007  0.010  0.009  0.024  0.950        1
437:     0.003  0.007  0.007  0.012  0.971        1
438:     0.003  0.004  0.017  0.011  0.965        1
439:     0.002  0.181  0.015  0.007  0.796        1
440:     0.006  0.314  0.001  0.268  0.412        1
441:     0.209  0.001  0.009  0.001  0.779        1
442:     0.006  0.011  0.003  0.026  0.954        1
443:     0.022  0.112  0.001  0.000  0.865        1
444:     0.113  0.003  0.039  0.010  0.835        1
445:     0.005  0.005  0.010  0.005  0.974        1
446:     0.028  0.008  0.018  0.002  0.944        1
447:     0.010  0.030  0.068  0.116  0.777        1
448:     0.118  0.002  0.067  0.002  0.811        1
449:     0.009  0.100  0.026  0.001  0.864        1
450:     0.118  0.008  0.006  0.013  0.855        1
451:     0.290  0.007  0.005  0.011  0.688        1
452:     0.618  0.002  0.030  0.001  0.349        1
453:     0.002  0.007  0.053  0.028  0.910        1
454:     0.007  0.012  0.001  0.035  0.944        1
455:     0.031  0.006  0.087  0.009  0.867        1
456:     0.727  0.029  0.033  0.005  0.205        1
457:     0.005  0.254  0.010  0.012  0.720        1
458:     0.003  0.171  0.001  0.037  0.789        1
459:     0.001  0.001  0.021  0.002  0.975        1
460:     0.107  0.146  0.003  0.003  0.741        1
461:     0.010  0.215  0.000  0.016  0.758        1
462:     0.006  0.237  0.002  0.001  0.754        1
463:     0.111  0.139  0.007  0.037  0.706        1
464:     0.007  0.016  0.032  0.021  0.925        1
465:     0.017  0.034  0.012  0.009  0.928        1
466:     0.003  0.003  0.008  0.266  0.719        1
467:     0.177  0.034  0.027  0.001  0.761        1
468:     0.000  0.316  0.001  0.016  0.667        1
469:     0.003  0.002  0.063  0.045  0.887        1
470:     0.382  0.188  0.000  0.001  0.429        1
471:     0.007  0.217  0.004  0.002  0.769        1
472:     0.019  0.024  0.011  0.009  0.937        1
473:     0.008  0.144  0.004  0.228  0.616        1
474:     0.176  0.037  0.002  0.005  0.780        1
475:     0.001  0.004  0.007  0.008  0.979        1
476:     0.087  0.073  0.011  0.257  0.573        1
477:     0.009  0.109  0.010  0.010  0.862        1
478:     0.022  0.022  0.005  0.017  0.934        1
479:     0.013  0.050  0.002  0.019  0.916        1
480:     0.123  0.001  0.088  0.016  0.771        1
481:     0.049  0.002  0.143  0.139  0.668        1
482:     0.156  0.079  0.001  0.002  0.761        1
483:     0.026  0.211  0.001  0.029  0.734        1
484:     0.020  0.001  0.005  0.002  0.971        1
485:     0.020  0.004  0.095  0.012  0.868        1
486:     0.024  0.047  0.002  0.005  0.923        1
487:     0.028  0.003  0.075  0.008  0.886        1
488:     0.037  0.003  0.223  0.009  0.728        1
489:     0.055  0.001  0.004  0.001  0.939        1
490:     0.003  0.325  0.001  0.023  0.649        1
491:     0.245  0.006  0.062  0.007  0.680        1
492:     0.148  0.003  0.018  0.001  0.830        1
493:     0.030  0.484  0.002  0.014  0.470        1
494:     0.010  0.162  0.001  0.001  0.826        1
495:     0.209  0.002  0.019  0.016  0.755        1
496:     0.005  0.022  0.045  0.011  0.918        1
497:     0.004  0.041  0.004  0.007  0.943        1
498:     0.002  0.004  0.011  0.005  0.978        1
499:     0.458  0.014  0.003  0.187  0.338        1
500:     0.862  0.001  0.003  0.038  0.096        1
501:     0.343  0.003  0.002  0.003  0.648        1
502:     0.007  0.007  0.034  0.010  0.942        1
503:     0.002  0.112  0.002  0.066  0.818        1
504:     0.002  0.153  0.001  0.007  0.837        1
505:     0.002  0.003  0.018  0.005  0.971        1
506:     0.040  0.116  0.001  0.030  0.813        1
507:     0.036  0.013  0.002  0.247  0.701        1
508:     0.073  0.007  0.006  0.034  0.880        1
509:     0.005  0.002  0.053  0.006  0.935        1
510:     0.141  0.402  0.000  0.001  0.455        1
511:     0.002  0.067  0.001  0.008  0.922        1
512:     0.002  0.037  0.005  0.015  0.940        1
513:     0.327  0.200  0.001  0.020  0.452        1
514:     0.005  0.006  0.041  0.007  0.942        1
515:     0.076  0.072  0.004  0.002  0.845        1
516:     0.020  0.006  0.029  0.003  0.942        1
517:     0.006  0.006  0.008  0.006  0.974        1
518:     0.007  0.015  0.030  0.020  0.928        1
519:     0.347  0.003  0.104  0.010  0.536        1
520:     0.063  0.008  0.003  0.039  0.886        1
521:     0.015  0.001  0.140  0.001  0.844        1
522:     0.300  0.008  0.064  0.001  0.627        1
523:     0.262  0.003  0.024  0.006  0.706        1
524:     0.012  0.005  0.022  0.021  0.940        1
525:     0.002  0.003  0.006  0.195  0.795        1
526:     0.027  0.060  0.008  0.029  0.877        1
527:     0.228  0.004  0.001  0.104  0.663        1
528:     0.041  0.002  0.004  0.004  0.949        1
529:     0.001  0.004  0.102  0.009  0.884        1
530:     0.002  0.547  0.001  0.001  0.449        1
531:     0.309  0.225  0.006  0.001  0.459        1
532:     0.003  0.066  0.005  0.114  0.811        1
533:     0.003  0.222  0.002  0.022  0.750        1
534:     0.008  0.444  0.001  0.007  0.539        1
535:     0.009  0.147  0.003  0.007  0.834        1
536:     0.011  0.067  0.002  0.004  0.915        1
537:     0.002  0.249  0.002  0.000  0.747        1
538:     0.007  0.198  0.001  0.041  0.753        1
539:     0.076  0.190  0.001  0.094  0.639        1
540:     0.003  0.161  0.006  0.001  0.829        1
541:     0.027  0.001  0.016  0.021  0.936        1
542:     0.002  0.216  0.002  0.004  0.776        1
543:     0.001  0.193  0.001  0.027  0.779        1
544:     0.259  0.269  0.001  0.028  0.443        1
545:     0.014  0.344  0.001  0.003  0.638        1
546:     0.081  0.042  0.001  0.001  0.875        1
547:     0.010  0.526  0.009  0.027  0.428        1
548:     0.087  0.197  0.001  0.008  0.707        1
549:     0.001  0.276  0.001  0.003  0.718        1
550:     0.095  0.280  0.000  0.000  0.624        1
551:     0.002  0.275  0.003  0.005  0.715        1
552:     0.001  0.008  0.002  0.300  0.689        1
553:     0.003  0.118  0.003  0.073  0.803        1
554:     0.056  0.044  0.013  0.026  0.862        1
555:     0.001  0.001  0.063  0.036  0.898        1
556:     0.451  0.007  0.012  0.006  0.524        1
557:     0.395  0.002  0.008  0.029  0.566        1
558:     0.073  0.012  0.002  0.017  0.896        1
559:     0.001  0.110  0.002  0.045  0.842        1
560:     0.189  0.023  0.074  0.019  0.694        1
561:     0.004  0.050  0.005  0.014  0.927        1
562:     0.260  0.062  0.002  0.078  0.598        1
563:     0.228  0.211  0.004  0.001  0.556        1
564:     0.039  0.022  0.023  0.061  0.855        1
565:     0.050  0.008  0.002  0.005  0.935        1
566:     0.018  0.258  0.002  0.011  0.710        1
567:     0.169  0.235  0.003  0.001  0.592        1
568:     0.178  0.006  0.006  0.024  0.785        1
569:     0.001  0.092  0.001  0.001  0.904        1
570:     0.022  0.261  0.003  0.002  0.712        1
571:     0.005  0.003  0.033  0.002  0.957        1
572:     0.003  0.001  0.031  0.002  0.963        1
573:     0.144  0.005  0.002  0.003  0.846        1
574:     0.001  0.347  0.001  0.009  0.642        1
575:     0.005  0.415  0.001  0.003  0.576        1
576:     0.293  0.105  0.029  0.001  0.572        1
577:     0.084  0.004  0.010  0.003  0.899        1
578:     0.007  0.100  0.002  0.001  0.889        1
579:     0.001  0.268  0.001  0.002  0.727        1
580:     0.014  0.193  0.001  0.012  0.781        1
581:     0.074  0.395  0.002  0.004  0.525        1
582:     0.152  0.319  0.001  0.004  0.524        1
583:     0.315  0.052  0.005  0.022  0.607        1
584:     0.013  0.035  0.001  0.096  0.854        1
585:     0.001  0.005  0.007  0.002  0.985        1
586:     0.004  0.003  0.017  0.001  0.975        1
587:     0.157  0.036  0.031  0.010  0.766        1
588:     0.433  0.070  0.003  0.001  0.492        1
589:     0.003  0.003  0.084  0.016  0.894        1
590:     0.112  0.097  0.001  0.048  0.741        1
591:     0.002  0.001  0.029  0.018  0.949        1
592:     0.024  0.136  0.034  0.054  0.751        1
593:     0.004  0.002  0.012  0.001  0.981        1
594:     0.465  0.124  0.003  0.003  0.406        1
595:     0.176  0.063  0.002  0.003  0.756        1
596:     0.003  0.028  0.004  0.019  0.945        1
597:     0.013  0.023  0.008  0.005  0.951        1
598:     0.011  0.039  0.188  0.026  0.735        1
599:     0.001  0.002  0.120  0.004  0.873        1
600:     0.008  0.004  0.111  0.038  0.839        1
601:     0.002  0.001  0.044  0.003  0.950        1
602:     0.001  0.001  0.034  0.004  0.959        1
603:     0.003  0.002  0.109  0.001  0.886        1
604:     0.002  0.002  0.041  0.007  0.948        1
605:     0.004  0.002  0.049  0.001  0.946        1
606:     0.005  0.001  0.065  0.009  0.920        1
607:     0.001  0.001  0.013  0.001  0.983        1
608:     0.002  0.002  0.071  0.001  0.923        1
609:     0.001  0.001  0.006  0.005  0.987        1
610:     0.003  0.002  0.017  0.006  0.972        1
611:     0.001  0.001  0.045  0.002  0.952        1
612:     0.007  0.007  0.060  0.021  0.905        1
613:     0.007  0.005  0.013  0.004  0.971        1
614:     0.005  0.003  0.137  0.004  0.852        1
615:     0.002  0.000  0.022  0.002  0.974        1
616:     0.004  0.003  0.152  0.003  0.837        1
617:     0.001  0.001  0.137  0.002  0.859        1
618:     0.006  0.001  0.023  0.016  0.954        1
619:     0.002  0.002  0.073  0.002  0.921        1
620:     0.028  0.009  0.040  0.020  0.902        1
621:     0.001  0.001  0.012  0.002  0.984        1
622:     0.005  0.115  0.002  0.012  0.866        1
623:     0.407  0.010  0.020  0.001  0.562        1
624:     0.386  0.000  0.008  0.009  0.596        1
625:     0.009  0.485  0.000  0.001  0.505        1
626:     0.004  0.031  0.000  0.186  0.778        1
627:     0.002  0.268  0.000  0.002  0.728        1
628:     0.003  0.424  0.001  0.003  0.569        1
629:     0.003  0.289  0.002  0.002  0.704        1
630:     0.001  0.425  0.003  0.013  0.558        1
631:     0.004  0.006  0.029  0.841  0.120        1
632:     0.004  0.007  0.002  0.498  0.488        1
633:     0.002  0.119  0.019  0.800  0.059        1
634:     0.005  0.001  0.009  0.720  0.264        1
635:     0.025  0.882  0.012  0.039  0.042        1
636:     0.001  0.993  0.001  0.003  0.001        1
637:     0.005  0.983  0.004  0.005  0.003        1
638:     0.016  0.977  0.002  0.004  0.001        1
639:     0.011  0.968  0.006  0.013  0.003        1
640:     0.001  0.995  0.001  0.002  0.001        1
641:     0.004  0.001  0.221  0.003  0.771        1
642:     0.019  0.001  0.073  0.014  0.893        1
643:     0.030  0.004  0.178  0.005  0.783        1
644:     0.002  0.001  0.016  0.001  0.980        1
645:     0.005  0.001  0.190  0.003  0.800        1
646:     0.003  0.000  0.184  0.004  0.809        1
647:     0.002  0.001  0.016  0.006  0.974        1
648:     0.004  0.001  0.003  0.018  0.974        1
649:     0.010  0.001  0.075  0.009  0.904        1
650:     0.072  0.004  0.016  0.010  0.897        1
651:     0.002  0.005  0.121  0.003  0.869        1
652:     0.002  0.002  0.077  0.037  0.882        1
653:     0.001  0.001  0.106  0.002  0.890        1
654:     0.002  0.005  0.009  0.012  0.972        1
655:     0.006  0.002  0.085  0.004  0.903        1
656:     0.003  0.001  0.012  0.008  0.976        1
657:     0.002  0.001  0.013  0.043  0.941        1
658:     0.011  0.010  0.002  0.040  0.937        1
659:     0.204  0.002  0.004  0.027  0.764        1
660:     0.024  0.003  0.069  0.004  0.899        1
661:     0.001  0.001  0.202  0.000  0.796        1
662:     0.002  0.002  0.022  0.002  0.973        1
663:     0.018  0.001  0.103  0.013  0.865        1
664:     0.011  0.003  0.010  0.012  0.965        1
665:     0.003  0.001  0.059  0.013  0.925        1
666:     0.006  0.002  0.028  0.001  0.963        1
667:     0.002  0.006  0.023  0.287  0.681        1
668:     0.001  0.001  0.078  0.004  0.916        1
669:     0.001  0.000  0.006  0.002  0.990        1
670:     0.001  0.004  0.102  0.005  0.887        1
671:     0.000  0.000  0.038  0.003  0.959        1
672:     0.001  0.001  0.194  0.001  0.803        1
673:     0.026  0.002  0.066  0.009  0.897        1
674:     0.001  0.003  0.030  0.004  0.962        1
675:     0.004  0.000  0.017  0.004  0.975        1
676:     0.007  0.005  0.068  0.003  0.917        1
677:     0.003  0.001  0.037  0.001  0.958        1
678:     0.053  0.002  0.055  0.004  0.886        1
679:     0.003  0.002  0.035  0.015  0.945        1
680:     0.004  0.001  0.228  0.003  0.764        1
681:     0.001  0.002  0.026  0.002  0.969        1
682:     0.004  0.001  0.130  0.010  0.854        1
683:     0.008  0.001  0.053  0.041  0.897        1
684:     0.003  0.002  0.034  0.073  0.888        1
685:     0.007  0.004  0.032  0.016  0.941        1
686:     0.012  0.002  0.022  0.006  0.958        1
687:     0.010  0.005  0.172  0.005  0.809        1
688:     0.011  0.033  0.127  0.032  0.797        1
689:     0.005  0.003  0.062  0.005  0.926        1
690:     0.009  0.003  0.089  0.004  0.895        1
691:     0.003  0.009  0.087  0.001  0.900        1
692:     0.002  0.003  0.022  0.004  0.969        1
693:     0.002  0.004  0.069  0.002  0.923        1
694:     0.000  0.001  0.012  0.007  0.979        1
695:     0.003  0.002  0.091  0.055  0.849        1
696:     0.018  0.001  0.125  0.030  0.827        1
697:     0.001  0.005  0.094  0.001  0.898        1
698:     0.004  0.001  0.084  0.003  0.908        1
699:     0.002  0.004  0.016  0.011  0.968        1
700:     0.001  0.002  0.051  0.002  0.944        1
701:     0.003  0.002  0.049  0.002  0.945        1
702:     0.014  0.003  0.051  0.005  0.927        1
703:     0.004  0.003  0.103  0.002  0.888        1
704:     0.002  0.002  0.062  0.001  0.933        1
705:     0.003  0.001  0.093  0.010  0.893        1
706:     0.015  0.001  0.102  0.009  0.873        1
707:     0.014  0.001  0.119  0.005  0.860        1
708:     0.014  0.001  0.128  0.001  0.857        1
709:     0.001  0.014  0.037  0.032  0.915        1
710:     0.043  0.003  0.074  0.079  0.801        1
711:     0.001  0.003  0.006  0.002  0.987        1
712:     0.002  0.001  0.157  0.006  0.835        1
713:     0.004  0.002  0.005  0.005  0.984        1
714:     0.003  0.978  0.003  0.010  0.006        1
715:     0.003  0.974  0.004  0.014  0.005        1
716:     0.003  0.989  0.002  0.002  0.004        1
717:     0.023  0.965  0.005  0.005  0.002        1
718:     0.004  0.967  0.008  0.015  0.006        1
719:     0.001  0.992  0.002  0.003  0.002        1
720:     0.004  0.990  0.003  0.002  0.001        1
721:     0.004  0.978  0.002  0.012  0.003        1
722:     0.008  0.947  0.011  0.018  0.016        1
723:     0.002  0.994  0.002  0.002  0.001        1
724:     0.001  0.991  0.003  0.002  0.002        1
725:     0.004  0.977  0.003  0.013  0.004        1
726:     0.003  0.992  0.002  0.002  0.002        1
727:     0.015  0.955  0.013  0.008  0.009        1
728:     0.006  0.985  0.003  0.005  0.002        1
729:     0.096  0.883  0.003  0.014  0.004        1
730:     0.004  0.986  0.003  0.003  0.003        1
731:     0.002  0.931  0.005  0.049  0.013        1
732:     0.002  0.994  0.002  0.002  0.000        1
733:     0.003  0.987  0.002  0.005  0.003        1
734:     0.001  0.997  0.000  0.001  0.001        1
735:     0.006  0.970  0.013  0.006  0.005        1
736:     0.003  0.986  0.003  0.003  0.004        1
737:     0.002  0.988  0.005  0.001  0.004        1
738:     0.001  0.987  0.003  0.006  0.003        1
739:     0.006  0.949  0.005  0.017  0.023        1
740:     0.012  0.974  0.007  0.005  0.003        1
741:     0.001  0.992  0.002  0.003  0.001        1
742:     0.024  0.933  0.013  0.026  0.005        1
743:     0.007  0.980  0.002  0.007  0.004        1
744:     0.005  0.944  0.014  0.029  0.008        1
745:     0.001  0.947  0.003  0.042  0.007        1
746:     0.002  0.962  0.024  0.003  0.009        1
747:     0.002  0.978  0.006  0.011  0.004        1
748:     0.006  0.877  0.012  0.092  0.013        1
749:     0.002  0.988  0.002  0.006  0.002        1
750:     0.004  0.899  0.091  0.002  0.005        1
751:     0.008  0.958  0.017  0.016  0.001        1
752:     0.016  0.971  0.008  0.002  0.003        1
753:     0.003  0.949  0.011  0.025  0.013        1
