

----------------------------------------------------
STRUCTURE by Pritchard, Stephens and Donnelly (2000)
     and Falush, Stephens and Pritchard (2003)
       Code by Pritchard, Falush and Hubisz
             Version 2.3.4 (Jul 2012)
----------------------------------------------------



Command line arguments:   structure -K 5 -L 574 -N 2600 -i ./TEST.recode.strct_in -D 37035 -o ./TEST_structureOUT/K5_3 
Input File:    ./TEST.recode.strct_in

Run parameters:
   2600 individuals
   574 loci
   5 populations assumed
   1000 Burn-in period
   3000 Reps


--------------------------------------------
Proportion of membership of each pre-defined
 population in each of the 5 clusters

Given    Inferred Clusters                     Number of
 Pop       1      2      3      4      5      Individuals

  1:     0.991  0.000  0.005  0.001  0.003        1
  2:     0.943  0.005  0.004  0.003  0.045        1
  3:     0.987  0.002  0.001  0.006  0.004        1
  4:     0.980  0.004  0.011  0.003  0.002        1
  5:     0.951  0.019  0.007  0.001  0.022        1
  6:     0.949  0.011  0.013  0.005  0.022        1
  7:     0.986  0.004  0.004  0.002  0.004        1
  8:     0.991  0.001  0.003  0.003  0.001        1
  9:     0.990  0.001  0.004  0.001  0.005        1
 10:     0.977  0.013  0.001  0.007  0.003        1
 11:     0.968  0.004  0.020  0.004  0.003        1
 12:     0.986  0.006  0.001  0.004  0.003        1
 13:     0.975  0.005  0.018  0.001  0.002        1
 14:     0.987  0.004  0.007  0.001  0.001        1
 15:     0.976  0.013  0.003  0.005  0.003        1
 16:     0.986  0.002  0.001  0.001  0.010        1
 17:     0.964  0.003  0.021  0.011  0.001        1
 18:     0.990  0.004  0.004  0.001  0.002        1
 19:     0.983  0.004  0.006  0.001  0.007        1
 20:     0.974  0.002  0.010  0.011  0.002        1
 21:     0.978  0.005  0.002  0.012  0.004        1
 22:     0.978  0.001  0.018  0.002  0.002        1
 23:     0.989  0.002  0.003  0.001  0.005        1
 24:     0.969  0.009  0.007  0.009  0.007        1
 25:     0.986  0.001  0.001  0.003  0.008        1
 26:     0.997  0.001  0.001  0.000  0.001        1
 27:     0.991  0.001  0.005  0.000  0.002        1
 28:     0.949  0.021  0.026  0.002  0.001        1
 29:     0.969  0.012  0.010  0.003  0.005        1
 30:     0.965  0.002  0.010  0.015  0.007        1
 31:     0.995  0.001  0.001  0.001  0.001        1
 32:     0.987  0.005  0.003  0.003  0.002        1
 33:     0.980  0.004  0.003  0.012  0.001        1
 34:     0.980  0.002  0.014  0.004  0.001        1
 35:     0.982  0.006  0.002  0.005  0.005        1
 36:     0.936  0.002  0.017  0.007  0.038        1
 37:     0.994  0.001  0.001  0.001  0.003        1
 38:     0.984  0.003  0.009  0.002  0.003        1
 39:     0.989  0.003  0.002  0.002  0.005        1
 40:     0.994  0.001  0.001  0.000  0.003        1
 41:     0.957  0.012  0.004  0.025  0.002        1
 42:     0.854  0.070  0.055  0.001  0.019        1
 43:     0.844  0.003  0.117  0.033  0.003        1
 44:     0.952  0.006  0.004  0.029  0.009        1
 45:     0.987  0.002  0.006  0.002  0.004        1
 46:     0.986  0.009  0.002  0.000  0.002        1
 47:     0.988  0.003  0.002  0.004  0.002        1
 48:     0.875  0.002  0.009  0.110  0.003        1
 49:     0.982  0.007  0.003  0.002  0.006        1
 50:     0.992  0.002  0.003  0.001  0.001        1
 51:     0.976  0.013  0.007  0.001  0.004        1
 52:     0.993  0.002  0.001  0.003  0.001        1
 53:     0.928  0.002  0.002  0.008  0.060        1
 54:     0.968  0.004  0.004  0.006  0.017        1
 55:     0.988  0.002  0.008  0.001  0.001        1
 56:     0.986  0.005  0.002  0.002  0.004        1
 57:     0.985  0.008  0.004  0.001  0.002        1
 58:     0.992  0.000  0.003  0.002  0.003        1
 59:     0.993  0.003  0.002  0.001  0.002        1
 60:     0.945  0.022  0.016  0.010  0.007        1
 61:     0.923  0.014  0.003  0.059  0.001        1
 62:     0.978  0.002  0.005  0.001  0.014        1
 63:     0.954  0.009  0.005  0.025  0.007        1
 64:     0.982  0.001  0.001  0.012  0.004        1
 65:     0.992  0.001  0.004  0.001  0.003        1
 66:     0.919  0.028  0.018  0.031  0.004        1
 67:     0.990  0.004  0.004  0.001  0.001        1
 68:     0.987  0.003  0.004  0.002  0.004        1
 69:     0.970  0.006  0.006  0.002  0.015        1
 70:     0.981  0.002  0.012  0.004  0.002        1
 71:     0.916  0.009  0.001  0.001  0.073        1
 72:     0.986  0.002  0.007  0.001  0.004        1
 73:     0.970  0.003  0.010  0.004  0.013        1
 74:     0.825  0.008  0.013  0.009  0.145        1
 75:     0.983  0.007  0.007  0.001  0.002        1
 76:     0.921  0.043  0.008  0.001  0.026        1
 77:     0.973  0.001  0.003  0.005  0.018        1
 78:     0.974  0.003  0.001  0.002  0.020        1
 79:     0.946  0.016  0.004  0.012  0.021        1
 80:     0.947  0.034  0.010  0.005  0.003        1
 81:     0.993  0.001  0.002  0.002  0.002        1
 82:     0.956  0.011  0.021  0.001  0.011        1
 83:     0.986  0.004  0.004  0.004  0.002        1
 84:     0.965  0.007  0.003  0.006  0.018        1
 85:     0.991  0.002  0.004  0.001  0.002        1
 86:     0.980  0.005  0.010  0.002  0.003        1
 87:     0.992  0.002  0.005  0.000  0.001        1
 88:     0.970  0.007  0.013  0.007  0.003        1
 89:     0.984  0.002  0.007  0.002  0.004        1
 90:     0.987  0.002  0.005  0.002  0.004        1
 91:     0.755  0.004  0.238  0.002  0.000        1
 92:     0.981  0.003  0.004  0.006  0.006        1
 93:     0.993  0.001  0.003  0.000  0.002        1
 94:     0.985  0.004  0.005  0.002  0.003        1
 95:     0.976  0.003  0.004  0.008  0.008        1
 96:     0.977  0.010  0.001  0.002  0.010        1
 97:     0.002  0.995  0.001  0.001  0.002        1
 98:     0.001  0.990  0.006  0.001  0.002        1
 99:     0.004  0.975  0.013  0.007  0.001        1
100:     0.007  0.987  0.002  0.002  0.001        1
101:     0.002  0.996  0.001  0.002  0.000        1
102:     0.001  0.996  0.002  0.001  0.000        1
103:     0.002  0.993  0.003  0.001  0.001        1
104:     0.002  0.994  0.001  0.001  0.002        1
105:     0.001  0.993  0.004  0.001  0.001        1
106:     0.001  0.916  0.006  0.001  0.076        1
107:     0.003  0.980  0.009  0.004  0.003        1
108:     0.001  0.996  0.001  0.003  0.000        1
109:     0.002  0.989  0.001  0.007  0.001        1
110:     0.001  0.991  0.003  0.002  0.003        1
111:     0.001  0.983  0.009  0.001  0.005        1
112:     0.001  0.973  0.003  0.022  0.001        1
113:     0.006  0.969  0.009  0.001  0.015        1
114:     0.001  0.992  0.004  0.001  0.002        1
115:     0.001  0.984  0.009  0.005  0.002        1
116:     0.001  0.989  0.008  0.001  0.001        1
117:     0.006  0.986  0.002  0.003  0.003        1
118:     0.003  0.924  0.068  0.004  0.001        1
119:     0.005  0.986  0.001  0.005  0.003        1
120:     0.002  0.995  0.002  0.001  0.001        1
121:     0.001  0.993  0.002  0.002  0.002        1
122:     0.000  0.998  0.000  0.001  0.001        1
123:     0.001  0.993  0.002  0.001  0.003        1
124:     0.001  0.991  0.001  0.001  0.006        1
125:     0.003  0.984  0.011  0.001  0.001        1
126:     0.003  0.991  0.004  0.001  0.001        1
127:     0.001  0.989  0.006  0.002  0.002        1
128:     0.004  0.992  0.002  0.001  0.001        1
129:     0.003  0.993  0.002  0.001  0.001        1
130:     0.001  0.988  0.002  0.004  0.005        1
131:     0.005  0.987  0.002  0.002  0.005        1
132:     0.003  0.984  0.004  0.008  0.001        1
133:     0.000  0.991  0.005  0.003  0.002        1
134:     0.004  0.954  0.007  0.009  0.025        1
135:     0.007  0.941  0.027  0.025  0.000        1
136:     0.007  0.974  0.008  0.002  0.009        1
137:     0.004  0.988  0.006  0.001  0.002        1
138:     0.001  0.991  0.003  0.002  0.003        1
139:     0.001  0.994  0.004  0.001  0.001        1
140:     0.003  0.994  0.002  0.001  0.001        1
141:     0.002  0.995  0.001  0.001  0.001        1
142:     0.003  0.992  0.002  0.001  0.002        1
143:     0.002  0.988  0.004  0.003  0.004        1
144:     0.002  0.995  0.001  0.001  0.001        1
145:     0.002  0.959  0.032  0.006  0.001        1
146:     0.000  0.993  0.005  0.001  0.000        1
147:     0.001  0.990  0.001  0.007  0.001        1
148:     0.001  0.981  0.012  0.005  0.001        1
149:     0.019  0.962  0.011  0.003  0.005        1
150:     0.006  0.985  0.006  0.001  0.003        1
151:     0.001  0.995  0.001  0.001  0.002        1
152:     0.006  0.976  0.010  0.005  0.003        1
153:     0.112  0.879  0.007  0.001  0.001        1
154:     0.003  0.920  0.044  0.005  0.028        1
155:     0.001  0.948  0.026  0.001  0.023        1
156:     0.013  0.954  0.021  0.001  0.011        1
157:     0.014  0.912  0.031  0.007  0.036        1
158:     0.024  0.937  0.033  0.002  0.003        1
159:     0.005  0.964  0.028  0.002  0.000        1
160:     0.008  0.970  0.008  0.010  0.005        1
161:     0.002  0.972  0.011  0.002  0.013        1
162:     0.007  0.985  0.002  0.001  0.005        1
163:     0.010  0.965  0.007  0.012  0.006        1
164:     0.010  0.982  0.004  0.001  0.003        1
165:     0.002  0.888  0.003  0.015  0.092        1
166:     0.064  0.910  0.021  0.003  0.002        1
167:     0.002  0.985  0.010  0.002  0.001        1
168:     0.003  0.982  0.005  0.003  0.008        1
169:     0.001  0.994  0.002  0.001  0.002        1
170:     0.003  0.981  0.005  0.001  0.010        1
171:     0.007  0.969  0.008  0.001  0.015        1
172:     0.010  0.922  0.053  0.003  0.011        1
173:     0.009  0.958  0.024  0.003  0.005        1
174:     0.001  0.990  0.003  0.001  0.005        1
175:     0.001  0.992  0.005  0.001  0.001        1
176:     0.000  0.993  0.003  0.002  0.002        1
177:     0.001  0.970  0.009  0.017  0.003        1
178:     0.001  0.995  0.002  0.001  0.001        1
179:     0.005  0.917  0.072  0.002  0.004        1
180:     0.002  0.994  0.003  0.001  0.000        1
181:     0.001  0.993  0.005  0.001  0.001        1
182:     0.010  0.977  0.008  0.004  0.002        1
183:     0.012  0.956  0.016  0.001  0.015        1
184:     0.005  0.980  0.008  0.005  0.002        1
185:     0.001  0.989  0.006  0.003  0.001        1
186:     0.003  0.993  0.002  0.001  0.001        1
187:     0.000  0.993  0.001  0.005  0.001        1
188:     0.001  0.995  0.002  0.001  0.001        1
189:     0.001  0.994  0.002  0.001  0.002        1
190:     0.006  0.989  0.003  0.001  0.001        1
191:     0.003  0.985  0.006  0.001  0.005        1
192:     0.001  0.904  0.085  0.004  0.006        1
193:     0.002  0.985  0.004  0.001  0.008        1
194:     0.017  0.970  0.008  0.003  0.002        1
195:     0.000  0.998  0.001  0.000  0.000        1
196:     0.002  0.992  0.002  0.003  0.002        1
197:     0.005  0.977  0.013  0.002  0.003        1
198:     0.001  0.995  0.002  0.001  0.001        1
199:     0.007  0.966  0.017  0.001  0.009        1
200:     0.189  0.807  0.002  0.001  0.001        1
201:     0.070  0.906  0.011  0.001  0.012        1
202:     0.002  0.986  0.001  0.001  0.010        1
203:     0.003  0.986  0.002  0.006  0.003        1
204:     0.036  0.929  0.001  0.002  0.031        1
205:     0.067  0.915  0.001  0.001  0.016        1
206:     0.038  0.851  0.009  0.001  0.101        1
207:     0.050  0.918  0.012  0.000  0.020        1
208:     0.025  0.958  0.014  0.002  0.001        1
209:     0.010  0.563  0.419  0.005  0.003        1
210:     0.004  0.989  0.003  0.001  0.002        1
211:     0.018  0.941  0.027  0.003  0.011        1
212:     0.150  0.804  0.041  0.002  0.003        1
213:     0.002  0.907  0.042  0.002  0.047        1
214:     0.045  0.913  0.013  0.002  0.027        1
215:     0.017  0.972  0.003  0.001  0.007        1
216:     0.003  0.986  0.002  0.007  0.003        1
217:     0.018  0.852  0.015  0.003  0.112        1
218:     0.013  0.961  0.020  0.001  0.005        1
219:     0.002  0.794  0.003  0.008  0.193        1
220:     0.001  0.990  0.005  0.001  0.004        1
221:     0.003  0.978  0.009  0.003  0.007        1
222:     0.005  0.935  0.026  0.001  0.033        1
223:     0.048  0.906  0.014  0.002  0.029        1
224:     0.008  0.978  0.008  0.002  0.004        1
225:     0.001  0.994  0.001  0.001  0.004        1
226:     0.188  0.695  0.101  0.001  0.015        1
227:     0.000  0.996  0.002  0.001  0.001        1
228:     0.006  0.992  0.001  0.001  0.001        1
229:     0.156  0.654  0.173  0.003  0.013        1
230:     0.035  0.793  0.001  0.002  0.170        1
231:     0.003  0.929  0.048  0.014  0.005        1
232:     0.011  0.920  0.050  0.004  0.015        1
233:     0.005  0.982  0.005  0.003  0.005        1
234:     0.071  0.852  0.015  0.003  0.060        1
235:     0.002  0.959  0.015  0.007  0.017        1
236:     0.007  0.972  0.003  0.000  0.018        1
237:     0.071  0.787  0.137  0.000  0.005        1
238:     0.006  0.976  0.010  0.001  0.006        1
239:     0.027  0.917  0.014  0.002  0.039        1
240:     0.006  0.955  0.006  0.002  0.031        1
241:     0.002  0.988  0.001  0.006  0.004        1
242:     0.015  0.951  0.017  0.005  0.012        1
243:     0.004  0.967  0.013  0.003  0.013        1
244:     0.049  0.904  0.031  0.002  0.014        1
245:     0.004  0.981  0.004  0.007  0.003        1
246:     0.005  0.988  0.002  0.003  0.002        1
247:     0.015  0.915  0.053  0.003  0.014        1
248:     0.088  0.864  0.035  0.002  0.011        1
249:     0.006  0.957  0.020  0.008  0.009        1
250:     0.031  0.959  0.006  0.002  0.002        1
251:     0.005  0.976  0.012  0.002  0.005        1
252:     0.004  0.980  0.008  0.003  0.004        1
253:     0.037  0.935  0.009  0.001  0.017        1
254:     0.001  0.992  0.004  0.001  0.002        1
255:     0.072  0.632  0.292  0.003  0.001        1
256:     0.009  0.975  0.006  0.009  0.001        1
257:     0.006  0.975  0.010  0.007  0.002        1
258:     0.003  0.993  0.001  0.002  0.001        1
259:     0.002  0.991  0.003  0.002  0.002        1
260:     0.007  0.952  0.032  0.007  0.003        1
261:     0.032  0.852  0.028  0.003  0.084        1
262:     0.034  0.871  0.052  0.002  0.041        1
263:     0.057  0.883  0.033  0.002  0.026        1
264:     0.005  0.977  0.009  0.000  0.009        1
265:     0.015  0.886  0.055  0.002  0.042        1
266:     0.007  0.947  0.011  0.032  0.004        1
267:     0.002  0.986  0.002  0.001  0.009        1
268:     0.043  0.889  0.059  0.007  0.003        1
269:     0.000  0.996  0.002  0.001  0.001        1
270:     0.006  0.967  0.018  0.003  0.006        1
271:     0.145  0.847  0.005  0.001  0.002        1
272:     0.011  0.972  0.010  0.001  0.006        1
273:     0.004  0.987  0.005  0.002  0.002        1
274:     0.006  0.983  0.009  0.001  0.001        1
275:     0.008  0.909  0.004  0.004  0.075        1
276:     0.008  0.918  0.044  0.029  0.001        1
277:     0.093  0.858  0.028  0.006  0.015        1
278:     0.001  0.970  0.005  0.001  0.023        1
279:     0.035  0.940  0.014  0.002  0.009        1
280:     0.004  0.990  0.002  0.002  0.003        1
281:     0.001  0.989  0.005  0.004  0.001        1
282:     0.992  0.001  0.002  0.002  0.003        1
283:     0.994  0.001  0.002  0.001  0.002        1
284:     0.916  0.015  0.001  0.002  0.066        1
285:     0.974  0.009  0.011  0.000  0.006        1
286:     0.993  0.001  0.002  0.002  0.001        1
287:     0.867  0.001  0.007  0.002  0.123        1
288:     0.961  0.013  0.012  0.006  0.008        1
289:     0.997  0.000  0.001  0.000  0.001        1
290:     0.968  0.003  0.006  0.005  0.017        1
291:     0.991  0.001  0.001  0.003  0.004        1
292:     0.975  0.008  0.006  0.003  0.007        1
293:     0.971  0.013  0.008  0.000  0.009        1
294:     0.994  0.003  0.001  0.001  0.002        1
295:     0.993  0.003  0.002  0.001  0.001        1
296:     0.977  0.002  0.002  0.002  0.018        1
297:     0.997  0.001  0.001  0.000  0.001        1
298:     0.981  0.002  0.000  0.007  0.010        1
299:     0.976  0.009  0.001  0.001  0.013        1
300:     0.983  0.003  0.004  0.007  0.004        1
301:     0.989  0.002  0.004  0.001  0.003        1
302:     0.983  0.005  0.001  0.009  0.002        1
303:     0.981  0.004  0.005  0.001  0.009        1
304:     0.984  0.002  0.005  0.009  0.000        1
305:     0.987  0.005  0.003  0.001  0.003        1
306:     0.978  0.004  0.013  0.003  0.003        1
307:     0.972  0.001  0.023  0.003  0.002        1
308:     0.970  0.011  0.011  0.002  0.006        1
309:     0.988  0.004  0.003  0.004  0.002        1
310:     0.977  0.002  0.008  0.011  0.002        1
311:     0.991  0.003  0.002  0.002  0.002        1
312:     0.995  0.001  0.002  0.001  0.001        1
313:     0.959  0.021  0.010  0.002  0.008        1
314:     0.960  0.002  0.001  0.015  0.022        1
315:     0.992  0.004  0.001  0.002  0.002        1
316:     0.961  0.018  0.002  0.016  0.003        1
317:     0.994  0.002  0.001  0.002  0.001        1
318:     0.939  0.006  0.015  0.001  0.040        1
319:     0.955  0.020  0.015  0.001  0.009        1
320:     0.949  0.001  0.002  0.025  0.022        1
321:     0.972  0.003  0.004  0.001  0.020        1
322:     0.995  0.001  0.001  0.001  0.001        1
323:     0.973  0.010  0.006  0.001  0.010        1
324:     0.002  0.958  0.003  0.007  0.030        1
325:     0.018  0.504  0.003  0.391  0.085        1
326:     0.003  0.981  0.008  0.002  0.007        1
327:     0.975  0.010  0.005  0.010  0.001        1
328:     0.994  0.001  0.002  0.001  0.002        1
329:     0.984  0.002  0.009  0.001  0.004        1
330:     0.990  0.004  0.002  0.001  0.004        1
331:     0.972  0.003  0.007  0.001  0.017        1
332:     0.995  0.001  0.002  0.001  0.002        1
333:     0.990  0.003  0.003  0.001  0.003        1
334:     0.956  0.021  0.016  0.006  0.001        1
335:     0.990  0.004  0.002  0.001  0.003        1
336:     0.993  0.001  0.004  0.001  0.001        1
337:     0.976  0.008  0.008  0.001  0.007        1
338:     0.972  0.013  0.010  0.004  0.001        1
339:     0.994  0.001  0.001  0.001  0.002        1
340:     0.972  0.003  0.007  0.002  0.015        1
341:     0.996  0.001  0.001  0.001  0.001        1
342:     0.993  0.003  0.003  0.001  0.001        1
343:     0.991  0.003  0.002  0.001  0.003        1
344:     0.987  0.007  0.003  0.001  0.002        1
345:     0.993  0.001  0.003  0.002  0.002        1
346:     0.993  0.003  0.003  0.001  0.000        1
347:     0.962  0.008  0.007  0.002  0.021        1
348:     0.986  0.002  0.001  0.002  0.008        1
349:     0.989  0.003  0.006  0.000  0.002        1
350:     0.972  0.002  0.001  0.009  0.016        1
351:     0.992  0.001  0.002  0.001  0.004        1
352:     0.973  0.008  0.003  0.001  0.015        1
353:     0.961  0.008  0.023  0.002  0.007        1
354:     0.984  0.002  0.002  0.003  0.010        1
355:     0.953  0.003  0.005  0.012  0.027        1
356:     0.983  0.002  0.009  0.001  0.005        1
357:     0.992  0.002  0.003  0.003  0.001        1
358:     0.944  0.008  0.006  0.002  0.039        1
359:     0.975  0.008  0.003  0.002  0.011        1
360:     0.983  0.001  0.002  0.001  0.013        1
361:     0.777  0.003  0.001  0.004  0.215        1
362:     0.002  0.624  0.001  0.173  0.200        1
363:     0.007  0.540  0.003  0.020  0.429        1
364:     0.027  0.893  0.058  0.006  0.017        1
365:     0.013  0.797  0.009  0.008  0.172        1
366:     0.987  0.003  0.005  0.001  0.005        1
367:     0.945  0.008  0.025  0.005  0.018        1
368:     0.992  0.002  0.004  0.000  0.001        1
369:     0.949  0.007  0.004  0.003  0.038        1
370:     0.993  0.001  0.002  0.002  0.002        1
371:     0.952  0.019  0.014  0.013  0.002        1
372:     0.992  0.003  0.003  0.001  0.001        1
373:     0.984  0.007  0.003  0.001  0.005        1
374:     0.995  0.002  0.001  0.001  0.002        1
375:     0.989  0.001  0.006  0.001  0.003        1
376:     0.961  0.002  0.020  0.003  0.012        1
377:     0.994  0.002  0.001  0.002  0.000        1
378:     0.993  0.002  0.002  0.002  0.001        1
379:     0.989  0.002  0.002  0.004  0.003        1
380:     0.990  0.001  0.003  0.001  0.005        1
381:     0.945  0.002  0.021  0.029  0.003        1
382:     0.994  0.001  0.001  0.001  0.002        1
383:     0.993  0.001  0.001  0.000  0.004        1
384:     0.951  0.003  0.003  0.004  0.039        1
385:     0.961  0.004  0.007  0.025  0.003        1
386:     0.990  0.001  0.002  0.003  0.004        1
387:     0.970  0.002  0.006  0.003  0.019        1
388:     0.970  0.006  0.013  0.005  0.006        1
389:     0.987  0.002  0.004  0.002  0.005        1
390:     0.987  0.005  0.001  0.006  0.002        1
391:     0.977  0.008  0.008  0.003  0.003        1
392:     0.995  0.001  0.001  0.002  0.002        1
393:     0.995  0.001  0.001  0.001  0.002        1
394:     0.021  0.872  0.094  0.011  0.002        1
395:     0.015  0.804  0.009  0.002  0.170        1
396:     0.004  0.679  0.137  0.159  0.021        1
397:     0.011  0.947  0.008  0.002  0.032        1
398:     0.001  0.969  0.001  0.013  0.015        1
399:     0.003  0.986  0.002  0.006  0.003        1
400:     0.003  0.718  0.003  0.018  0.258        1
401:     0.045  0.929  0.014  0.011  0.002        1
402:     0.001  0.782  0.002  0.003  0.212        1
403:     0.983  0.006  0.008  0.001  0.003        1
404:     0.936  0.017  0.036  0.008  0.003        1
405:     0.989  0.002  0.002  0.002  0.004        1
406:     0.992  0.003  0.003  0.001  0.001        1
407:     0.995  0.001  0.000  0.003  0.001        1
408:     0.923  0.013  0.002  0.060  0.002        1
409:     0.984  0.003  0.001  0.001  0.011        1
410:     0.993  0.001  0.001  0.001  0.004        1
411:     0.985  0.001  0.006  0.005  0.003        1
412:     0.951  0.004  0.003  0.005  0.037        1
413:     0.991  0.002  0.002  0.001  0.004        1
414:     0.989  0.001  0.003  0.001  0.005        1
415:     0.987  0.001  0.002  0.002  0.008        1
416:     0.991  0.001  0.004  0.001  0.003        1
417:     0.925  0.002  0.067  0.003  0.003        1
418:     0.003  0.981  0.011  0.005  0.000        1
419:     0.003  0.513  0.000  0.002  0.482        1
420:     0.002  0.459  0.004  0.423  0.112        1
421:     0.001  0.862  0.084  0.044  0.009        1
422:     0.003  0.862  0.016  0.056  0.063        1
423:     0.001  0.633  0.021  0.002  0.342        1
424:     0.006  0.793  0.000  0.200  0.000        1
425:     0.001  0.668  0.004  0.003  0.324        1
426:     0.003  0.848  0.006  0.005  0.137        1
427:     0.003  0.979  0.006  0.011  0.001        1
428:     0.002  0.752  0.002  0.244  0.001        1
429:     0.011  0.803  0.003  0.003  0.179        1
430:     0.005  0.773  0.002  0.017  0.202        1
431:     0.002  0.993  0.004  0.001  0.001        1
432:     0.003  0.899  0.044  0.046  0.008        1
433:     0.158  0.750  0.070  0.006  0.016        1
434:     0.001  0.678  0.002  0.005  0.315        1
435:     0.005  0.503  0.005  0.017  0.470        1
436:     0.025  0.948  0.014  0.002  0.011        1
437:     0.002  0.984  0.003  0.009  0.001        1
438:     0.002  0.968  0.025  0.002  0.003        1
439:     0.037  0.747  0.001  0.002  0.214        1
440:     0.003  0.175  0.071  0.012  0.740        1
441:     0.001  0.772  0.000  0.210  0.016        1
442:     0.003  0.801  0.001  0.002  0.193        1
443:     0.031  0.743  0.001  0.011  0.214        1
444:     0.001  0.874  0.002  0.122  0.001        1
445:     0.004  0.990  0.002  0.001  0.003        1
446:     0.003  0.927  0.004  0.042  0.023        1
447:     0.008  0.744  0.003  0.005  0.240        1
448:     0.002  0.848  0.013  0.136  0.001        1
449:     0.093  0.883  0.006  0.010  0.008        1
450:     0.001  0.693  0.029  0.076  0.201        1
451:     0.001  0.592  0.002  0.265  0.140        1
452:     0.001  0.362  0.003  0.634  0.000        1
453:     0.004  0.924  0.038  0.002  0.033        1
454:     0.011  0.893  0.085  0.008  0.003        1
455:     0.003  0.950  0.004  0.039  0.005        1
456:     0.015  0.259  0.001  0.723  0.002        1
457:     0.014  0.548  0.124  0.004  0.310        1
458:     0.009  0.678  0.005  0.002  0.306        1
459:     0.002  0.994  0.001  0.001  0.002        1
460:     0.002  0.583  0.002  0.115  0.299        1
461:     0.002  0.539  0.010  0.001  0.448        1
462:     0.001  0.390  0.003  0.002  0.604        1
463:     0.008  0.517  0.003  0.086  0.387        1
464:     0.009  0.877  0.041  0.005  0.069        1
465:     0.032  0.903  0.014  0.016  0.035        1
466:     0.002  0.706  0.202  0.010  0.080        1
467:     0.007  0.665  0.001  0.225  0.102        1
468:     0.001  0.288  0.001  0.001  0.709        1
469:     0.002  0.976  0.020  0.001  0.001        1
470:     0.007  0.303  0.001  0.402  0.287        1
471:     0.002  0.539  0.001  0.004  0.453        1
472:     0.002  0.843  0.002  0.025  0.128        1
473:     0.002  0.572  0.063  0.008  0.355        1
474:     0.002  0.644  0.008  0.180  0.165        1
475:     0.000  0.919  0.011  0.001  0.069        1
476:     0.002  0.454  0.053  0.171  0.319        1
477:     0.001  0.794  0.004  0.002  0.200        1
478:     0.002  0.777  0.005  0.002  0.214        1
479:     0.002  0.792  0.001  0.006  0.199        1
480:     0.002  0.928  0.006  0.061  0.003        1
481:     0.010  0.781  0.194  0.012  0.002        1
482:     0.062  0.714  0.004  0.129  0.091        1
483:     0.021  0.637  0.003  0.005  0.334        1
484:     0.002  0.965  0.002  0.028  0.002        1
485:     0.001  0.953  0.005  0.038  0.003        1
486:     0.008  0.740  0.017  0.026  0.210        1
487:     0.002  0.967  0.013  0.016  0.002        1
488:     0.018  0.845  0.062  0.071  0.005        1
489:     0.001  0.949  0.001  0.037  0.012        1
490:     0.005  0.432  0.075  0.002  0.486        1
491:     0.003  0.742  0.001  0.249  0.005        1
492:     0.003  0.845  0.002  0.146  0.004        1
493:     0.187  0.338  0.005  0.054  0.417        1
494:     0.000  0.596  0.007  0.012  0.384        1
495:     0.005  0.778  0.005  0.205  0.007        1
496:     0.001  0.791  0.008  0.002  0.198        1
497:     0.001  0.810  0.005  0.001  0.183        1
498:     0.001  0.939  0.005  0.003  0.052        1
499:     0.004  0.420  0.102  0.471  0.004        1
500:     0.001  0.119  0.019  0.861  0.000        1
501:     0.001  0.550  0.001  0.322  0.126        1
502:     0.006  0.969  0.007  0.011  0.006        1
503:     0.005  0.753  0.033  0.002  0.208        1
504:     0.001  0.532  0.001  0.001  0.465        1
505:     0.005  0.990  0.001  0.001  0.002        1
506:     0.000  0.597  0.002  0.017  0.383        1
507:     0.004  0.604  0.001  0.054  0.337        1
508:     0.001  0.718  0.034  0.048  0.200        1
509:     0.006  0.983  0.003  0.004  0.005        1
510:     0.028  0.184  0.014  0.169  0.605        1
511:     0.002  0.663  0.003  0.000  0.332        1
512:     0.064  0.915  0.008  0.001  0.012        1
513:     0.003  0.230  0.004  0.336  0.428        1
514:     0.003  0.987  0.004  0.000  0.006        1
515:     0.004  0.654  0.000  0.101  0.241        1
516:     0.005  0.972  0.006  0.016  0.001        1
517:     0.001  0.850  0.005  0.008  0.137        1
518:     0.009  0.967  0.006  0.007  0.011        1
519:     0.002  0.601  0.011  0.379  0.006        1
520:     0.002  0.912  0.019  0.043  0.024        1
521:     0.000  0.943  0.002  0.053  0.002        1
522:     0.004  0.661  0.006  0.325  0.004        1
523:     0.002  0.674  0.001  0.268  0.055        1
524:     0.005  0.958  0.004  0.005  0.028        1
525:     0.002  0.826  0.006  0.002  0.165        1
526:     0.001  0.721  0.016  0.012  0.250        1
527:     0.003  0.726  0.057  0.212  0.002        1
528:     0.003  0.923  0.005  0.022  0.047        1
529:     0.002  0.982  0.014  0.001  0.001        1
530:     0.001  0.095  0.029  0.001  0.875        1
531:     0.007  0.190  0.081  0.324  0.399        1
532:     0.002  0.687  0.008  0.004  0.299        1
533:     0.009  0.557  0.009  0.004  0.421        1
534:     0.001  0.090  0.167  0.005  0.737        1
535:     0.002  0.687  0.009  0.012  0.289        1
536:     0.004  0.738  0.005  0.006  0.247        1
537:     0.019  0.617  0.003  0.010  0.351        1
538:     0.002  0.589  0.009  0.001  0.398        1
539:     0.000  0.453  0.008  0.062  0.476        1
540:     0.002  0.702  0.001  0.003  0.293        1
541:     0.002  0.919  0.015  0.034  0.030        1
542:     0.006  0.445  0.002  0.004  0.543        1
543:     0.002  0.613  0.002  0.000  0.382        1
544:     0.001  0.198  0.000  0.280  0.520        1
545:     0.080  0.486  0.004  0.009  0.422        1
546:     0.010  0.676  0.004  0.072  0.238        1
547:     0.005  0.184  0.004  0.006  0.801        1
548:     0.010  0.632  0.021  0.016  0.321        1
549:     0.002  0.505  0.001  0.001  0.491        1
550:     0.003  0.433  0.016  0.076  0.472        1
551:     0.001  0.525  0.003  0.004  0.467        1
552:     0.001  0.658  0.279  0.001  0.061        1
553:     0.005  0.668  0.034  0.005  0.288        1
554:     0.003  0.742  0.001  0.058  0.197        1
555:     0.001  0.921  0.059  0.003  0.017        1
556:     0.001  0.286  0.003  0.440  0.270        1
557:     0.002  0.583  0.013  0.395  0.007        1
558:     0.003  0.907  0.013  0.060  0.017        1
559:     0.102  0.814  0.035  0.001  0.049        1
560:     0.013  0.586  0.010  0.229  0.163        1
561:     0.001  0.794  0.002  0.004  0.199        1
562:     0.021  0.539  0.008  0.273  0.158        1
563:     0.007  0.417  0.006  0.233  0.337        1
564:     0.028  0.887  0.037  0.032  0.016        1
565:     0.002  0.924  0.030  0.013  0.031        1
566:     0.040  0.529  0.025  0.014  0.392        1
567:     0.098  0.450  0.001  0.170  0.281        1
568:     0.014  0.779  0.002  0.170  0.036        1
569:     0.008  0.771  0.002  0.000  0.219        1
570:     0.001  0.528  0.003  0.015  0.453        1
571:     0.001  0.992  0.002  0.003  0.002        1
572:     0.001  0.992  0.001  0.003  0.003        1
573:     0.002  0.793  0.013  0.141  0.051        1
574:     0.001  0.516  0.015  0.003  0.465        1
575:     0.000  0.116  0.004  0.009  0.871        1
576:     0.015  0.548  0.069  0.296  0.073        1
577:     0.000  0.805  0.051  0.043  0.101        1
578:     0.001  0.702  0.001  0.003  0.293        1
579:     0.003  0.570  0.001  0.001  0.426        1
580:     0.035  0.676  0.014  0.033  0.243        1
581:     0.009  0.352  0.006  0.027  0.607        1
582:     0.001  0.133  0.093  0.154  0.619        1
583:     0.007  0.413  0.005  0.307  0.268        1
584:     0.002  0.745  0.016  0.006  0.231        1
585:     0.008  0.965  0.004  0.001  0.021        1
586:     0.001  0.994  0.001  0.001  0.002        1
587:     0.002  0.663  0.001  0.169  0.164        1
588:     0.004  0.403  0.002  0.429  0.162        1
589:     0.009  0.945  0.030  0.003  0.013        1
590:     0.001  0.601  0.012  0.061  0.324        1
591:     0.001  0.987  0.004  0.007  0.001        1
592:     0.027  0.764  0.010  0.037  0.163        1
593:     0.001  0.888  0.001  0.003  0.107        1
594:     0.002  0.278  0.001  0.477  0.242        1
595:     0.002  0.607  0.003  0.169  0.219        1
596:     0.001  0.715  0.001  0.000  0.282        1
597:     0.003  0.893  0.004  0.003  0.098        1
598:     0.050  0.916  0.028  0.002  0.003        1
599:     0.003  0.985  0.009  0.001  0.002        1
600:     0.002  0.966  0.017  0.012  0.002        1
601:     0.001  0.994  0.002  0.002  0.001        1
602:     0.001  0.989  0.006  0.001  0.003        1
603:     0.001  0.993  0.003  0.001  0.001        1
604:     0.001  0.979  0.016  0.002  0.002        1
605:     0.002  0.991  0.004  0.001  0.001        1
606:     0.001  0.996  0.001  0.001  0.001        1
607:     0.002  0.995  0.001  0.001  0.001        1
608:     0.001  0.997  0.001  0.001  0.000        1
609:     0.000  0.994  0.002  0.001  0.003        1
610:     0.002  0.989  0.006  0.000  0.004        1
611:     0.001  0.993  0.004  0.001  0.001        1
612:     0.015  0.962  0.018  0.003  0.002        1
613:     0.002  0.989  0.003  0.005  0.001        1
614:     0.001  0.993  0.003  0.002  0.001        1
615:     0.001  0.994  0.002  0.001  0.002        1
616:     0.001  0.989  0.006  0.003  0.001        1
617:     0.001  0.995  0.001  0.001  0.001        1
618:     0.002  0.980  0.007  0.009  0.002        1
619:     0.002  0.983  0.013  0.001  0.001        1
620:     0.006  0.970  0.001  0.019  0.004        1
621:     0.001  0.992  0.006  0.001  0.001        1
622:     0.027  0.729  0.000  0.002  0.242        1
623:     0.011  0.502  0.004  0.410  0.072        1
624:     0.001  0.397  0.042  0.373  0.187        1
625:     0.013  0.054  0.008  0.014  0.910        1
626:     0.001  0.597  0.010  0.001  0.391        1
627:     0.001  0.376  0.001  0.002  0.620        1
628:     0.001  0.128  0.091  0.001  0.779        1
629:     0.003  0.564  0.001  0.004  0.429        1
630:     0.003  0.308  0.004  0.005  0.680        1
631:     0.005  0.145  0.836  0.001  0.013        1
632:     0.007  0.517  0.458  0.010  0.008        1
633:     0.065  0.099  0.803  0.009  0.023        1
634:     0.001  0.193  0.801  0.002  0.003        1
635:     0.847  0.015  0.120  0.011  0.007        1
636:     0.988  0.002  0.005  0.002  0.004        1
637:     0.983  0.002  0.009  0.002  0.004        1
638:     0.978  0.001  0.010  0.008  0.003        1
639:     0.966  0.004  0.004  0.025  0.001        1
640:     0.996  0.000  0.002  0.001  0.001        1
641:     0.001  0.991  0.004  0.003  0.001        1
642:     0.001  0.960  0.003  0.033  0.003        1
643:     0.003  0.990  0.004  0.003  0.001        1
644:     0.001  0.993  0.004  0.001  0.001        1
645:     0.001  0.990  0.005  0.003  0.001        1
646:     0.002  0.993  0.004  0.001  0.001        1
647:     0.001  0.992  0.004  0.001  0.002        1
648:     0.002  0.988  0.004  0.002  0.004        1
649:     0.001  0.984  0.006  0.009  0.001        1
650:     0.004  0.923  0.009  0.061  0.003        1
651:     0.002  0.985  0.009  0.002  0.001        1
652:     0.003  0.969  0.025  0.003  0.001        1
653:     0.001  0.993  0.004  0.001  0.001        1
654:     0.008  0.980  0.008  0.001  0.002        1
655:     0.002  0.992  0.003  0.002  0.001        1
656:     0.001  0.993  0.001  0.005  0.001        1
657:     0.004  0.951  0.038  0.002  0.005        1
658:     0.029  0.936  0.017  0.005  0.013        1
659:     0.002  0.780  0.007  0.209  0.002        1
660:     0.001  0.963  0.005  0.028  0.003        1
661:     0.001  0.996  0.001  0.002  0.000        1
662:     0.001  0.987  0.003  0.001  0.007        1
663:     0.001  0.976  0.013  0.009  0.000        1
664:     0.018  0.963  0.009  0.007  0.003        1
665:     0.002  0.979  0.007  0.009  0.003        1
666:     0.003  0.985  0.003  0.006  0.003        1
667:     0.030  0.783  0.184  0.001  0.002        1
668:     0.000  0.997  0.002  0.001  0.000        1
669:     0.001  0.998  0.000  0.001  0.001        1
670:     0.003  0.992  0.003  0.001  0.001        1
671:     0.001  0.997  0.001  0.000  0.001        1
672:     0.002  0.994  0.003  0.001  0.000        1
673:     0.008  0.963  0.011  0.012  0.005        1
674:     0.001  0.991  0.005  0.001  0.002        1
675:     0.001  0.994  0.001  0.003  0.001        1
676:     0.003  0.990  0.002  0.004  0.001        1
677:     0.004  0.978  0.003  0.002  0.012        1
678:     0.001  0.955  0.004  0.036  0.003        1
679:     0.001  0.994  0.002  0.002  0.001        1
680:     0.001  0.973  0.004  0.020  0.001        1
681:     0.002  0.993  0.003  0.000  0.002        1
682:     0.001  0.985  0.009  0.003  0.001        1
683:     0.002  0.945  0.038  0.013  0.002        1
684:     0.002  0.968  0.024  0.002  0.005        1
685:     0.003  0.989  0.002  0.001  0.005        1
686:     0.009  0.974  0.004  0.009  0.004        1
687:     0.007  0.970  0.004  0.018  0.002        1
688:     0.025  0.931  0.023  0.019  0.002        1
689:     0.001  0.995  0.003  0.001  0.001        1
690:     0.002  0.970  0.003  0.025  0.001        1
691:     0.007  0.981  0.006  0.001  0.005        1
692:     0.003  0.983  0.011  0.001  0.003        1
693:     0.001  0.993  0.002  0.002  0.001        1
694:     0.001  0.987  0.007  0.001  0.004        1
695:     0.001  0.978  0.015  0.002  0.005        1
696:     0.002  0.940  0.034  0.021  0.002        1
697:     0.005  0.984  0.005  0.004  0.002        1
698:     0.001  0.996  0.001  0.002  0.001        1
699:     0.002  0.987  0.003  0.006  0.001        1
700:     0.001  0.994  0.002  0.002  0.001        1
701:     0.002  0.989  0.002  0.001  0.006        1
702:     0.006  0.961  0.002  0.007  0.024        1
703:     0.001  0.987  0.008  0.001  0.003        1
704:     0.001  0.992  0.004  0.001  0.002        1
705:     0.001  0.991  0.002  0.005  0.001        1
706:     0.003  0.980  0.003  0.013  0.001        1
707:     0.002  0.982  0.002  0.011  0.003        1
708:     0.001  0.986  0.005  0.007  0.001        1
709:     0.006  0.979  0.013  0.001  0.002        1
710:     0.002  0.848  0.047  0.102  0.001        1
711:     0.002  0.989  0.007  0.001  0.002        1
712:     0.001  0.997  0.001  0.000  0.001        1
713:     0.001  0.992  0.001  0.004  0.002        1
714:     0.987  0.005  0.006  0.001  0.001        1
715:     0.987  0.002  0.006  0.003  0.002        1
716:     0.988  0.002  0.002  0.004  0.003        1
717:     0.972  0.003  0.008  0.009  0.008        1
718:     0.963  0.020  0.006  0.009  0.002        1
719:     0.995  0.001  0.002  0.001  0.001        1
720:     0.996  0.001  0.001  0.001  0.001        1
721:     0.985  0.001  0.005  0.002  0.006        1
722:     0.967  0.004  0.012  0.012  0.005        1
723:     0.991  0.002  0.001  0.001  0.005        1
724:     0.990  0.001  0.003  0.002  0.004        1
725:     0.979  0.008  0.008  0.003  0.001        1
726:     0.992  0.001  0.003  0.001  0.003        1
727:     0.980  0.009  0.002  0.007  0.002        1
728:     0.989  0.002  0.004  0.004  0.002        1
729:     0.912  0.008  0.009  0.063  0.008        1
730:     0.979  0.005  0.002  0.004  0.010        1
731:     0.962  0.014  0.019  0.001  0.003        1
732:     0.994  0.001  0.002  0.003  0.001        1
733:     0.988  0.001  0.004  0.002  0.005        1
734:     0.996  0.001  0.000  0.001  0.001        1
735:     0.980  0.014  0.004  0.001  0.002        1
736:     0.993  0.002  0.002  0.001  0.001        1
737:     0.995  0.001  0.001  0.002  0.002        1
738:     0.943  0.010  0.018  0.000  0.029        1
739:     0.979  0.010  0.006  0.003  0.002        1
740:     0.987  0.008  0.001  0.002  0.001        1
741:     0.987  0.002  0.007  0.002  0.001        1
742:     0.943  0.004  0.011  0.029  0.012        1
743:     0.992  0.004  0.001  0.002  0.001        1
744:     0.943  0.002  0.047  0.003  0.005        1
745:     0.935  0.010  0.048  0.001  0.006        1
746:     0.972  0.020  0.003  0.001  0.004        1
747:     0.984  0.003  0.007  0.001  0.005        1
748:     0.894  0.010  0.091  0.002  0.003        1
749:     0.989  0.004  0.003  0.003  0.001        1
750:     0.966  0.009  0.016  0.007  0.002        1
751:     0.959  0.005  0.030  0.003  0.003        1
752:     0.979  0.004  0.003  0.010  0.004        1
753:     0.970  0.015  0.007  0.003  0.004        1
