

----------------------------------------------------
STRUCTURE by Pritchard, Stephens and Donnelly (2000)
     and Falush, Stephens and Pritchard (2003)
       Code by Pritchard, Falush and Hubisz
             Version 2.3.4 (Jul 2012)
----------------------------------------------------



Command line arguments:   structure -K 5 -L 574 -N 2600 -i ./TEST.recode.strct_in -D 61725 -o ./TEST_structureOUT/K5_5 
Input File:    ./TEST.recode.strct_in

Run parameters:
   2600 individuals
   574 loci
   5 populations assumed
   1000 Burn-in period
   3000 Reps


--------------------------------------------
Proportion of membership of each pre-defined
 population in each of the 5 clusters

Given    Inferred Clusters                     Number of
 Pop       1      2      3      4      5      Individuals

  1:     0.992  0.002  0.003  0.001  0.002        1
  2:     0.956  0.003  0.004  0.002  0.035        1
  3:     0.992  0.002  0.001  0.002  0.003        1
  4:     0.982  0.008  0.006  0.002  0.002        1
  5:     0.977  0.006  0.012  0.002  0.002        1
  6:     0.948  0.010  0.008  0.008  0.026        1
  7:     0.990  0.002  0.004  0.002  0.002        1
  8:     0.992  0.002  0.000  0.003  0.003        1
  9:     0.994  0.001  0.001  0.002  0.001        1
 10:     0.976  0.004  0.006  0.006  0.008        1
 11:     0.965  0.022  0.003  0.003  0.007        1
 12:     0.984  0.006  0.001  0.001  0.008        1
 13:     0.969  0.020  0.009  0.002  0.001        1
 14:     0.993  0.001  0.005  0.001  0.001        1
 15:     0.971  0.004  0.020  0.002  0.002        1
 16:     0.993  0.001  0.002  0.001  0.004        1
 17:     0.939  0.045  0.006  0.007  0.003        1
 18:     0.990  0.002  0.002  0.001  0.005        1
 19:     0.985  0.006  0.005  0.002  0.003        1
 20:     0.984  0.004  0.004  0.007  0.001        1
 21:     0.979  0.003  0.002  0.011  0.004        1
 22:     0.973  0.016  0.004  0.004  0.003        1
 23:     0.989  0.003  0.001  0.004  0.003        1
 24:     0.967  0.009  0.017  0.003  0.003        1
 25:     0.977  0.006  0.003  0.000  0.014        1
 26:     0.996  0.001  0.001  0.002  0.001        1
 27:     0.995  0.003  0.001  0.001  0.001        1
 28:     0.964  0.021  0.008  0.006  0.001        1
 29:     0.963  0.025  0.004  0.003  0.005        1
 30:     0.938  0.016  0.006  0.032  0.009        1
 31:     0.992  0.001  0.001  0.001  0.004        1
 32:     0.984  0.005  0.008  0.001  0.001        1
 33:     0.981  0.010  0.003  0.005  0.001        1
 34:     0.988  0.004  0.001  0.005  0.002        1
 35:     0.982  0.004  0.006  0.003  0.005        1
 36:     0.956  0.012  0.008  0.020  0.004        1
 37:     0.990  0.001  0.002  0.001  0.006        1
 38:     0.988  0.003  0.002  0.002  0.004        1
 39:     0.996  0.001  0.000  0.001  0.002        1
 40:     0.994  0.003  0.001  0.001  0.001        1
 41:     0.967  0.008  0.012  0.011  0.002        1
 42:     0.839  0.010  0.113  0.003  0.035        1
 43:     0.855  0.088  0.005  0.043  0.009        1
 44:     0.920  0.008  0.013  0.049  0.009        1
 45:     0.992  0.002  0.001  0.001  0.005        1
 46:     0.985  0.003  0.010  0.001  0.002        1
 47:     0.979  0.015  0.002  0.001  0.003        1
 48:     0.907  0.003  0.002  0.084  0.004        1
 49:     0.988  0.001  0.007  0.002  0.002        1
 50:     0.990  0.004  0.001  0.002  0.004        1
 51:     0.967  0.011  0.019  0.001  0.002        1
 52:     0.992  0.002  0.002  0.003  0.002        1
 53:     0.943  0.001  0.005  0.002  0.049        1
 54:     0.975  0.002  0.006  0.003  0.013        1
 55:     0.989  0.006  0.003  0.001  0.002        1
 56:     0.985  0.003  0.005  0.001  0.005        1
 57:     0.989  0.006  0.002  0.001  0.001        1
 58:     0.993  0.002  0.000  0.001  0.004        1
 59:     0.990  0.002  0.001  0.004  0.003        1
 60:     0.954  0.006  0.005  0.034  0.001        1
 61:     0.948  0.005  0.003  0.043  0.001        1
 62:     0.982  0.001  0.004  0.001  0.012        1
 63:     0.987  0.002  0.002  0.007  0.002        1
 64:     0.992  0.001  0.001  0.005  0.001        1
 65:     0.991  0.002  0.002  0.003  0.003        1
 66:     0.905  0.043  0.033  0.004  0.015        1
 67:     0.986  0.003  0.002  0.002  0.006        1
 68:     0.994  0.001  0.002  0.002  0.001        1
 69:     0.976  0.003  0.001  0.001  0.019        1
 70:     0.985  0.006  0.002  0.003  0.003        1
 71:     0.896  0.005  0.013  0.001  0.085        1
 72:     0.984  0.004  0.005  0.001  0.006        1
 73:     0.958  0.009  0.005  0.005  0.023        1
 74:     0.854  0.009  0.004  0.018  0.115        1
 75:     0.992  0.004  0.002  0.000  0.001        1
 76:     0.941  0.006  0.032  0.009  0.013        1
 77:     0.978  0.003  0.002  0.004  0.014        1
 78:     0.976  0.004  0.004  0.004  0.012        1
 79:     0.922  0.034  0.011  0.026  0.008        1
 80:     0.972  0.008  0.016  0.002  0.002        1
 81:     0.993  0.002  0.002  0.002  0.001        1
 82:     0.931  0.049  0.016  0.001  0.003        1
 83:     0.982  0.004  0.003  0.003  0.007        1
 84:     0.959  0.021  0.009  0.006  0.006        1
 85:     0.994  0.002  0.001  0.001  0.001        1
 86:     0.965  0.015  0.008  0.009  0.002        1
 87:     0.995  0.002  0.001  0.000  0.001        1
 88:     0.961  0.014  0.014  0.009  0.002        1
 89:     0.977  0.014  0.002  0.003  0.005        1
 90:     0.972  0.002  0.005  0.002  0.018        1
 91:     0.783  0.208  0.006  0.003  0.001        1
 92:     0.991  0.001  0.001  0.006  0.001        1
 93:     0.986  0.003  0.002  0.007  0.001        1
 94:     0.991  0.003  0.002  0.002  0.003        1
 95:     0.982  0.003  0.003  0.006  0.006        1
 96:     0.975  0.002  0.007  0.001  0.016        1
 97:     0.007  0.004  0.988  0.001  0.001        1
 98:     0.001  0.002  0.988  0.003  0.006        1
 99:     0.003  0.004  0.988  0.004  0.001        1
100:     0.010  0.004  0.982  0.002  0.001        1
101:     0.002  0.007  0.988  0.001  0.002        1
102:     0.001  0.001  0.996  0.002  0.001        1
103:     0.001  0.002  0.994  0.002  0.001        1
104:     0.003  0.004  0.991  0.001  0.001        1
105:     0.002  0.003  0.993  0.002  0.001        1
106:     0.001  0.006  0.942  0.005  0.046        1
107:     0.002  0.004  0.982  0.004  0.007        1
108:     0.002  0.002  0.993  0.001  0.001        1
109:     0.001  0.005  0.983  0.010  0.002        1
110:     0.002  0.009  0.984  0.003  0.002        1
111:     0.003  0.005  0.986  0.001  0.005        1
112:     0.001  0.005  0.958  0.034  0.002        1
113:     0.002  0.016  0.972  0.000  0.010        1
114:     0.001  0.001  0.996  0.001  0.002        1
115:     0.001  0.010  0.972  0.014  0.002        1
116:     0.001  0.007  0.988  0.003  0.001        1
117:     0.005  0.006  0.986  0.001  0.002        1
118:     0.001  0.015  0.981  0.003  0.001        1
119:     0.006  0.002  0.978  0.013  0.001        1
120:     0.004  0.003  0.987  0.005  0.002        1
121:     0.001  0.000  0.995  0.002  0.002        1
122:     0.000  0.001  0.995  0.002  0.001        1
123:     0.002  0.001  0.994  0.001  0.001        1
124:     0.001  0.000  0.995  0.000  0.003        1
125:     0.005  0.013  0.976  0.003  0.002        1
126:     0.002  0.004  0.991  0.001  0.002        1
127:     0.001  0.002  0.995  0.001  0.002        1
128:     0.003  0.001  0.991  0.001  0.003        1
129:     0.002  0.000  0.994  0.002  0.001        1
130:     0.004  0.001  0.982  0.010  0.003        1
131:     0.001  0.004  0.984  0.002  0.009        1
132:     0.005  0.022  0.957  0.013  0.003        1
133:     0.002  0.002  0.990  0.003  0.003        1
134:     0.002  0.006  0.974  0.016  0.003        1
135:     0.009  0.028  0.953  0.008  0.001        1
136:     0.018  0.003  0.975  0.001  0.004        1
137:     0.002  0.004  0.989  0.001  0.005        1
138:     0.000  0.001  0.996  0.002  0.001        1
139:     0.001  0.001  0.995  0.002  0.001        1
140:     0.001  0.001  0.992  0.005  0.001        1
141:     0.002  0.004  0.993  0.001  0.000        1
142:     0.002  0.001  0.996  0.000  0.002        1
143:     0.001  0.003  0.989  0.004  0.003        1
144:     0.001  0.001  0.996  0.002  0.000        1
145:     0.003  0.018  0.976  0.002  0.002        1
146:     0.000  0.001  0.995  0.002  0.001        1
147:     0.000  0.001  0.995  0.003  0.002        1
148:     0.001  0.048  0.948  0.003  0.001        1
149:     0.011  0.008  0.959  0.003  0.019        1
150:     0.002  0.012  0.967  0.010  0.009        1
151:     0.002  0.002  0.993  0.001  0.002        1
152:     0.003  0.005  0.978  0.007  0.007        1
153:     0.044  0.032  0.920  0.001  0.003        1
154:     0.009  0.029  0.928  0.005  0.029        1
155:     0.005  0.020  0.935  0.001  0.038        1
156:     0.002  0.030  0.962  0.002  0.004        1
157:     0.003  0.082  0.889  0.004  0.022        1
158:     0.025  0.082  0.879  0.002  0.012        1
159:     0.004  0.025  0.966  0.002  0.003        1
160:     0.002  0.016  0.959  0.021  0.002        1
161:     0.003  0.021  0.961  0.003  0.012        1
162:     0.002  0.006  0.985  0.003  0.003        1
163:     0.005  0.007  0.965  0.012  0.011        1
164:     0.007  0.004  0.987  0.001  0.002        1
165:     0.002  0.000  0.873  0.001  0.124        1
166:     0.019  0.013  0.959  0.006  0.003        1
167:     0.001  0.004  0.993  0.001  0.001        1
168:     0.002  0.010  0.978  0.002  0.009        1
169:     0.002  0.002  0.994  0.001  0.001        1
170:     0.009  0.006  0.981  0.001  0.003        1
171:     0.005  0.012  0.969  0.001  0.014        1
172:     0.007  0.028  0.952  0.002  0.011        1
173:     0.007  0.037  0.948  0.003  0.005        1
174:     0.001  0.003  0.994  0.001  0.002        1
175:     0.002  0.001  0.996  0.001  0.000        1
176:     0.000  0.007  0.989  0.001  0.002        1
177:     0.001  0.002  0.991  0.004  0.002        1
178:     0.002  0.001  0.994  0.003  0.001        1
179:     0.003  0.089  0.905  0.001  0.002        1
180:     0.002  0.001  0.995  0.001  0.001        1
181:     0.001  0.003  0.994  0.001  0.001        1
182:     0.004  0.010  0.982  0.002  0.002        1
183:     0.015  0.023  0.945  0.001  0.016        1
184:     0.003  0.011  0.981  0.002  0.004        1
185:     0.001  0.003  0.987  0.005  0.004        1
186:     0.000  0.002  0.997  0.000  0.001        1
187:     0.001  0.001  0.995  0.002  0.002        1
188:     0.001  0.002  0.996  0.001  0.000        1
189:     0.001  0.002  0.993  0.002  0.001        1
190:     0.001  0.001  0.993  0.001  0.004        1
191:     0.008  0.007  0.977  0.001  0.006        1
192:     0.002  0.044  0.941  0.002  0.012        1
193:     0.002  0.004  0.979  0.002  0.013        1
194:     0.006  0.010  0.980  0.002  0.002        1
195:     0.001  0.001  0.994  0.000  0.003        1
196:     0.001  0.001  0.990  0.001  0.006        1
197:     0.003  0.011  0.978  0.004  0.004        1
198:     0.001  0.002  0.994  0.002  0.001        1
199:     0.009  0.004  0.973  0.002  0.011        1
200:     0.197  0.002  0.796  0.001  0.004        1
201:     0.070  0.003  0.914  0.002  0.011        1
202:     0.001  0.001  0.992  0.001  0.006        1
203:     0.010  0.002  0.982  0.003  0.004        1
204:     0.067  0.006  0.912  0.003  0.011        1
205:     0.099  0.003  0.874  0.001  0.023        1
206:     0.115  0.003  0.853  0.001  0.028        1
207:     0.019  0.035  0.883  0.004  0.058        1
208:     0.017  0.016  0.965  0.001  0.001        1
209:     0.005  0.472  0.521  0.001  0.002        1
210:     0.001  0.004  0.990  0.000  0.004        1
211:     0.039  0.033  0.908  0.002  0.017        1
212:     0.146  0.003  0.839  0.003  0.009        1
213:     0.002  0.007  0.896  0.008  0.087        1
214:     0.038  0.013  0.913  0.001  0.035        1
215:     0.009  0.011  0.974  0.003  0.002        1
216:     0.003  0.011  0.980  0.003  0.004        1
217:     0.013  0.041  0.859  0.005  0.082        1
218:     0.009  0.029  0.957  0.001  0.005        1
219:     0.005  0.004  0.799  0.011  0.180        1
220:     0.002  0.001  0.994  0.001  0.002        1
221:     0.004  0.007  0.973  0.006  0.010        1
222:     0.004  0.025  0.953  0.009  0.009        1
223:     0.027  0.056  0.856  0.000  0.060        1
224:     0.008  0.012  0.973  0.003  0.004        1
225:     0.002  0.001  0.994  0.001  0.002        1
226:     0.227  0.064  0.701  0.001  0.006        1
227:     0.001  0.001  0.996  0.002  0.000        1
228:     0.020  0.008  0.968  0.000  0.003        1
229:     0.137  0.211  0.638  0.004  0.010        1
230:     0.057  0.026  0.801  0.004  0.112        1
231:     0.008  0.037  0.926  0.003  0.026        1
232:     0.011  0.005  0.965  0.002  0.016        1
233:     0.002  0.005  0.988  0.001  0.004        1
234:     0.006  0.011  0.872  0.003  0.109        1
235:     0.006  0.004  0.935  0.006  0.049        1
236:     0.006  0.012  0.974  0.001  0.007        1
237:     0.080  0.121  0.788  0.001  0.010        1
238:     0.014  0.032  0.951  0.001  0.002        1
239:     0.016  0.026  0.901  0.001  0.055        1
240:     0.005  0.004  0.963  0.002  0.025        1
241:     0.003  0.005  0.986  0.003  0.003        1
242:     0.018  0.006  0.950  0.005  0.022        1
243:     0.001  0.010  0.985  0.001  0.003        1
244:     0.062  0.018  0.899  0.006  0.015        1
245:     0.012  0.001  0.977  0.009  0.001        1
246:     0.006  0.004  0.988  0.002  0.001        1
247:     0.023  0.036  0.923  0.004  0.014        1
248:     0.021  0.140  0.837  0.001  0.000        1
249:     0.005  0.016  0.966  0.003  0.010        1
250:     0.031  0.016  0.945  0.003  0.006        1
251:     0.006  0.009  0.978  0.002  0.006        1
252:     0.002  0.007  0.987  0.001  0.002        1
253:     0.017  0.026  0.932  0.001  0.023        1
254:     0.000  0.005  0.992  0.000  0.002        1
255:     0.048  0.358  0.586  0.003  0.005        1
256:     0.019  0.020  0.947  0.011  0.003        1
257:     0.010  0.003  0.984  0.002  0.001        1
258:     0.007  0.002  0.989  0.002  0.001        1
259:     0.006  0.007  0.983  0.001  0.002        1
260:     0.006  0.018  0.964  0.010  0.002        1
261:     0.015  0.005  0.830  0.015  0.134        1
262:     0.025  0.051  0.901  0.003  0.020        1
263:     0.017  0.151  0.826  0.005  0.001        1
264:     0.007  0.007  0.969  0.001  0.015        1
265:     0.001  0.050  0.905  0.003  0.039        1
266:     0.017  0.011  0.937  0.032  0.004        1
267:     0.003  0.000  0.985  0.003  0.009        1
268:     0.057  0.042  0.893  0.001  0.007        1
269:     0.001  0.001  0.997  0.001  0.001        1
270:     0.002  0.013  0.967  0.007  0.010        1
271:     0.149  0.003  0.845  0.000  0.003        1
272:     0.007  0.015  0.972  0.001  0.005        1
273:     0.006  0.013  0.971  0.003  0.007        1
274:     0.005  0.023  0.970  0.002  0.001        1
275:     0.028  0.008  0.908  0.002  0.053        1
276:     0.006  0.023  0.947  0.020  0.004        1
277:     0.156  0.005  0.832  0.005  0.001        1
278:     0.003  0.011  0.963  0.000  0.023        1
279:     0.031  0.003  0.943  0.001  0.022        1
280:     0.014  0.002  0.977  0.003  0.004        1
281:     0.001  0.007  0.989  0.002  0.002        1
282:     0.991  0.001  0.003  0.002  0.003        1
283:     0.996  0.001  0.001  0.002  0.000        1
284:     0.946  0.004  0.006  0.001  0.043        1
285:     0.980  0.010  0.004  0.002  0.004        1
286:     0.990  0.003  0.001  0.005  0.001        1
287:     0.833  0.002  0.004  0.002  0.158        1
288:     0.969  0.008  0.010  0.001  0.012        1
289:     0.996  0.001  0.001  0.001  0.001        1
290:     0.842  0.007  0.003  0.001  0.147        1
291:     0.994  0.001  0.001  0.002  0.002        1
292:     0.947  0.007  0.004  0.001  0.041        1
293:     0.979  0.007  0.004  0.004  0.006        1
294:     0.991  0.002  0.003  0.001  0.003        1
295:     0.990  0.002  0.002  0.001  0.005        1
296:     0.989  0.000  0.001  0.003  0.007        1
297:     0.992  0.002  0.001  0.001  0.004        1
298:     0.992  0.001  0.002  0.002  0.003        1
299:     0.977  0.002  0.004  0.002  0.016        1
300:     0.979  0.009  0.004  0.002  0.006        1
301:     0.990  0.007  0.000  0.001  0.002        1
302:     0.984  0.003  0.002  0.008  0.002        1
303:     0.974  0.010  0.008  0.001  0.007        1
304:     0.981  0.003  0.005  0.010  0.001        1
305:     0.965  0.029  0.003  0.001  0.003        1
306:     0.987  0.004  0.002  0.003  0.003        1
307:     0.986  0.006  0.005  0.002  0.001        1
308:     0.954  0.009  0.029  0.004  0.004        1
309:     0.989  0.004  0.004  0.001  0.002        1
310:     0.977  0.005  0.007  0.010  0.002        1
311:     0.991  0.002  0.002  0.004  0.001        1
312:     0.989  0.005  0.002  0.001  0.003        1
313:     0.917  0.052  0.020  0.002  0.008        1
314:     0.956  0.005  0.001  0.009  0.030        1
315:     0.990  0.001  0.002  0.006  0.001        1
316:     0.954  0.012  0.016  0.018  0.000        1
317:     0.991  0.001  0.006  0.001  0.001        1
318:     0.970  0.003  0.010  0.001  0.016        1
319:     0.940  0.023  0.021  0.002  0.014        1
320:     0.939  0.004  0.002  0.020  0.036        1
321:     0.995  0.001  0.002  0.001  0.002        1
322:     0.994  0.002  0.001  0.001  0.002        1
323:     0.971  0.007  0.002  0.002  0.017        1
324:     0.003  0.004  0.956  0.017  0.020        1
325:     0.001  0.230  0.410  0.354  0.006        1
326:     0.000  0.006  0.985  0.004  0.006        1
327:     0.974  0.003  0.006  0.011  0.006        1
328:     0.993  0.001  0.003  0.001  0.002        1
329:     0.987  0.001  0.007  0.001  0.003        1
330:     0.985  0.004  0.001  0.002  0.007        1
331:     0.948  0.005  0.002  0.001  0.044        1
332:     0.992  0.004  0.003  0.000  0.001        1
333:     0.990  0.002  0.001  0.002  0.006        1
334:     0.956  0.030  0.009  0.003  0.002        1
335:     0.994  0.001  0.002  0.002  0.001        1
336:     0.992  0.002  0.005  0.001  0.001        1
337:     0.945  0.007  0.006  0.001  0.041        1
338:     0.963  0.023  0.006  0.007  0.001        1
339:     0.992  0.002  0.003  0.001  0.002        1
340:     0.978  0.006  0.005  0.001  0.011        1
341:     0.995  0.001  0.001  0.001  0.003        1
342:     0.993  0.001  0.004  0.002  0.000        1
343:     0.991  0.004  0.003  0.001  0.001        1
344:     0.985  0.001  0.004  0.002  0.008        1
345:     0.990  0.005  0.001  0.002  0.002        1
346:     0.995  0.002  0.001  0.002  0.000        1
347:     0.969  0.004  0.001  0.005  0.021        1
348:     0.988  0.001  0.005  0.002  0.005        1
349:     0.988  0.004  0.002  0.003  0.004        1
350:     0.983  0.008  0.001  0.003  0.006        1
351:     0.997  0.000  0.000  0.001  0.001        1
352:     0.978  0.002  0.003  0.003  0.015        1
353:     0.966  0.012  0.016  0.005  0.001        1
354:     0.977  0.001  0.004  0.002  0.016        1
355:     0.938  0.002  0.002  0.012  0.046        1
356:     0.979  0.006  0.011  0.002  0.002        1
357:     0.990  0.002  0.003  0.003  0.003        1
358:     0.928  0.005  0.007  0.002  0.058        1
359:     0.975  0.002  0.005  0.003  0.015        1
360:     0.988  0.002  0.001  0.002  0.007        1
361:     0.807  0.002  0.002  0.005  0.184        1
362:     0.001  0.285  0.541  0.129  0.045        1
363:     0.003  0.037  0.521  0.009  0.430        1
364:     0.029  0.046  0.904  0.006  0.014        1
365:     0.057  0.002  0.772  0.027  0.142        1
366:     0.979  0.007  0.002  0.001  0.011        1
367:     0.926  0.039  0.003  0.004  0.027        1
368:     0.986  0.009  0.004  0.000  0.000        1
369:     0.970  0.002  0.011  0.004  0.012        1
370:     0.993  0.002  0.000  0.001  0.004        1
371:     0.963  0.001  0.008  0.022  0.006        1
372:     0.995  0.001  0.001  0.002  0.002        1
373:     0.991  0.001  0.005  0.001  0.003        1
374:     0.992  0.002  0.002  0.001  0.004        1
375:     0.980  0.003  0.003  0.004  0.010        1
376:     0.957  0.033  0.003  0.002  0.005        1
377:     0.997  0.001  0.000  0.001  0.001        1
378:     0.988  0.005  0.004  0.001  0.002        1
379:     0.982  0.007  0.001  0.007  0.003        1
380:     0.992  0.002  0.002  0.002  0.002        1
381:     0.953  0.015  0.005  0.027  0.001        1
382:     0.989  0.002  0.001  0.002  0.005        1
383:     0.993  0.001  0.001  0.001  0.003        1
384:     0.944  0.005  0.004  0.009  0.039        1
385:     0.960  0.007  0.003  0.028  0.001        1
386:     0.986  0.003  0.005  0.001  0.005        1
387:     0.964  0.007  0.004  0.002  0.023        1
388:     0.974  0.009  0.002  0.007  0.008        1
389:     0.985  0.004  0.001  0.002  0.007        1
390:     0.983  0.001  0.011  0.002  0.004        1
391:     0.992  0.001  0.002  0.003  0.002        1
392:     0.997  0.001  0.001  0.001  0.001        1
393:     0.995  0.001  0.002  0.000  0.001        1
394:     0.035  0.047  0.887  0.029  0.003        1
395:     0.024  0.018  0.807  0.010  0.141        1
396:     0.014  0.047  0.765  0.151  0.023        1
397:     0.020  0.022  0.944  0.002  0.012        1
398:     0.002  0.002  0.982  0.006  0.007        1
399:     0.003  0.007  0.980  0.008  0.001        1
400:     0.002  0.007  0.724  0.028  0.239        1
401:     0.015  0.002  0.967  0.014  0.002        1
402:     0.002  0.060  0.749  0.000  0.189        1
403:     0.984  0.005  0.008  0.001  0.002        1
404:     0.920  0.052  0.014  0.013  0.001        1
405:     0.986  0.003  0.002  0.002  0.006        1
406:     0.993  0.001  0.002  0.001  0.004        1
407:     0.996  0.001  0.000  0.001  0.001        1
408:     0.932  0.003  0.005  0.058  0.002        1
409:     0.991  0.004  0.001  0.001  0.002        1
410:     0.992  0.001  0.001  0.001  0.005        1
411:     0.982  0.003  0.003  0.009  0.003        1
412:     0.966  0.003  0.003  0.006  0.023        1
413:     0.990  0.001  0.001  0.001  0.007        1
414:     0.991  0.005  0.001  0.001  0.002        1
415:     0.984  0.004  0.005  0.002  0.006        1
416:     0.994  0.001  0.001  0.001  0.004        1
417:     0.921  0.063  0.007  0.002  0.007        1
418:     0.001  0.013  0.977  0.006  0.003        1
419:     0.010  0.019  0.476  0.005  0.490        1
420:     0.002  0.003  0.490  0.424  0.080        1
421:     0.005  0.029  0.821  0.100  0.044        1
422:     0.003  0.001  0.759  0.171  0.066        1
423:     0.002  0.001  0.623  0.004  0.369        1
424:     0.004  0.002  0.781  0.186  0.028        1
425:     0.003  0.001  0.650  0.001  0.346        1
426:     0.008  0.003  0.843  0.005  0.140        1
427:     0.003  0.008  0.982  0.006  0.002        1
428:     0.002  0.003  0.739  0.253  0.002        1
429:     0.061  0.017  0.804  0.001  0.116        1
430:     0.071  0.001  0.784  0.009  0.135        1
431:     0.001  0.003  0.995  0.001  0.000        1
432:     0.002  0.015  0.919  0.057  0.007        1
433:     0.182  0.060  0.754  0.003  0.001        1
434:     0.001  0.011  0.658  0.003  0.328        1
435:     0.002  0.073  0.411  0.053  0.460        1
436:     0.008  0.006  0.946  0.002  0.039        1
437:     0.007  0.003  0.984  0.005  0.001        1
438:     0.001  0.017  0.974  0.002  0.005        1
439:     0.043  0.009  0.744  0.001  0.203        1
440:     0.003  0.256  0.013  0.006  0.722        1
441:     0.001  0.002  0.782  0.210  0.005        1
442:     0.000  0.002  0.788  0.003  0.207        1
443:     0.027  0.005  0.748  0.007  0.213        1
444:     0.005  0.003  0.884  0.104  0.004        1
445:     0.002  0.002  0.991  0.003  0.001        1
446:     0.005  0.002  0.908  0.076  0.009        1
447:     0.001  0.050  0.729  0.001  0.220        1
448:     0.003  0.002  0.884  0.110  0.001        1
449:     0.089  0.002  0.894  0.003  0.011        1
450:     0.001  0.014  0.749  0.020  0.216        1
451:     0.010  0.009  0.599  0.280  0.103        1
452:     0.002  0.005  0.362  0.630  0.001        1
453:     0.006  0.022  0.951  0.003  0.018        1
454:     0.008  0.080  0.893  0.016  0.003        1
455:     0.006  0.002  0.954  0.033  0.004        1
456:     0.015  0.063  0.190  0.729  0.002        1
457:     0.008  0.009  0.638  0.003  0.341        1
458:     0.009  0.004  0.683  0.008  0.295        1
459:     0.002  0.000  0.995  0.002  0.001        1
460:     0.005  0.002  0.603  0.084  0.306        1
461:     0.000  0.001  0.531  0.003  0.465        1
462:     0.001  0.000  0.392  0.000  0.606        1
463:     0.011  0.012  0.493  0.111  0.373        1
464:     0.010  0.014  0.930  0.002  0.045        1
465:     0.002  0.001  0.886  0.014  0.096        1
466:     0.011  0.183  0.707  0.004  0.096        1
467:     0.002  0.002  0.631  0.215  0.151        1
468:     0.001  0.000  0.286  0.000  0.713        1
469:     0.005  0.029  0.962  0.001  0.003        1
470:     0.010  0.002  0.311  0.392  0.284        1
471:     0.001  0.003  0.531  0.002  0.463        1
472:     0.022  0.011  0.841  0.023  0.104        1
473:     0.005  0.001  0.615  0.001  0.379        1
474:     0.010  0.019  0.645  0.181  0.145        1
475:     0.001  0.010  0.924  0.002  0.064        1
476:     0.001  0.039  0.471  0.162  0.328        1
477:     0.000  0.012  0.783  0.002  0.202        1
478:     0.001  0.001  0.766  0.002  0.231        1
479:     0.009  0.002  0.798  0.006  0.185        1
480:     0.001  0.001  0.805  0.192  0.001        1
481:     0.013  0.166  0.804  0.014  0.003        1
482:     0.079  0.011  0.702  0.100  0.109        1
483:     0.019  0.060  0.563  0.020  0.338        1
484:     0.001  0.001  0.981  0.015  0.002        1
485:     0.008  0.007  0.946  0.039  0.000        1
486:     0.010  0.029  0.727  0.022  0.212        1
487:     0.003  0.011  0.958  0.025  0.003        1
488:     0.004  0.013  0.849  0.133  0.001        1
489:     0.001  0.003  0.960  0.027  0.008        1
490:     0.002  0.207  0.304  0.003  0.485        1
491:     0.005  0.002  0.733  0.254  0.006        1
492:     0.001  0.001  0.868  0.128  0.003        1
493:     0.226  0.001  0.304  0.061  0.409        1
494:     0.002  0.006  0.607  0.006  0.379        1
495:     0.003  0.002  0.765  0.214  0.016        1
496:     0.002  0.000  0.798  0.007  0.193        1
497:     0.004  0.001  0.791  0.021  0.183        1
498:     0.003  0.013  0.913  0.008  0.062        1
499:     0.010  0.038  0.472  0.477  0.003        1
500:     0.002  0.019  0.120  0.858  0.001        1
501:     0.001  0.004  0.538  0.328  0.128        1
502:     0.015  0.005  0.970  0.005  0.004        1
503:     0.001  0.002  0.781  0.002  0.213        1
504:     0.002  0.002  0.543  0.000  0.453        1
505:     0.002  0.002  0.993  0.001  0.003        1
506:     0.000  0.024  0.579  0.014  0.383        1
507:     0.005  0.037  0.591  0.038  0.329        1
508:     0.001  0.004  0.731  0.054  0.209        1
509:     0.004  0.015  0.975  0.002  0.004        1
510:     0.011  0.001  0.219  0.162  0.606        1
511:     0.001  0.002  0.656  0.002  0.339        1
512:     0.043  0.027  0.912  0.002  0.016        1
513:     0.001  0.006  0.220  0.330  0.443        1
514:     0.005  0.008  0.981  0.003  0.004        1
515:     0.003  0.001  0.649  0.112  0.234        1
516:     0.002  0.005  0.982  0.010  0.001        1
517:     0.001  0.002  0.845  0.002  0.149        1
518:     0.006  0.029  0.947  0.004  0.014        1
519:     0.001  0.000  0.618  0.378  0.002        1
520:     0.005  0.007  0.881  0.093  0.013        1
521:     0.001  0.001  0.948  0.049  0.001        1
522:     0.022  0.002  0.654  0.320  0.003        1
523:     0.006  0.002  0.703  0.271  0.019        1
524:     0.017  0.007  0.937  0.010  0.029        1
525:     0.001  0.024  0.812  0.003  0.159        1
526:     0.004  0.002  0.736  0.003  0.256        1
527:     0.008  0.057  0.705  0.211  0.020        1
528:     0.000  0.003  0.898  0.079  0.020        1
529:     0.003  0.027  0.967  0.002  0.002        1
530:     0.019  0.022  0.051  0.016  0.892        1
531:     0.004  0.007  0.283  0.316  0.390        1
532:     0.001  0.005  0.693  0.002  0.299        1
533:     0.006  0.001  0.549  0.005  0.439        1
534:     0.009  0.098  0.152  0.009  0.732        1
535:     0.004  0.001  0.707  0.007  0.281        1
536:     0.004  0.001  0.753  0.001  0.241        1
537:     0.005  0.010  0.624  0.002  0.360        1
538:     0.002  0.081  0.519  0.007  0.391        1
539:     0.000  0.002  0.502  0.016  0.481        1
540:     0.003  0.000  0.682  0.004  0.312        1
541:     0.003  0.022  0.903  0.049  0.024        1
542:     0.002  0.001  0.453  0.001  0.544        1
543:     0.002  0.003  0.612  0.003  0.381        1
544:     0.002  0.001  0.227  0.269  0.501        1
545:     0.017  0.100  0.427  0.008  0.448        1
546:     0.003  0.003  0.685  0.077  0.233        1
547:     0.003  0.043  0.115  0.023  0.816        1
548:     0.013  0.003  0.614  0.051  0.319        1
549:     0.001  0.000  0.483  0.001  0.515        1
550:     0.001  0.007  0.476  0.018  0.498        1
551:     0.004  0.002  0.523  0.002  0.470        1
552:     0.001  0.279  0.626  0.001  0.092        1
553:     0.002  0.043  0.658  0.002  0.294        1
554:     0.001  0.003  0.764  0.039  0.193        1
555:     0.001  0.057  0.930  0.000  0.012        1
556:     0.001  0.002  0.294  0.440  0.263        1
557:     0.001  0.047  0.552  0.395  0.005        1
558:     0.018  0.007  0.910  0.055  0.010        1
559:     0.140  0.046  0.808  0.001  0.005        1
560:     0.000  0.002  0.568  0.239  0.190        1
561:     0.005  0.014  0.797  0.008  0.176        1
562:     0.005  0.005  0.530  0.277  0.183        1
563:     0.004  0.000  0.424  0.244  0.328        1
564:     0.016  0.062  0.864  0.047  0.012        1
565:     0.008  0.011  0.897  0.077  0.007        1
566:     0.041  0.024  0.526  0.020  0.389        1
567:     0.076  0.003  0.445  0.176  0.300        1
568:     0.003  0.001  0.791  0.184  0.021        1
569:     0.006  0.008  0.770  0.001  0.215        1
570:     0.011  0.006  0.519  0.017  0.447        1
571:     0.001  0.002  0.988  0.008  0.001        1
572:     0.001  0.001  0.996  0.001  0.001        1
573:     0.007  0.004  0.764  0.093  0.133        1
574:     0.096  0.001  0.492  0.002  0.409        1
575:     0.001  0.010  0.131  0.006  0.853        1
576:     0.013  0.089  0.546  0.300  0.051        1
577:     0.003  0.029  0.797  0.110  0.061        1
578:     0.001  0.001  0.702  0.002  0.295        1
579:     0.007  0.001  0.566  0.001  0.425        1
580:     0.017  0.003  0.694  0.016  0.270        1
581:     0.012  0.013  0.307  0.051  0.618        1
582:     0.006  0.104  0.174  0.091  0.624        1
583:     0.002  0.001  0.427  0.309  0.261        1
584:     0.001  0.014  0.744  0.002  0.240        1
585:     0.010  0.016  0.956  0.002  0.016        1
586:     0.005  0.003  0.983  0.004  0.005        1
587:     0.004  0.020  0.703  0.146  0.127        1
588:     0.001  0.007  0.365  0.448  0.179        1
589:     0.001  0.007  0.975  0.002  0.015        1
590:     0.003  0.039  0.628  0.015  0.315        1
591:     0.001  0.018  0.975  0.003  0.002        1
592:     0.023  0.040  0.690  0.067  0.181        1
593:     0.003  0.003  0.893  0.011  0.092        1
594:     0.003  0.002  0.276  0.476  0.243        1
595:     0.001  0.001  0.606  0.167  0.225        1
596:     0.001  0.006  0.693  0.006  0.294        1
597:     0.009  0.005  0.841  0.013  0.132        1
598:     0.030  0.063  0.893  0.002  0.012        1
599:     0.005  0.003  0.987  0.003  0.002        1
600:     0.004  0.014  0.968  0.013  0.001        1
601:     0.000  0.001  0.996  0.002  0.001        1
602:     0.001  0.003  0.993  0.002  0.001        1
603:     0.002  0.004  0.992  0.001  0.001        1
604:     0.002  0.023  0.971  0.000  0.004        1
605:     0.001  0.008  0.988  0.002  0.001        1
606:     0.001  0.008  0.984  0.006  0.001        1
607:     0.001  0.000  0.997  0.001  0.001        1
608:     0.001  0.001  0.993  0.003  0.002        1
609:     0.001  0.003  0.995  0.000  0.001        1
610:     0.000  0.001  0.996  0.001  0.001        1
611:     0.001  0.002  0.995  0.001  0.001        1
612:     0.004  0.016  0.976  0.002  0.002        1
613:     0.002  0.008  0.984  0.004  0.001        1
614:     0.002  0.003  0.986  0.008  0.002        1
615:     0.001  0.002  0.995  0.001  0.001        1
616:     0.002  0.001  0.995  0.001  0.001        1
617:     0.001  0.004  0.993  0.001  0.001        1
618:     0.001  0.035  0.960  0.004  0.000        1
619:     0.001  0.003  0.993  0.002  0.002        1
620:     0.006  0.014  0.967  0.012  0.002        1
621:     0.001  0.000  0.996  0.002  0.001        1
622:     0.016  0.016  0.733  0.003  0.233        1
623:     0.001  0.000  0.494  0.418  0.087        1
624:     0.001  0.001  0.436  0.371  0.191        1
625:     0.006  0.008  0.044  0.008  0.934        1
626:     0.001  0.058  0.570  0.001  0.371        1
627:     0.002  0.006  0.371  0.001  0.621        1
628:     0.003  0.018  0.187  0.001  0.791        1
629:     0.012  0.018  0.539  0.002  0.429        1
630:     0.009  0.005  0.290  0.001  0.694        1
631:     0.008  0.857  0.122  0.006  0.007        1
632:     0.003  0.549  0.430  0.005  0.013        1
633:     0.025  0.920  0.009  0.004  0.043        1
634:     0.001  0.745  0.251  0.002  0.001        1
635:     0.890  0.062  0.015  0.032  0.001        1
636:     0.994  0.002  0.002  0.001  0.002        1
637:     0.994  0.002  0.001  0.002  0.001        1
638:     0.991  0.001  0.002  0.002  0.005        1
639:     0.984  0.003  0.003  0.009  0.001        1
640:     0.991  0.003  0.001  0.001  0.003        1
641:     0.002  0.002  0.992  0.003  0.001        1
642:     0.002  0.012  0.932  0.053  0.002        1
643:     0.001  0.006  0.984  0.007  0.000        1
644:     0.001  0.005  0.992  0.001  0.000        1
645:     0.002  0.007  0.985  0.005  0.002        1
646:     0.001  0.008  0.984  0.005  0.001        1
647:     0.001  0.001  0.995  0.001  0.002        1
648:     0.001  0.003  0.993  0.002  0.001        1
649:     0.002  0.011  0.983  0.002  0.002        1
650:     0.002  0.007  0.956  0.029  0.005        1
651:     0.001  0.012  0.986  0.001  0.001        1
652:     0.001  0.006  0.985  0.007  0.001        1
653:     0.001  0.001  0.997  0.000  0.001        1
654:     0.005  0.009  0.984  0.001  0.001        1
655:     0.004  0.001  0.992  0.002  0.001        1
656:     0.002  0.000  0.992  0.003  0.002        1
657:     0.002  0.052  0.941  0.001  0.004        1
658:     0.030  0.020  0.943  0.004  0.003        1
659:     0.004  0.001  0.790  0.202  0.003        1
660:     0.002  0.012  0.975  0.008  0.003        1
661:     0.001  0.002  0.994  0.003  0.000        1
662:     0.001  0.001  0.987  0.004  0.006        1
663:     0.002  0.017  0.977  0.002  0.002        1
664:     0.014  0.013  0.954  0.015  0.005        1
665:     0.002  0.002  0.987  0.009  0.001        1
666:     0.002  0.007  0.986  0.003  0.002        1
667:     0.019  0.261  0.716  0.004  0.001        1
668:     0.001  0.003  0.994  0.001  0.002        1
669:     0.001  0.002  0.995  0.001  0.001        1
670:     0.005  0.003  0.992  0.001  0.001        1
671:     0.001  0.001  0.996  0.001  0.001        1
672:     0.002  0.003  0.994  0.001  0.000        1
673:     0.004  0.004  0.953  0.036  0.004        1
674:     0.002  0.005  0.988  0.003  0.002        1
675:     0.001  0.001  0.993  0.003  0.001        1
676:     0.001  0.003  0.991  0.003  0.002        1
677:     0.002  0.009  0.983  0.001  0.005        1
678:     0.001  0.004  0.960  0.034  0.001        1
679:     0.001  0.004  0.992  0.001  0.001        1
680:     0.001  0.004  0.987  0.008  0.001        1
681:     0.000  0.002  0.995  0.001  0.002        1
682:     0.002  0.003  0.993  0.002  0.001        1
683:     0.005  0.037  0.951  0.005  0.002        1
684:     0.002  0.103  0.891  0.001  0.004        1
685:     0.006  0.007  0.981  0.003  0.003        1
686:     0.002  0.007  0.983  0.006  0.002        1
687:     0.006  0.006  0.964  0.022  0.002        1
688:     0.058  0.042  0.892  0.007  0.001        1
689:     0.002  0.000  0.993  0.004  0.001        1
690:     0.002  0.009  0.982  0.006  0.001        1
691:     0.005  0.002  0.985  0.001  0.007        1
692:     0.004  0.006  0.985  0.001  0.004        1
693:     0.002  0.002  0.992  0.003  0.002        1
694:     0.003  0.009  0.986  0.001  0.001        1
695:     0.003  0.008  0.985  0.002  0.001        1
696:     0.002  0.045  0.918  0.031  0.005        1
697:     0.003  0.007  0.983  0.003  0.004        1
698:     0.001  0.002  0.994  0.002  0.002        1
699:     0.007  0.004  0.984  0.003  0.002        1
700:     0.002  0.001  0.993  0.001  0.002        1
701:     0.001  0.001  0.986  0.004  0.008        1
702:     0.001  0.010  0.975  0.002  0.013        1
703:     0.002  0.002  0.989  0.002  0.005        1
704:     0.001  0.001  0.993  0.001  0.003        1
705:     0.001  0.002  0.993  0.002  0.001        1
706:     0.001  0.002  0.990  0.005  0.002        1
707:     0.003  0.009  0.979  0.007  0.001        1
708:     0.001  0.001  0.992  0.005  0.001        1
709:     0.003  0.028  0.965  0.001  0.003        1
710:     0.004  0.125  0.836  0.034  0.001        1
711:     0.002  0.002  0.994  0.001  0.001        1
712:     0.000  0.009  0.987  0.003  0.001        1
713:     0.004  0.004  0.987  0.004  0.001        1
714:     0.990  0.002  0.003  0.004  0.002        1
715:     0.987  0.003  0.004  0.002  0.004        1
716:     0.985  0.007  0.003  0.003  0.001        1
717:     0.963  0.003  0.002  0.021  0.012        1
718:     0.976  0.001  0.017  0.002  0.004        1
719:     0.990  0.006  0.001  0.001  0.001        1
720:     0.995  0.001  0.001  0.003  0.001        1
721:     0.971  0.013  0.001  0.002  0.012        1
722:     0.959  0.010  0.020  0.010  0.002        1
723:     0.993  0.000  0.001  0.001  0.004        1
724:     0.989  0.002  0.001  0.001  0.007        1
725:     0.977  0.009  0.008  0.004  0.002        1
726:     0.993  0.002  0.001  0.001  0.003        1
727:     0.963  0.002  0.005  0.027  0.002        1
728:     0.982  0.006  0.001  0.007  0.004        1
729:     0.905  0.012  0.004  0.073  0.006        1
730:     0.974  0.006  0.004  0.002  0.013        1
731:     0.953  0.032  0.009  0.001  0.004        1
732:     0.990  0.002  0.003  0.002  0.002        1
733:     0.990  0.005  0.002  0.002  0.002        1
734:     0.995  0.003  0.001  0.000  0.001        1
735:     0.971  0.010  0.008  0.004  0.006        1
736:     0.986  0.007  0.004  0.002  0.001        1
737:     0.993  0.002  0.001  0.001  0.003        1
738:     0.953  0.014  0.010  0.001  0.023        1
739:     0.990  0.003  0.004  0.003  0.001        1
740:     0.989  0.001  0.002  0.006  0.003        1
741:     0.992  0.002  0.002  0.001  0.003        1
742:     0.953  0.004  0.003  0.036  0.003        1
743:     0.979  0.007  0.006  0.002  0.006        1
744:     0.951  0.035  0.006  0.002  0.005        1
745:     0.969  0.019  0.003  0.004  0.005        1
746:     0.966  0.017  0.008  0.001  0.008        1
747:     0.982  0.004  0.001  0.004  0.009        1
748:     0.886  0.102  0.009  0.002  0.002        1
749:     0.987  0.006  0.001  0.002  0.003        1
750:     0.975  0.018  0.003  0.003  0.001        1
751:     0.934  0.044  0.004  0.004  0.014        1
752:     0.978  0.003  0.010  0.008  0.002        1
753:     0.975  0.013  0.003  0.001  0.008        1
