

----------------------------------------------------
STRUCTURE by Pritchard, Stephens and Donnelly (2000)
     and Falush, Stephens and Pritchard (2003)
       Code by Pritchard, Falush and Hubisz
             Version 2.3.4 (Jul 2012)
----------------------------------------------------



Command line arguments:   structure -K 5 -L 574 -N 2600 -i ./TEST.recode.strct_in -D 98760 -o ./TEST_structureOUT/K5_8 
Input File:    ./TEST.recode.strct_in

Run parameters:
   2600 individuals
   574 loci
   5 populations assumed
   1000 Burn-in period
   3000 Reps


--------------------------------------------
Proportion of membership of each pre-defined
 population in each of the 5 clusters

Given    Inferred Clusters                     Number of
 Pop       1      2      3      4      5      Individuals

  1:     0.002  0.003  0.004  0.003  0.988        1
  2:     0.001  0.001  0.042  0.009  0.946        1
  3:     0.003  0.002  0.003  0.002  0.990        1
  4:     0.005  0.006  0.003  0.006  0.980        1
  5:     0.001  0.008  0.018  0.011  0.962        1
  6:     0.015  0.006  0.004  0.010  0.965        1
  7:     0.001  0.003  0.003  0.001  0.992        1
  8:     0.003  0.001  0.003  0.004  0.990        1
  9:     0.001  0.002  0.004  0.001  0.993        1
 10:     0.002  0.004  0.005  0.008  0.981        1
 11:     0.003  0.027  0.002  0.004  0.964        1
 12:     0.003  0.006  0.002  0.004  0.984        1
 13:     0.004  0.010  0.002  0.016  0.968        1
 14:     0.003  0.004  0.002  0.003  0.987        1
 15:     0.005  0.005  0.004  0.022  0.965        1
 16:     0.001  0.002  0.002  0.001  0.994        1
 17:     0.005  0.044  0.001  0.001  0.950        1
 18:     0.006  0.003  0.009  0.003  0.979        1
 19:     0.001  0.001  0.012  0.004  0.982        1
 20:     0.011  0.004  0.003  0.001  0.981        1
 21:     0.004  0.001  0.007  0.009  0.979        1
 22:     0.004  0.017  0.001  0.001  0.977        1
 23:     0.001  0.004  0.005  0.001  0.989        1
 24:     0.001  0.004  0.003  0.004  0.987        1
 25:     0.001  0.003  0.006  0.002  0.987        1
 26:     0.001  0.000  0.002  0.001  0.996        1
 27:     0.001  0.003  0.004  0.000  0.991        1
 28:     0.004  0.012  0.004  0.029  0.951        1
 29:     0.007  0.019  0.003  0.001  0.971        1
 30:     0.035  0.015  0.003  0.003  0.945        1
 31:     0.002  0.001  0.001  0.001  0.995        1
 32:     0.004  0.002  0.003  0.005  0.987        1
 33:     0.021  0.016  0.001  0.001  0.962        1
 34:     0.002  0.004  0.002  0.007  0.985        1
 35:     0.003  0.008  0.002  0.004  0.982        1
 36:     0.024  0.006  0.031  0.001  0.939        1
 37:     0.000  0.001  0.003  0.003  0.993        1
 38:     0.003  0.002  0.001  0.004  0.990        1
 39:     0.001  0.001  0.005  0.002  0.991        1
 40:     0.000  0.001  0.002  0.001  0.995        1
 41:     0.011  0.008  0.001  0.008  0.972        1
 42:     0.003  0.051  0.049  0.060  0.836        1
 43:     0.044  0.075  0.019  0.011  0.852        1
 44:     0.049  0.008  0.001  0.018  0.924        1
 45:     0.005  0.003  0.007  0.002  0.983        1
 46:     0.001  0.002  0.001  0.012  0.984        1
 47:     0.012  0.002  0.002  0.009  0.976        1
 48:     0.102  0.005  0.004  0.001  0.888        1
 49:     0.002  0.007  0.002  0.004  0.985        1
 50:     0.001  0.002  0.002  0.002  0.993        1
 51:     0.001  0.010  0.004  0.022  0.964        1
 52:     0.004  0.001  0.002  0.001  0.991        1
 53:     0.002  0.007  0.041  0.001  0.949        1
 54:     0.006  0.005  0.037  0.007  0.945        1
 55:     0.001  0.001  0.002  0.002  0.993        1
 56:     0.001  0.005  0.003  0.001  0.990        1
 57:     0.001  0.002  0.001  0.007  0.989        1
 58:     0.000  0.005  0.002  0.001  0.992        1
 59:     0.003  0.002  0.001  0.002  0.993        1
 60:     0.019  0.008  0.006  0.039  0.929        1
 61:     0.049  0.002  0.003  0.015  0.932        1
 62:     0.002  0.001  0.020  0.002  0.975        1
 63:     0.012  0.004  0.005  0.027  0.953        1
 64:     0.007  0.003  0.003  0.000  0.986        1
 65:     0.001  0.001  0.002  0.001  0.995        1
 66:     0.027  0.019  0.019  0.033  0.903        1
 67:     0.001  0.004  0.006  0.002  0.988        1
 68:     0.003  0.001  0.006  0.004  0.987        1
 69:     0.002  0.005  0.016  0.014  0.963        1
 70:     0.002  0.005  0.007  0.001  0.985        1
 71:     0.001  0.004  0.020  0.008  0.967        1
 72:     0.002  0.002  0.005  0.009  0.982        1
 73:     0.003  0.008  0.045  0.001  0.943        1
 74:     0.004  0.055  0.089  0.012  0.839        1
 75:     0.002  0.007  0.001  0.006  0.983        1
 76:     0.004  0.011  0.003  0.071  0.912        1
 77:     0.004  0.001  0.030  0.001  0.964        1
 78:     0.003  0.001  0.020  0.006  0.969        1
 79:     0.015  0.030  0.016  0.013  0.926        1
 80:     0.003  0.023  0.009  0.010  0.955        1
 81:     0.000  0.004  0.001  0.001  0.994        1
 82:     0.001  0.005  0.002  0.045  0.948        1
 83:     0.011  0.002  0.003  0.007  0.977        1
 84:     0.010  0.026  0.008  0.003  0.953        1
 85:     0.001  0.002  0.003  0.001  0.993        1
 86:     0.006  0.007  0.001  0.007  0.978        1
 87:     0.001  0.001  0.001  0.003  0.995        1
 88:     0.007  0.012  0.006  0.009  0.965        1
 89:     0.001  0.001  0.006  0.003  0.988        1
 90:     0.002  0.004  0.004  0.006  0.984        1
 91:     0.003  0.265  0.001  0.001  0.730        1
 92:     0.003  0.004  0.008  0.002  0.984        1
 93:     0.001  0.002  0.003  0.002  0.992        1
 94:     0.003  0.005  0.004  0.001  0.986        1
 95:     0.011  0.002  0.005  0.004  0.977        1
 96:     0.002  0.002  0.022  0.007  0.967        1
 97:     0.000  0.004  0.001  0.992  0.002        1
 98:     0.003  0.001  0.002  0.993  0.000        1
 99:     0.003  0.014  0.002  0.981  0.001        1
100:     0.001  0.012  0.001  0.980  0.005        1
101:     0.001  0.001  0.002  0.994  0.002        1
102:     0.002  0.000  0.001  0.996  0.001        1
103:     0.001  0.004  0.001  0.991  0.003        1
104:     0.001  0.002  0.003  0.993  0.001        1
105:     0.001  0.005  0.001  0.992  0.002        1
106:     0.005  0.010  0.021  0.962  0.001        1
107:     0.006  0.001  0.008  0.982  0.003        1
108:     0.002  0.002  0.002  0.993  0.001        1
109:     0.010  0.001  0.001  0.987  0.001        1
110:     0.001  0.002  0.002  0.994  0.001        1
111:     0.002  0.006  0.001  0.990  0.001        1
112:     0.056  0.012  0.001  0.928  0.001        1
113:     0.001  0.003  0.010  0.984  0.001        1
114:     0.001  0.001  0.001  0.996  0.001        1
115:     0.001  0.007  0.003  0.989  0.001        1
116:     0.003  0.008  0.003  0.983  0.003        1
117:     0.002  0.005  0.004  0.987  0.003        1
118:     0.003  0.027  0.001  0.969  0.001        1
119:     0.005  0.002  0.002  0.984  0.007        1
120:     0.001  0.002  0.001  0.993  0.003        1
121:     0.002  0.002  0.003  0.993  0.001        1
122:     0.001  0.000  0.000  0.997  0.001        1
123:     0.001  0.000  0.005  0.993  0.000        1
124:     0.000  0.002  0.004  0.994  0.001        1
125:     0.001  0.014  0.001  0.979  0.005        1
126:     0.001  0.009  0.004  0.985  0.001        1
127:     0.001  0.001  0.001  0.996  0.000        1
128:     0.001  0.008  0.001  0.988  0.003        1
129:     0.001  0.002  0.001  0.996  0.000        1
130:     0.003  0.005  0.002  0.988  0.003        1
131:     0.003  0.005  0.007  0.982  0.002        1
132:     0.006  0.013  0.001  0.972  0.008        1
133:     0.002  0.004  0.002  0.991  0.000        1
134:     0.013  0.003  0.020  0.963  0.001        1
135:     0.009  0.006  0.003  0.977  0.004        1
136:     0.001  0.002  0.011  0.984  0.003        1
137:     0.000  0.007  0.009  0.982  0.002        1
138:     0.002  0.001  0.002  0.994  0.001        1
139:     0.003  0.002  0.001  0.994  0.001        1
140:     0.002  0.000  0.002  0.993  0.002        1
141:     0.001  0.002  0.001  0.992  0.004        1
142:     0.002  0.005  0.000  0.993  0.000        1
143:     0.005  0.003  0.003  0.987  0.002        1
144:     0.003  0.001  0.001  0.994  0.002        1
145:     0.009  0.008  0.000  0.981  0.002        1
146:     0.000  0.008  0.002  0.989  0.001        1
147:     0.008  0.002  0.001  0.987  0.002        1
148:     0.004  0.031  0.001  0.963  0.001        1
149:     0.001  0.002  0.018  0.968  0.011        1
150:     0.004  0.006  0.003  0.985  0.001        1
151:     0.001  0.003  0.004  0.990  0.002        1
152:     0.006  0.017  0.005  0.971  0.001        1
153:     0.004  0.010  0.008  0.920  0.058        1
154:     0.002  0.013  0.028  0.941  0.016        1
155:     0.001  0.003  0.087  0.907  0.002        1
156:     0.003  0.016  0.004  0.970  0.007        1
157:     0.014  0.036  0.027  0.918  0.004        1
158:     0.001  0.092  0.008  0.887  0.012        1
159:     0.001  0.041  0.002  0.955  0.001        1
160:     0.011  0.006  0.002  0.975  0.006        1
161:     0.001  0.005  0.002  0.986  0.006        1
162:     0.001  0.004  0.011  0.981  0.003        1
163:     0.006  0.008  0.019  0.953  0.015        1
164:     0.002  0.010  0.004  0.974  0.010        1
165:     0.012  0.007  0.148  0.831  0.003        1
166:     0.004  0.014  0.004  0.931  0.047        1
167:     0.001  0.005  0.001  0.992  0.002        1
168:     0.002  0.001  0.003  0.993  0.001        1
169:     0.001  0.001  0.003  0.994  0.001        1
170:     0.001  0.002  0.002  0.990  0.005        1
171:     0.001  0.004  0.002  0.989  0.004        1
172:     0.002  0.024  0.018  0.952  0.004        1
173:     0.001  0.047  0.003  0.939  0.010        1
174:     0.002  0.010  0.002  0.983  0.002        1
175:     0.005  0.003  0.000  0.991  0.001        1
176:     0.002  0.003  0.002  0.992  0.001        1
177:     0.016  0.008  0.001  0.973  0.003        1
178:     0.000  0.003  0.011  0.985  0.001        1
179:     0.003  0.070  0.001  0.922  0.003        1
180:     0.000  0.002  0.001  0.996  0.001        1
181:     0.001  0.004  0.000  0.994  0.001        1
182:     0.002  0.002  0.001  0.990  0.005        1
183:     0.002  0.017  0.038  0.933  0.010        1
184:     0.001  0.001  0.004  0.992  0.001        1
185:     0.006  0.004  0.003  0.986  0.001        1
186:     0.001  0.002  0.003  0.993  0.001        1
187:     0.003  0.001  0.002  0.993  0.000        1
188:     0.001  0.000  0.001  0.997  0.001        1
189:     0.000  0.002  0.001  0.995  0.001        1
190:     0.001  0.000  0.009  0.988  0.001        1
191:     0.003  0.007  0.004  0.984  0.002        1
192:     0.001  0.066  0.014  0.915  0.004        1
193:     0.002  0.003  0.011  0.981  0.003        1
194:     0.002  0.011  0.002  0.978  0.006        1
195:     0.001  0.003  0.001  0.994  0.001        1
196:     0.005  0.002  0.003  0.988  0.002        1
197:     0.004  0.015  0.001  0.979  0.001        1
198:     0.002  0.001  0.002  0.993  0.002        1
199:     0.002  0.007  0.010  0.975  0.005        1
200:     0.002  0.003  0.002  0.792  0.202        1
201:     0.001  0.006  0.013  0.904  0.075        1
202:     0.001  0.003  0.007  0.984  0.005        1
203:     0.004  0.004  0.002  0.984  0.005        1
204:     0.001  0.006  0.021  0.929  0.042        1
205:     0.002  0.003  0.051  0.906  0.038        1
206:     0.001  0.003  0.098  0.833  0.065        1
207:     0.003  0.027  0.022  0.905  0.042        1
208:     0.002  0.015  0.001  0.945  0.038        1
209:     0.004  0.440  0.006  0.550  0.001        1
210:     0.002  0.005  0.003  0.989  0.002        1
211:     0.000  0.014  0.010  0.949  0.026        1
212:     0.002  0.056  0.014  0.829  0.099        1
213:     0.003  0.005  0.067  0.913  0.013        1
214:     0.001  0.021  0.025  0.919  0.035        1
215:     0.001  0.007  0.014  0.973  0.005        1
216:     0.005  0.010  0.002  0.981  0.002        1
217:     0.001  0.002  0.111  0.883  0.004        1
218:     0.001  0.003  0.007  0.983  0.006        1
219:     0.002  0.008  0.166  0.812  0.012        1
220:     0.001  0.002  0.004  0.993  0.001        1
221:     0.005  0.018  0.003  0.971  0.003        1
222:     0.004  0.035  0.040  0.919  0.001        1
223:     0.001  0.021  0.065  0.881  0.033        1
224:     0.001  0.004  0.006  0.984  0.006        1
225:     0.003  0.001  0.009  0.984  0.002        1
226:     0.000  0.096  0.014  0.706  0.184        1
227:     0.002  0.006  0.002  0.989  0.000        1
228:     0.000  0.007  0.004  0.980  0.010        1
229:     0.003  0.306  0.006  0.590  0.095        1
230:     0.008  0.001  0.182  0.784  0.025        1
231:     0.003  0.044  0.024  0.924  0.005        1
232:     0.005  0.031  0.031  0.927  0.006        1
233:     0.003  0.004  0.001  0.990  0.002        1
234:     0.002  0.003  0.099  0.886  0.010        1
235:     0.029  0.005  0.030  0.934  0.001        1
236:     0.001  0.005  0.013  0.978  0.003        1
237:     0.004  0.175  0.012  0.760  0.048        1
238:     0.002  0.004  0.008  0.981  0.004        1
239:     0.002  0.004  0.053  0.914  0.027        1
240:     0.000  0.017  0.014  0.957  0.011        1
241:     0.008  0.001  0.008  0.982  0.001        1
242:     0.005  0.004  0.011  0.968  0.012        1
243:     0.002  0.008  0.003  0.985  0.002        1
244:     0.002  0.025  0.006  0.920  0.047        1
245:     0.031  0.001  0.001  0.954  0.013        1
246:     0.002  0.004  0.001  0.989  0.005        1
247:     0.001  0.059  0.014  0.882  0.045        1
248:     0.001  0.065  0.014  0.883  0.037        1
249:     0.002  0.029  0.005  0.959  0.005        1
250:     0.004  0.010  0.002  0.967  0.017        1
251:     0.002  0.003  0.003  0.985  0.008        1
252:     0.001  0.020  0.002  0.973  0.004        1
253:     0.001  0.032  0.029  0.926  0.011        1
254:     0.001  0.005  0.001  0.992  0.001        1
255:     0.003  0.259  0.001  0.642  0.094        1
256:     0.019  0.028  0.003  0.943  0.007        1
257:     0.001  0.010  0.006  0.976  0.008        1
258:     0.004  0.001  0.001  0.992  0.002        1
259:     0.004  0.002  0.007  0.980  0.007        1
260:     0.006  0.036  0.007  0.946  0.004        1
261:     0.011  0.027  0.080  0.833  0.049        1
262:     0.005  0.011  0.048  0.898  0.038        1
263:     0.003  0.101  0.018  0.845  0.034        1
264:     0.001  0.002  0.008  0.970  0.019        1
265:     0.002  0.150  0.023  0.821  0.003        1
266:     0.036  0.003  0.007  0.950  0.004        1
267:     0.001  0.002  0.008  0.987  0.002        1
268:     0.001  0.050  0.002  0.887  0.059        1
269:     0.001  0.002  0.001  0.994  0.002        1
270:     0.003  0.007  0.009  0.978  0.002        1
271:     0.002  0.000  0.005  0.851  0.142        1
272:     0.001  0.019  0.006  0.968  0.006        1
273:     0.001  0.006  0.009  0.982  0.003        1
274:     0.001  0.010  0.003  0.980  0.005        1
275:     0.011  0.002  0.061  0.913  0.014        1
276:     0.010  0.017  0.008  0.959  0.006        1
277:     0.012  0.001  0.033  0.887  0.067        1
278:     0.001  0.004  0.017  0.975  0.002        1
279:     0.001  0.010  0.022  0.939  0.027        1
280:     0.005  0.008  0.003  0.979  0.005        1
281:     0.006  0.006  0.001  0.987  0.000        1
282:     0.002  0.001  0.003  0.003  0.991        1
283:     0.002  0.002  0.001  0.001  0.994        1
284:     0.003  0.004  0.044  0.008  0.941        1
285:     0.003  0.007  0.011  0.004  0.975        1
286:     0.005  0.002  0.001  0.001  0.990        1
287:     0.002  0.018  0.125  0.001  0.853        1
288:     0.005  0.005  0.001  0.013  0.977        1
289:     0.001  0.001  0.005  0.002  0.992        1
290:     0.001  0.005  0.101  0.006  0.888        1
291:     0.001  0.003  0.002  0.001  0.993        1
292:     0.001  0.011  0.037  0.004  0.947        1
293:     0.001  0.009  0.008  0.006  0.976        1
294:     0.000  0.002  0.001  0.001  0.996        1
295:     0.001  0.002  0.002  0.002  0.994        1
296:     0.002  0.002  0.015  0.001  0.980        1
297:     0.000  0.001  0.001  0.003  0.995        1
298:     0.004  0.003  0.003  0.002  0.989        1
299:     0.001  0.001  0.005  0.003  0.990        1
300:     0.003  0.009  0.002  0.002  0.984        1
301:     0.001  0.003  0.002  0.001  0.993        1
302:     0.017  0.003  0.002  0.001  0.978        1
303:     0.003  0.005  0.007  0.002  0.983        1
304:     0.013  0.006  0.001  0.006  0.974        1
305:     0.001  0.031  0.009  0.006  0.953        1
306:     0.006  0.011  0.002  0.006  0.975        1
307:     0.001  0.009  0.001  0.002  0.986        1
308:     0.002  0.003  0.008  0.014  0.973        1
309:     0.002  0.001  0.003  0.005  0.989        1
310:     0.005  0.004  0.003  0.008  0.980        1
311:     0.005  0.002  0.001  0.009  0.984        1
312:     0.001  0.001  0.002  0.001  0.994        1
313:     0.004  0.030  0.017  0.015  0.933        1
314:     0.013  0.001  0.020  0.002  0.964        1
315:     0.003  0.001  0.001  0.001  0.994        1
316:     0.007  0.009  0.003  0.015  0.966        1
317:     0.001  0.000  0.001  0.006  0.992        1
318:     0.002  0.002  0.022  0.013  0.961        1
319:     0.002  0.002  0.013  0.036  0.946        1
320:     0.005  0.007  0.047  0.002  0.939        1
321:     0.003  0.007  0.003  0.001  0.986        1
322:     0.001  0.005  0.001  0.001  0.992        1
323:     0.001  0.008  0.014  0.008  0.968        1
324:     0.011  0.005  0.021  0.961  0.001        1
325:     0.376  0.113  0.048  0.459  0.005        1
326:     0.005  0.005  0.006  0.982  0.002        1
327:     0.004  0.004  0.007  0.008  0.977        1
328:     0.001  0.001  0.001  0.001  0.996        1
329:     0.001  0.003  0.001  0.005  0.991        1
330:     0.001  0.002  0.002  0.000  0.994        1
331:     0.001  0.006  0.025  0.004  0.964        1
332:     0.000  0.003  0.001  0.001  0.995        1
333:     0.002  0.002  0.006  0.000  0.990        1
334:     0.002  0.025  0.002  0.003  0.969        1
335:     0.001  0.002  0.004  0.003  0.990        1
336:     0.001  0.001  0.002  0.004  0.992        1
337:     0.001  0.002  0.014  0.002  0.982        1
338:     0.006  0.005  0.002  0.004  0.983        1
339:     0.003  0.000  0.002  0.002  0.993        1
340:     0.001  0.011  0.012  0.001  0.975        1
341:     0.001  0.002  0.003  0.001  0.993        1
342:     0.001  0.007  0.001  0.001  0.991        1
343:     0.000  0.002  0.002  0.002  0.993        1
344:     0.002  0.002  0.004  0.007  0.985        1
345:     0.001  0.002  0.002  0.001  0.993        1
346:     0.001  0.001  0.000  0.001  0.997        1
347:     0.007  0.007  0.009  0.003  0.974        1
348:     0.002  0.001  0.007  0.002  0.988        1
349:     0.001  0.006  0.004  0.002  0.987        1
350:     0.008  0.015  0.008  0.003  0.966        1
351:     0.001  0.001  0.003  0.001  0.993        1
352:     0.001  0.002  0.018  0.005  0.974        1
353:     0.002  0.005  0.003  0.008  0.982        1
354:     0.002  0.005  0.019  0.001  0.972        1
355:     0.005  0.002  0.023  0.003  0.966        1
356:     0.001  0.003  0.005  0.001  0.991        1
357:     0.002  0.002  0.002  0.003  0.990        1
358:     0.002  0.004  0.017  0.004  0.974        1
359:     0.002  0.004  0.014  0.013  0.968        1
360:     0.000  0.002  0.016  0.002  0.980        1
361:     0.007  0.004  0.193  0.003  0.793        1
362:     0.164  0.056  0.181  0.598  0.001        1
363:     0.003  0.013  0.418  0.555  0.011        1
364:     0.011  0.035  0.039  0.901  0.013        1
365:     0.002  0.004  0.170  0.788  0.036        1
366:     0.001  0.001  0.022  0.005  0.971        1
367:     0.004  0.080  0.014  0.004  0.898        1
368:     0.001  0.001  0.001  0.001  0.996        1
369:     0.003  0.002  0.068  0.005  0.923        1
370:     0.002  0.003  0.001  0.001  0.994        1
371:     0.016  0.006  0.003  0.017  0.958        1
372:     0.001  0.002  0.002  0.002  0.994        1
373:     0.003  0.002  0.006  0.006  0.982        1
374:     0.001  0.003  0.003  0.002  0.990        1
375:     0.003  0.005  0.004  0.003  0.985        1
376:     0.002  0.027  0.006  0.002  0.964        1
377:     0.001  0.003  0.002  0.003  0.992        1
378:     0.003  0.001  0.005  0.002  0.989        1
379:     0.003  0.001  0.008  0.003  0.985        1
380:     0.003  0.001  0.003  0.001  0.992        1
381:     0.023  0.013  0.000  0.005  0.959        1
382:     0.003  0.002  0.003  0.002  0.991        1
383:     0.002  0.001  0.004  0.003  0.990        1
384:     0.005  0.001  0.053  0.003  0.938        1
385:     0.019  0.007  0.004  0.012  0.958        1
386:     0.001  0.008  0.006  0.004  0.981        1
387:     0.005  0.003  0.040  0.003  0.949        1
388:     0.006  0.012  0.013  0.002  0.967        1
389:     0.004  0.003  0.005  0.001  0.986        1
390:     0.005  0.002  0.002  0.003  0.989        1
391:     0.002  0.003  0.001  0.003  0.991        1
392:     0.002  0.002  0.001  0.001  0.994        1
393:     0.001  0.002  0.002  0.001  0.994        1
394:     0.037  0.043  0.003  0.896  0.020        1
395:     0.001  0.004  0.158  0.825  0.012        1
396:     0.151  0.040  0.032  0.770  0.007        1
397:     0.005  0.001  0.011  0.971  0.011        1
398:     0.008  0.001  0.003  0.987  0.002        1
399:     0.003  0.002  0.005  0.987  0.002        1
400:     0.005  0.004  0.255  0.731  0.005        1
401:     0.018  0.003  0.003  0.949  0.028        1
402:     0.004  0.002  0.205  0.789  0.001        1
403:     0.001  0.001  0.004  0.002  0.991        1
404:     0.010  0.053  0.004  0.014  0.919        1
405:     0.001  0.012  0.004  0.001  0.983        1
406:     0.001  0.004  0.003  0.002  0.990        1
407:     0.002  0.001  0.002  0.001  0.995        1
408:     0.060  0.003  0.000  0.011  0.925        1
409:     0.002  0.003  0.003  0.001  0.991        1
410:     0.000  0.003  0.002  0.001  0.994        1
411:     0.004  0.004  0.002  0.002  0.988        1
412:     0.007  0.008  0.029  0.001  0.955        1
413:     0.001  0.001  0.000  0.002  0.996        1
414:     0.002  0.002  0.006  0.001  0.989        1
415:     0.001  0.003  0.009  0.002  0.986        1
416:     0.001  0.003  0.006  0.002  0.988        1
417:     0.004  0.090  0.008  0.000  0.898        1
418:     0.009  0.003  0.001  0.987  0.001        1
419:     0.002  0.009  0.492  0.495  0.001        1
420:     0.414  0.003  0.123  0.459  0.001        1
421:     0.076  0.014  0.055  0.851  0.003        1
422:     0.174  0.013  0.051  0.758  0.005        1
423:     0.008  0.002  0.369  0.619  0.001        1
424:     0.185  0.001  0.009  0.802  0.003        1
425:     0.001  0.001  0.333  0.663  0.002        1
426:     0.004  0.002  0.127  0.864  0.002        1
427:     0.007  0.003  0.001  0.987  0.002        1
428:     0.252  0.006  0.001  0.739  0.002        1
429:     0.005  0.015  0.180  0.786  0.015        1
430:     0.008  0.002  0.228  0.759  0.002        1
431:     0.010  0.001  0.001  0.986  0.001        1
432:     0.058  0.017  0.001  0.921  0.003        1
433:     0.011  0.040  0.032  0.773  0.144        1
434:     0.001  0.012  0.318  0.665  0.004        1
435:     0.008  0.154  0.453  0.381  0.003        1
436:     0.002  0.027  0.017  0.944  0.009        1
437:     0.014  0.003  0.001  0.980  0.002        1
438:     0.001  0.020  0.006  0.969  0.004        1
439:     0.001  0.005  0.143  0.763  0.087        1
440:     0.002  0.218  0.725  0.051  0.004        1
441:     0.218  0.001  0.001  0.777  0.002        1
442:     0.002  0.018  0.194  0.784  0.003        1
443:     0.004  0.004  0.230  0.739  0.023        1
444:     0.154  0.009  0.001  0.834  0.002        1
445:     0.008  0.003  0.002  0.985  0.002        1
446:     0.084  0.001  0.004  0.907  0.004        1
447:     0.002  0.014  0.236  0.747  0.001        1
448:     0.090  0.011  0.002  0.897  0.001        1
449:     0.001  0.005  0.009  0.894  0.091        1
450:     0.104  0.003  0.219  0.674  0.001        1
451:     0.298  0.011  0.108  0.583  0.000        1
452:     0.634  0.006  0.000  0.360  0.000        1
453:     0.004  0.011  0.049  0.930  0.005        1
454:     0.008  0.105  0.002  0.878  0.007        1
455:     0.024  0.004  0.003  0.964  0.005        1
456:     0.724  0.002  0.005  0.256  0.013        1
457:     0.005  0.019  0.324  0.612  0.040        1
458:     0.001  0.115  0.280  0.596  0.009        1
459:     0.001  0.002  0.001  0.993  0.003        1
460:     0.120  0.005  0.292  0.574  0.009        1
461:     0.009  0.021  0.464  0.505  0.002        1
462:     0.009  0.006  0.616  0.367  0.001        1
463:     0.127  0.001  0.376  0.493  0.003        1
464:     0.003  0.036  0.069  0.890  0.002        1
465:     0.008  0.016  0.053  0.892  0.032        1
466:     0.003  0.241  0.075  0.678  0.003        1
467:     0.232  0.001  0.104  0.659  0.004        1
468:     0.001  0.001  0.723  0.274  0.001        1
469:     0.001  0.017  0.003  0.977  0.002        1
470:     0.401  0.015  0.289  0.291  0.004        1
471:     0.022  0.003  0.455  0.518  0.002        1
472:     0.011  0.002  0.142  0.845  0.001        1
473:     0.001  0.195  0.323  0.481  0.001        1
474:     0.154  0.004  0.157  0.667  0.018        1
475:     0.002  0.003  0.041  0.952  0.002        1
476:     0.158  0.222  0.317  0.301  0.003        1
477:     0.008  0.002  0.170  0.801  0.020        1
478:     0.003  0.006  0.223  0.766  0.001        1
479:     0.000  0.002  0.180  0.795  0.023        1
480:     0.192  0.003  0.005  0.796  0.003        1
481:     0.010  0.208  0.002  0.765  0.014        1
482:     0.113  0.001  0.173  0.695  0.018        1
483:     0.017  0.022  0.347  0.591  0.023        1
484:     0.011  0.003  0.001  0.984  0.000        1
485:     0.066  0.011  0.001  0.922  0.001        1
486:     0.019  0.027  0.195  0.758  0.001        1
487:     0.022  0.013  0.001  0.962  0.002        1
488:     0.068  0.031  0.008  0.889  0.005        1
489:     0.031  0.003  0.006  0.959  0.001        1
490:     0.000  0.187  0.462  0.348  0.002        1
491:     0.265  0.002  0.004  0.725  0.003        1
492:     0.129  0.003  0.006  0.861  0.001        1
493:     0.012  0.027  0.441  0.349  0.171        1
494:     0.026  0.006  0.378  0.589  0.001        1
495:     0.216  0.003  0.005  0.769  0.006        1
496:     0.001  0.001  0.190  0.807  0.001        1
497:     0.011  0.002  0.188  0.798  0.002        1
498:     0.005  0.005  0.035  0.948  0.008        1
499:     0.460  0.120  0.002  0.411  0.008        1
500:     0.858  0.000  0.002  0.139  0.001        1
501:     0.325  0.004  0.098  0.573  0.000        1
502:     0.004  0.013  0.011  0.962  0.010        1
503:     0.001  0.060  0.200  0.735  0.004        1
504:     0.002  0.001  0.440  0.556  0.001        1
505:     0.005  0.002  0.004  0.989  0.001        1
506:     0.013  0.018  0.372  0.592  0.005        1
507:     0.071  0.017  0.326  0.586  0.000        1
508:     0.028  0.004  0.213  0.751  0.004        1
509:     0.006  0.009  0.002  0.980  0.003        1
510:     0.213  0.001  0.651  0.111  0.024        1
511:     0.001  0.002  0.339  0.657  0.000        1
512:     0.008  0.002  0.006  0.913  0.073        1
513:     0.347  0.052  0.458  0.142  0.001        1
514:     0.001  0.003  0.002  0.987  0.007        1
515:     0.069  0.002  0.244  0.683  0.002        1
516:     0.017  0.003  0.004  0.974  0.002        1
517:     0.012  0.002  0.154  0.830  0.002        1
518:     0.004  0.030  0.009  0.938  0.019        1
519:     0.370  0.011  0.001  0.616  0.003        1
520:     0.046  0.019  0.024  0.910  0.001        1
521:     0.033  0.000  0.001  0.965  0.001        1
522:     0.321  0.003  0.013  0.655  0.008        1
523:     0.266  0.006  0.035  0.685  0.007        1
524:     0.005  0.006  0.030  0.945  0.014        1
525:     0.001  0.048  0.119  0.830  0.002        1
526:     0.000  0.000  0.246  0.751  0.002        1
527:     0.238  0.038  0.002  0.722  0.001        1
528:     0.037  0.002  0.013  0.946  0.002        1
529:     0.002  0.018  0.001  0.976  0.003        1
530:     0.017  0.015  0.900  0.045  0.023        1
531:     0.319  0.044  0.400  0.234  0.003        1
532:     0.002  0.052  0.298  0.648  0.000        1
533:     0.010  0.033  0.428  0.528  0.002        1
534:     0.005  0.157  0.746  0.092  0.001        1
535:     0.001  0.013  0.263  0.718  0.005        1
536:     0.001  0.001  0.247  0.749  0.001        1
537:     0.007  0.002  0.372  0.614  0.005        1
538:     0.002  0.001  0.403  0.584  0.009        1
539:     0.076  0.011  0.465  0.444  0.004        1
540:     0.003  0.009  0.302  0.682  0.004        1
541:     0.013  0.011  0.058  0.915  0.003        1
542:     0.001  0.001  0.549  0.446  0.003        1
543:     0.002  0.032  0.389  0.574  0.003        1
544:     0.312  0.068  0.558  0.058  0.004        1
545:     0.013  0.032  0.426  0.458  0.072        1
546:     0.084  0.000  0.253  0.658  0.004        1
547:     0.001  0.003  0.800  0.188  0.008        1
548:     0.045  0.030  0.314  0.610  0.001        1
549:     0.001  0.002  0.506  0.490  0.001        1
550:     0.073  0.000  0.489  0.436  0.001        1
551:     0.001  0.001  0.476  0.520  0.002        1
552:     0.001  0.221  0.117  0.661  0.001        1
553:     0.007  0.002  0.306  0.673  0.012        1
554:     0.036  0.039  0.194  0.731  0.001        1
555:     0.000  0.075  0.010  0.913  0.002        1
556:     0.471  0.019  0.315  0.192  0.003        1
557:     0.402  0.017  0.001  0.579  0.001        1
558:     0.062  0.018  0.005  0.910  0.005        1
559:     0.001  0.039  0.052  0.812  0.095        1
560:     0.213  0.016  0.206  0.564  0.001        1
561:     0.001  0.008  0.195  0.794  0.003        1
562:     0.252  0.032  0.178  0.522  0.017        1
563:     0.253  0.002  0.347  0.397  0.000        1
564:     0.027  0.059  0.013  0.867  0.035        1
565:     0.065  0.009  0.011  0.906  0.009        1
566:     0.024  0.008  0.391  0.552  0.026        1
567:     0.182  0.003  0.299  0.438  0.078        1
568:     0.175  0.003  0.007  0.794  0.022        1
569:     0.001  0.000  0.233  0.764  0.001        1
570:     0.007  0.002  0.455  0.530  0.006        1
571:     0.006  0.000  0.005  0.985  0.003        1
572:     0.008  0.003  0.002  0.985  0.002        1
573:     0.079  0.002  0.109  0.806  0.003        1
574:     0.000  0.001  0.465  0.514  0.020        1
575:     0.005  0.015  0.861  0.116  0.004        1
576:     0.297  0.065  0.051  0.563  0.025        1
577:     0.118  0.003  0.090  0.788  0.001        1
578:     0.008  0.002  0.301  0.689  0.001        1
579:     0.001  0.002  0.434  0.559  0.005        1
580:     0.020  0.003  0.284  0.682  0.011        1
581:     0.049  0.035  0.614  0.298  0.003        1
582:     0.123  0.034  0.649  0.190  0.003        1
583:     0.316  0.001  0.260  0.416  0.008        1
584:     0.006  0.032  0.233  0.728  0.002        1
585:     0.003  0.007  0.032  0.951  0.007        1
586:     0.006  0.002  0.002  0.987  0.003        1
587:     0.177  0.001  0.149  0.668  0.005        1
588:     0.431  0.001  0.173  0.386  0.009        1
589:     0.002  0.005  0.045  0.945  0.004        1
590:     0.114  0.013  0.301  0.571  0.001        1
591:     0.006  0.019  0.001  0.972  0.001        1
592:     0.035  0.061  0.189  0.709  0.006        1
593:     0.002  0.002  0.068  0.926  0.002        1
594:     0.476  0.004  0.243  0.274  0.003        1
595:     0.159  0.004  0.215  0.621  0.002        1
596:     0.002  0.005  0.267  0.723  0.003        1
597:     0.025  0.005  0.144  0.824  0.002        1
598:     0.004  0.040  0.003  0.886  0.067        1
599:     0.001  0.008  0.002  0.987  0.003        1
600:     0.007  0.035  0.005  0.951  0.001        1
601:     0.002  0.011  0.002  0.985  0.001        1
602:     0.001  0.004  0.002  0.992  0.001        1
603:     0.002  0.002  0.001  0.995  0.001        1
604:     0.002  0.002  0.003  0.991  0.002        1
605:     0.001  0.004  0.001  0.993  0.001        1
606:     0.008  0.005  0.002  0.985  0.001        1
607:     0.001  0.001  0.003  0.994  0.001        1
608:     0.002  0.001  0.002  0.995  0.001        1
609:     0.001  0.002  0.002  0.994  0.000        1
610:     0.002  0.001  0.001  0.996  0.001        1
611:     0.001  0.001  0.002  0.995  0.001        1
612:     0.002  0.003  0.002  0.983  0.010        1
613:     0.015  0.002  0.001  0.977  0.004        1
614:     0.002  0.007  0.001  0.988  0.002        1
615:     0.001  0.006  0.001  0.992  0.001        1
616:     0.004  0.007  0.001  0.986  0.002        1
617:     0.002  0.004  0.000  0.993  0.001        1
618:     0.005  0.019  0.004  0.971  0.001        1
619:     0.001  0.002  0.001  0.995  0.001        1
620:     0.021  0.007  0.006  0.960  0.005        1
621:     0.002  0.003  0.001  0.994  0.000        1
622:     0.013  0.002  0.227  0.745  0.013        1
623:     0.404  0.004  0.120  0.471  0.001        1
624:     0.372  0.008  0.185  0.434  0.002        1
625:     0.003  0.007  0.964  0.013  0.012        1
626:     0.003  0.029  0.387  0.580  0.001        1
627:     0.001  0.000  0.631  0.366  0.002        1
628:     0.004  0.078  0.808  0.109  0.002        1
629:     0.004  0.026  0.424  0.545  0.001        1
630:     0.007  0.008  0.697  0.286  0.003        1
631:     0.003  0.807  0.003  0.185  0.003        1
632:     0.012  0.488  0.003  0.489  0.009        1
633:     0.008  0.865  0.013  0.018  0.096        1
634:     0.002  0.831  0.000  0.164  0.003        1
635:     0.010  0.101  0.016  0.013  0.861        1
636:     0.002  0.003  0.003  0.002  0.990        1
637:     0.005  0.005  0.003  0.002  0.986        1
638:     0.003  0.003  0.003  0.000  0.991        1
639:     0.008  0.012  0.002  0.005  0.973        1
640:     0.002  0.001  0.002  0.001  0.993        1
641:     0.008  0.005  0.001  0.984  0.002        1
642:     0.035  0.006  0.001  0.956  0.001        1
643:     0.018  0.007  0.002  0.973  0.001        1
644:     0.003  0.001  0.002  0.993  0.001        1
645:     0.003  0.005  0.001  0.988  0.004        1
646:     0.005  0.005  0.001  0.988  0.001        1
647:     0.002  0.003  0.004  0.989  0.001        1
648:     0.005  0.007  0.003  0.983  0.002        1
649:     0.002  0.008  0.001  0.989  0.001        1
650:     0.054  0.006  0.003  0.930  0.007        1
651:     0.001  0.017  0.001  0.979  0.002        1
652:     0.002  0.013  0.000  0.984  0.001        1
653:     0.001  0.007  0.001  0.990  0.001        1
654:     0.001  0.006  0.001  0.990  0.002        1
655:     0.004  0.004  0.001  0.989  0.003        1
656:     0.002  0.001  0.001  0.995  0.001        1
657:     0.002  0.009  0.005  0.982  0.003        1
658:     0.009  0.031  0.015  0.937  0.008        1
659:     0.221  0.008  0.001  0.764  0.006        1
660:     0.021  0.004  0.002  0.971  0.002        1
661:     0.003  0.000  0.001  0.995  0.001        1
662:     0.003  0.005  0.001  0.989  0.002        1
663:     0.003  0.013  0.001  0.982  0.001        1
664:     0.007  0.002  0.007  0.968  0.016        1
665:     0.004  0.004  0.003  0.987  0.002        1
666:     0.005  0.008  0.002  0.985  0.001        1
667:     0.001  0.160  0.001  0.807  0.031        1
668:     0.001  0.001  0.000  0.998  0.000        1
669:     0.001  0.001  0.001  0.996  0.001        1
670:     0.002  0.004  0.003  0.984  0.008        1
671:     0.000  0.004  0.001  0.994  0.000        1
672:     0.003  0.002  0.000  0.994  0.001        1
673:     0.020  0.003  0.003  0.972  0.002        1
674:     0.002  0.006  0.004  0.986  0.001        1
675:     0.009  0.003  0.001  0.986  0.001        1
676:     0.006  0.001  0.001  0.988  0.004        1
677:     0.002  0.007  0.013  0.975  0.003        1
678:     0.096  0.001  0.002  0.900  0.001        1
679:     0.005  0.001  0.001  0.992  0.001        1
680:     0.010  0.004  0.001  0.985  0.001        1
681:     0.001  0.002  0.002  0.994  0.001        1
682:     0.002  0.003  0.001  0.993  0.001        1
683:     0.006  0.028  0.001  0.963  0.001        1
684:     0.002  0.132  0.006  0.859  0.001        1
685:     0.002  0.001  0.003  0.988  0.006        1
686:     0.005  0.004  0.002  0.983  0.006        1
687:     0.046  0.011  0.001  0.940  0.002        1
688:     0.015  0.018  0.001  0.902  0.063        1
689:     0.001  0.002  0.002  0.994  0.001        1
690:     0.018  0.001  0.000  0.980  0.001        1
691:     0.001  0.004  0.007  0.983  0.004        1
692:     0.000  0.002  0.011  0.982  0.004        1
693:     0.001  0.003  0.001  0.994  0.001        1
694:     0.001  0.006  0.002  0.988  0.004        1
695:     0.005  0.026  0.006  0.960  0.003        1
696:     0.030  0.074  0.001  0.894  0.002        1
697:     0.002  0.010  0.002  0.983  0.004        1
698:     0.002  0.003  0.001  0.993  0.001        1
699:     0.004  0.002  0.001  0.992  0.001        1
700:     0.001  0.003  0.001  0.995  0.001        1
701:     0.003  0.001  0.007  0.988  0.002        1
702:     0.004  0.001  0.023  0.970  0.002        1
703:     0.006  0.005  0.002  0.983  0.004        1
704:     0.001  0.004  0.002  0.993  0.001        1
705:     0.002  0.006  0.001  0.991  0.001        1
706:     0.004  0.007  0.002  0.986  0.001        1
707:     0.007  0.004  0.004  0.983  0.003        1
708:     0.005  0.001  0.001  0.992  0.001        1
709:     0.001  0.008  0.002  0.983  0.007        1
710:     0.074  0.096  0.001  0.829  0.001        1
711:     0.000  0.002  0.001  0.996  0.001        1
712:     0.004  0.008  0.001  0.986  0.001        1
713:     0.002  0.013  0.002  0.983  0.001        1
714:     0.003  0.001  0.001  0.003  0.992        1
715:     0.003  0.010  0.004  0.005  0.977        1
716:     0.002  0.003  0.001  0.003  0.991        1
717:     0.040  0.005  0.018  0.002  0.935        1
718:     0.005  0.012  0.003  0.013  0.966        1
719:     0.001  0.001  0.001  0.002  0.995        1
720:     0.001  0.001  0.004  0.001  0.993        1
721:     0.007  0.014  0.006  0.002  0.971        1
722:     0.004  0.007  0.002  0.008  0.980        1
723:     0.001  0.002  0.003  0.001  0.993        1
724:     0.003  0.004  0.009  0.001  0.983        1
725:     0.002  0.015  0.002  0.007  0.974        1
726:     0.001  0.002  0.003  0.005  0.989        1
727:     0.009  0.004  0.001  0.007  0.979        1
728:     0.002  0.002  0.005  0.001  0.989        1
729:     0.100  0.001  0.001  0.001  0.896        1
730:     0.004  0.003  0.010  0.001  0.982        1
731:     0.002  0.012  0.003  0.006  0.977        1
732:     0.001  0.003  0.001  0.001  0.994        1
733:     0.002  0.005  0.005  0.001  0.987        1
734:     0.000  0.001  0.002  0.002  0.995        1
735:     0.010  0.004  0.001  0.009  0.976        1
736:     0.001  0.005  0.001  0.000  0.992        1
737:     0.001  0.002  0.006  0.002  0.989        1
738:     0.002  0.018  0.037  0.010  0.933        1
739:     0.003  0.001  0.000  0.020  0.976        1
740:     0.001  0.004  0.002  0.002  0.991        1
741:     0.001  0.002  0.003  0.002  0.993        1
742:     0.041  0.029  0.010  0.005  0.916        1
743:     0.004  0.008  0.013  0.002  0.973        1
744:     0.003  0.077  0.002  0.002  0.917        1
745:     0.001  0.031  0.014  0.010  0.944        1
746:     0.002  0.009  0.004  0.011  0.974        1
747:     0.002  0.003  0.003  0.002  0.990        1
748:     0.002  0.066  0.003  0.017  0.912        1
749:     0.001  0.004  0.002  0.002  0.991        1
750:     0.012  0.009  0.001  0.005  0.974        1
751:     0.017  0.012  0.002  0.002  0.968        1
752:     0.007  0.002  0.003  0.002  0.987        1
753:     0.001  0.012  0.004  0.005  0.978        1
