0.990 0.006 0.004
0.971 0.024 0.004
0.991 0.004 0.005
0.977 0.013 0.010
0.952 0.044 0.005
0.950 0.021 0.029
0.988 0.008 0.003
0.993 0.004 0.003
0.995 0.002 0.003
0.983 0.011 0.007
0.979 0.014 0.007
0.988 0.009 0.003
0.975 0.017 0.008
0.988 0.006 0.006
0.971 0.023 0.006
0.997 0.001 0.002
0.960 0.029 0.011
0.992 0.003 0.005
0.992 0.005 0.003
0.984 0.006 0.010
0.966 0.009 0.024
0.990 0.005 0.005
0.993 0.004 0.003
0.969 0.018 0.012
0.993 0.004 0.003
0.996 0.003 0.001
0.994 0.003 0.003
0.940 0.053 0.007
0.974 0.020 0.005
0.955 0.010 0.035
0.984 0.004 0.012
0.982 0.010 0.008
0.970 0.012 0.018
0.983 0.006 0.011
0.983 0.014 0.003
0.968 0.012 0.020
0.993 0.003 0.004
0.979 0.012 0.009
0.990 0.006 0.005
0.996 0.002 0.002
0.941 0.031 0.028
0.878 0.117 0.005
0.911 0.045 0.044
0.910 0.005 0.084
0.989 0.008 0.002
0.980 0.018 0.002
0.986 0.007 0.007
0.881 0.003 0.116
0.988 0.008 0.005
0.994 0.002 0.004
0.977 0.021 0.002
0.992 0.002 0.006
0.981 0.007 0.012
0.981 0.011 0.008
0.992 0.006 0.002
0.989 0.008 0.003
0.979 0.016 0.005
0.994 0.004 0.002
0.986 0.007 0.007
0.915 0.055 0.030
0.893 0.006 0.101
0.994 0.004 0.003
0.943 0.015 0.042
0.983 0.004 0.013
0.986 0.010 0.004
0.893 0.086 0.021
0.987 0.010 0.003
0.991 0.005 0.005
0.987 0.011 0.002
0.988 0.006 0.006
0.978 0.019 0.004
0.983 0.012 0.006
0.982 0.010 0.008
0.947 0.037 0.016
0.987 0.006 0.007
0.929 0.061 0.010
0.991 0.004 0.005
0.981 0.014 0.005
0.947 0.045 0.008
0.969 0.024 0.007
0.995 0.003 0.002
0.953 0.045 0.002
0.981 0.008 0.011
0.954 0.033 0.013
0.989 0.008 0.002
0.974 0.012 0.015
0.992 0.005 0.003
0.973 0.015 0.012
0.982 0.015 0.003
0.988 0.010 0.002
0.911 0.079 0.010
0.983 0.010 0.008
0.983 0.008 0.009
0.986 0.009 0.005
0.974 0.007 0.019
0.981 0.017 0.002
0.005 0.992 0.003
0.002 0.996 0.002
0.006 0.984 0.010
0.010 0.982 0.008
0.004 0.994 0.002
0.001 0.994 0.005
0.004 0.992 0.004
0.003 0.993 0.004
0.001 0.996 0.003
0.002 0.989 0.008
0.006 0.986 0.008
0.003 0.987 0.010
0.001 0.978 0.021
0.002 0.996 0.002
0.006 0.991 0.004
0.002 0.973 0.025
0.004 0.993 0.002
0.002 0.995 0.003
0.004 0.985 0.011
0.004 0.993 0.002
0.005 0.989 0.005
0.006 0.987 0.007
0.005 0.980 0.015
0.004 0.993 0.004
0.004 0.992 0.005
0.002 0.994 0.005
0.003 0.995 0.002
0.003 0.995 0.002
0.006 0.988 0.005
0.002 0.994 0.004
0.003 0.994 0.003
0.005 0.993 0.002
0.002 0.993 0.004
0.003 0.987 0.009
0.011 0.982 0.006
0.009 0.982 0.008
0.002 0.995 0.003
0.005 0.983 0.013
0.011 0.969 0.020
0.007 0.990 0.002
0.006 0.993 0.001
0.002 0.992 0.006
0.002 0.995 0.003
0.003 0.987 0.010
0.007 0.990 0.003
0.003 0.994 0.003
0.003 0.987 0.011
0.003 0.995 0.002
0.003 0.984 0.012
0.001 0.997 0.001
0.002 0.983 0.015
0.001 0.996 0.003
0.017 0.977 0.006
0.005 0.989 0.006
0.003 0.995 0.001
0.015 0.973 0.013
0.056 0.941 0.003
0.014 0.981 0.006
0.008 0.990 0.002
0.008 0.987 0.005
0.008 0.978 0.014
0.017 0.979 0.004
0.003 0.991 0.007
0.005 0.973 0.022
0.006 0.988 0.006
0.004 0.993 0.004
0.016 0.972 0.012
0.011 0.985 0.004
0.012 0.976 0.012
0.046 0.950 0.004
0.002 0.996 0.001
0.005 0.983 0.012
0.002 0.996 0.002
0.011 0.988 0.001
0.005 0.993 0.002
0.007 0.986 0.007
0.009 0.981 0.010
0.001 0.995 0.003
0.004 0.989 0.007
0.001 0.995 0.004
0.003 0.980 0.016
0.003 0.995 0.002
0.009 0.988 0.003
0.003 0.992 0.004
0.002 0.996 0.002
0.016 0.974 0.010
0.010 0.987 0.003
0.009 0.980 0.011
0.001 0.991 0.008
0.004 0.994 0.002
0.002 0.987 0.011
0.003 0.996 0.001
0.002 0.993 0.005
0.005 0.993 0.002
0.004 0.993 0.004
0.006 0.991 0.003
0.007 0.992 0.001
0.026 0.965 0.009
0.001 0.997 0.002
0.003 0.985 0.011
0.006 0.990 0.005
0.001 0.992 0.007
0.005 0.993 0.002
0.192 0.797 0.010
0.085 0.911 0.004
0.003 0.995 0.002
0.012 0.976 0.012
0.074 0.923 0.003
0.066 0.929 0.005
0.128 0.868 0.004
0.041 0.953 0.006
0.023 0.973 0.004
0.058 0.931 0.011
0.002 0.993 0.005
0.016 0.981 0.003
0.145 0.850 0.006
0.008 0.983 0.009
0.087 0.907 0.006
0.015 0.978 0.006
0.011 0.980 0.009
0.025 0.974 0.002
0.013 0.985 0.002
0.035 0.947 0.018
0.004 0.994 0.002
0.004 0.985 0.011
0.009 0.985 0.006
0.054 0.945 0.001
0.008 0.989 0.003
0.003 0.992 0.004
0.229 0.767 0.004
0.002 0.996 0.003
0.037 0.961 0.003
0.220 0.775 0.005
0.153 0.839 0.008
0.010 0.985 0.004
0.009 0.976 0.015
0.006 0.985 0.009
0.058 0.939 0.003
0.010 0.979 0.011
0.004 0.995 0.001
0.113 0.882 0.005
0.010 0.988 0.003
0.043 0.953 0.004
0.016 0.976 0.008
0.006 0.976 0.018
0.013 0.978 0.009
0.005 0.992 0.003
0.061 0.935 0.004
0.009 0.967 0.024
0.010 0.987 0.004
0.045 0.949 0.006
0.079 0.917 0.004
0.014 0.979 0.007
0.038 0.960 0.003
0.005 0.991 0.004
0.006 0.993 0.002
0.020 0.977 0.003
0.003 0.993 0.003
0.152 0.842 0.006
0.016 0.970 0.015
0.017 0.971 0.012
0.009 0.970 0.020
0.013 0.984 0.003
0.008 0.980 0.012
0.072 0.902 0.026
0.032 0.956 0.011
0.047 0.941 0.012
0.011 0.988 0.002
0.011 0.984 0.005
0.018 0.936 0.046
0.003 0.993 0.004
0.065 0.932 0.003
0.003 0.996 0.001
0.006 0.992 0.002
0.119 0.879 0.002
0.014 0.984 0.003
0.011 0.985 0.004
0.010 0.987 0.003
0.037 0.949 0.013
0.014 0.964 0.023
0.118 0.872 0.010
0.009 0.990 0.001
0.027 0.971 0.003
0.012 0.977 0.011
0.002 0.993 0.005
0.992 0.004 0.004
0.992 0.005 0.004
0.968 0.027 0.005
0.977 0.015 0.008
0.987 0.004 0.010
0.977 0.008 0.014
0.967 0.024 0.009
0.995 0.002 0.003
0.994 0.004 0.002
0.991 0.004 0.005
0.977 0.016 0.007
0.972 0.025 0.003
0.992 0.004 0.003
0.993 0.005 0.003
0.987 0.006 0.008
0.992 0.004 0.004
0.991 0.003 0.005
0.990 0.008 0.003
0.987 0.006 0.007
0.992 0.005 0.003
0.963 0.011 0.026
0.989 0.009 0.003
0.976 0.007 0.018
0.987 0.010 0.003
0.980 0.012 0.008
0.984 0.011 0.006
0.973 0.020 0.007
0.989 0.007 0.003
0.982 0.008 0.010
0.990 0.002 0.007
0.995 0.003 0.002
0.940 0.057 0.003
0.975 0.005 0.019
0.983 0.007 0.010
0.934 0.021 0.045
0.991 0.004 0.005
0.973 0.023 0.004
0.956 0.037 0.007
0.973 0.005 0.022
0.988 0.005 0.007
0.994 0.004 0.002
0.975 0.021 0.003
0.010 0.977 0.013
0.018 0.627 0.355
0.002 0.989 0.009
0.970 0.009 0.021
0.995 0.001 0.004
0.991 0.005 0.003
0.994 0.002 0.004
0.986 0.009 0.006
0.997 0.002 0.001
0.994 0.004 0.002
0.975 0.015 0.010
0.991 0.006 0.003
0.992 0.006 0.003
0.989 0.009 0.002
0.975 0.018 0.007
0.995 0.003 0.002
0.987 0.011 0.003
0.996 0.002 0.002
0.994 0.004 0.002
0.996 0.003 0.001
0.985 0.010 0.005
0.995 0.002 0.003
0.991 0.006 0.003
0.975 0.014 0.011
0.993 0.005 0.002
0.988 0.008 0.004
0.983 0.008 0.009
0.991 0.004 0.004
0.990 0.007 0.003
0.971 0.017 0.012
0.990 0.007 0.003
0.971 0.010 0.018
0.990 0.007 0.002
0.985 0.007 0.008
0.985 0.009 0.006
0.976 0.016 0.008
0.993 0.005 0.003
0.976 0.008 0.016
0.019 0.827 0.154
0.231 0.726 0.043
0.039 0.951 0.010
0.111 0.866 0.024
0.982 0.015 0.003
0.974 0.018 0.008
0.989 0.006 0.005
0.982 0.014 0.004
0.996 0.002 0.002
0.953 0.018 0.029
0.991 0.006 0.003
0.986 0.009 0.005
0.994 0.004 0.002
0.979 0.016 0.006
0.983 0.014 0.003
0.990 0.005 0.005
0.995 0.002 0.002
0.993 0.003 0.005
0.988 0.005 0.007
0.958 0.012 0.030
0.993 0.003 0.004
0.994 0.004 0.003
0.980 0.009 0.011
0.937 0.010 0.054
0.988 0.009 0.003
0.986 0.008 0.006
0.982 0.007 0.011
0.991 0.003 0.007
0.981 0.011 0.007
0.992 0.004 0.004
0.995 0.003 0.002
0.996 0.003 0.001
0.025 0.920 0.055
0.060 0.935 0.006
0.009 0.845 0.146
0.020 0.978 0.002
0.003 0.972 0.025
0.006 0.985 0.009
0.075 0.890 0.035
0.035 0.922 0.043
0.061 0.935 0.004
0.990 0.007 0.002
0.925 0.054 0.020
0.989 0.008 0.003
0.991 0.007 0.002
0.991 0.002 0.007
0.898 0.004 0.097
0.995 0.002 0.003
0.994 0.003 0.003
0.978 0.006 0.015
0.972 0.007 0.021
0.995 0.003 0.002
0.996 0.002 0.002
0.987 0.009 0.004
0.992 0.005 0.003
0.960 0.031 0.008
0.005 0.981 0.014
0.242 0.748 0.010
0.009 0.559 0.432
0.008 0.914 0.078
0.015 0.847 0.139
0.085 0.907 0.008
0.021 0.798 0.181
0.172 0.825 0.003
0.010 0.966 0.024
0.005 0.985 0.011
0.002 0.761 0.237
0.156 0.840 0.004
0.156 0.817 0.028
0.002 0.992 0.006
0.004 0.907 0.089
0.180 0.808 0.011
0.046 0.949 0.005
0.282 0.692 0.026
0.023 0.970 0.007
0.010 0.981 0.009
0.004 0.993 0.003
0.179 0.802 0.019
0.399 0.587 0.014
0.006 0.776 0.218
0.021 0.967 0.012
0.126 0.854 0.020
0.003 0.904 0.093
0.006 0.984 0.010
0.006 0.891 0.103
0.061 0.922 0.017
0.003 0.884 0.113
0.086 0.902 0.012
0.022 0.879 0.099
0.004 0.705 0.290
0.003 0.365 0.631
0.009 0.988 0.003
0.010 0.968 0.022
0.008 0.945 0.047
0.038 0.235 0.727
0.253 0.739 0.008
0.150 0.844 0.007
0.003 0.996 0.002
0.164 0.756 0.080
0.248 0.746 0.006
0.277 0.713 0.010
0.157 0.721 0.123
0.023 0.961 0.016
0.042 0.943 0.015
0.039 0.957 0.005
0.007 0.760 0.233
0.355 0.642 0.003
0.004 0.990 0.006
0.183 0.439 0.378
0.243 0.729 0.028
0.042 0.926 0.032
0.226 0.760 0.014
0.032 0.830 0.138
0.006 0.991 0.003
0.133 0.706 0.161
0.101 0.884 0.015
0.024 0.956 0.020
0.086 0.903 0.012
0.003 0.814 0.183
0.029 0.935 0.036
0.130 0.722 0.148
0.228 0.756 0.016
0.004 0.963 0.033
0.008 0.962 0.030
0.070 0.895 0.035
0.003 0.969 0.028
0.009 0.898 0.093
0.003 0.963 0.034
0.309 0.683 0.008
0.003 0.745 0.252
0.001 0.862 0.137
0.496 0.456 0.048
0.172 0.808 0.020
0.016 0.774 0.210
0.032 0.961 0.007
0.055 0.927 0.019
0.007 0.989 0.004
0.010 0.534 0.455
0.003 0.139 0.858
0.008 0.664 0.328
0.014 0.964 0.021
0.151 0.847 0.002
0.151 0.845 0.004
0.009 0.986 0.005
0.125 0.850 0.025
0.110 0.849 0.041
0.035 0.880 0.085
0.003 0.988 0.009
0.423 0.443 0.134
0.066 0.927 0.008
0.062 0.933 0.004
0.220 0.453 0.327
0.011 0.986 0.003
0.099 0.762 0.139
0.018 0.947 0.035
0.016 0.972 0.012
0.019 0.977 0.004
0.006 0.617 0.377
0.010 0.949 0.041
0.001 0.946 0.053
0.015 0.664 0.321
0.010 0.714 0.276
0.024 0.963 0.014
0.044 0.953 0.003
0.065 0.915 0.020
0.005 0.783 0.212
0.005 0.934 0.061
0.003 0.994 0.002
0.592 0.403 0.005
0.201 0.514 0.285
0.065 0.929 0.006
0.246 0.750 0.004
0.442 0.555 0.004
0.132 0.855 0.013
0.094 0.885 0.021
0.245 0.747 0.008
0.207 0.782 0.011
0.240 0.692 0.068
0.168 0.824 0.008
0.006 0.954 0.041
0.229 0.766 0.005
0.186 0.811 0.002
0.289 0.460 0.251
0.370 0.623 0.007
0.100 0.811 0.089
0.552 0.433 0.015
0.232 0.732 0.035
0.285 0.712 0.003
0.285 0.613 0.102
0.289 0.705 0.007
0.031 0.964 0.005
0.137 0.854 0.008
0.034 0.903 0.063
0.004 0.993 0.004
0.052 0.500 0.449
0.006 0.609 0.385
0.020 0.925 0.055
0.130 0.868 0.002
0.029 0.748 0.223
0.038 0.952 0.009
0.087 0.660 0.253
0.205 0.593 0.202
0.026 0.923 0.051
0.005 0.926 0.069
0.279 0.696 0.024
0.258 0.567 0.175
0.005 0.835 0.160
0.117 0.879 0.004
0.282 0.685 0.033
0.005 0.981 0.015
0.005 0.973 0.022
0.011 0.860 0.129
0.352 0.642 0.006
0.447 0.549 0.004
0.083 0.629 0.289
0.007 0.938 0.055
0.113 0.872 0.015
0.270 0.726 0.004
0.187 0.776 0.037
0.439 0.540 0.021
0.331 0.532 0.138
0.092 0.596 0.312
0.078 0.919 0.004
0.014 0.984 0.002
0.006 0.986 0.009
0.023 0.796 0.181
0.100 0.454 0.446
0.005 0.987 0.008
0.115 0.801 0.085
0.003 0.988 0.009
0.145 0.812 0.043
0.006 0.991 0.003
0.131 0.377 0.492
0.077 0.747 0.176
0.032 0.963 0.005
0.025 0.963 0.012
0.038 0.948 0.014
0.004 0.995 0.002
0.007 0.983 0.011
0.001 0.996 0.003
0.002 0.994 0.004
0.002 0.993 0.004
0.003 0.989 0.008
0.002 0.991 0.007
0.002 0.987 0.011
0.003 0.994 0.004
0.002 0.995 0.002
0.003 0.994 0.002
0.002 0.996 0.002
0.007 0.990 0.003
0.019 0.974 0.006
0.004 0.985 0.011
0.003 0.989 0.008
0.001 0.996 0.002
0.003 0.977 0.020
0.002 0.994 0.004
0.003 0.991 0.005
0.005 0.991 0.005
0.015 0.961 0.024
0.002 0.994 0.004
0.153 0.837 0.010
0.037 0.550 0.413
0.005 0.643 0.352
0.510 0.465 0.025
0.041 0.954 0.005
0.288 0.711 0.001
0.442 0.551 0.007
0.277 0.715 0.009
0.452 0.544 0.004
0.199 0.777 0.025
0.107 0.868 0.025
0.311 0.672 0.017
0.022 0.971 0.007
0.915 0.044 0.041
0.996 0.003 0.002
0.983 0.004 0.013
0.990 0.006 0.004
0.964 0.013 0.023
0.995 0.003 0.002
0.002 0.989 0.010
0.002 0.971 0.026
0.002 0.976 0.022
0.002 0.994 0.004
0.009 0.982 0.009
0.001 0.982 0.017
0.004 0.991 0.005
0.001 0.994 0.004
0.002 0.994 0.004
0.007 0.928 0.065
0.004 0.994 0.003
0.002 0.995 0.003
0.003 0.996 0.002
0.007 0.991 0.003
0.004 0.990 0.005
0.004 0.988 0.008
0.002 0.995 0.003
0.025 0.968 0.007
0.005 0.803 0.193
0.003 0.962 0.034
0.002 0.992 0.006
0.004 0.988 0.009
0.002 0.987 0.012
0.024 0.960 0.016
0.003 0.976 0.021
0.006 0.985 0.009
0.031 0.966 0.003
0.002 0.996 0.003
0.001 0.996 0.003
0.007 0.989 0.004
0.001 0.996 0.003
0.005 0.983 0.012
0.004 0.962 0.034
0.004 0.995 0.001
0.003 0.985 0.013
0.007 0.977 0.015
0.008 0.984 0.008
0.003 0.918 0.079
0.001 0.996 0.002
0.001 0.970 0.029
0.003 0.994 0.003
0.003 0.990 0.007
0.005 0.983 0.012
0.003 0.995 0.002
0.010 0.980 0.011
0.005 0.981 0.013
0.007 0.938 0.055
0.032 0.939 0.029
0.003 0.980 0.017
0.006 0.975 0.019
0.008 0.988 0.003
0.005 0.993 0.002
0.004 0.991 0.005
0.006 0.992 0.002
0.007 0.988 0.005
0.004 0.970 0.026
0.005 0.985 0.010
0.002 0.995 0.003
0.005 0.981 0.015
0.003 0.993 0.004
0.005 0.986 0.009
0.004 0.991 0.005
0.009 0.984 0.007
0.003 0.995 0.002
0.004 0.989 0.007
0.004 0.992 0.005
0.005 0.967 0.028
0.002 0.988 0.011
0.009 0.986 0.005
0.002 0.929 0.068
0.004 0.994 0.002
0.001 0.992 0.007
0.002 0.990 0.007
0.990 0.003 0.006
0.993 0.003 0.005
0.991 0.005 0.003
0.960 0.003 0.036
0.957 0.033 0.010
0.995 0.003 0.003
0.994 0.003 0.003
0.988 0.004 0.007
0.965 0.016 0.019
0.995 0.003 0.002
0.990 0.007 0.003
0.983 0.008 0.008
0.994 0.003 0.003
0.961 0.014 0.025
0.979 0.005 0.016
0.939 0.005 0.056
0.987 0.005 0.008
0.977 0.017 0.006
0.996 0.002 0.002
0.985 0.010 0.004
0.996 0.002 0.002
0.962 0.026 0.012
0.987 0.009 0.004
0.992 0.003 0.005
0.979 0.017 0.004
0.970 0.026 0.004
0.976 0.005 0.019
0.988 0.005 0.007
0.937 0.009 0.054
0.991 0.003 0.006
0.987 0.008 0.005
0.977 0.020 0.004
0.978 0.019 0.004
0.986 0.008 0.007
0.939 0.056 0.005
0.989 0.007 0.004
0.970 0.020 0.010
0.964 0.014 0.022
0.973 0.013 0.015
0.984 0.010 0.006
0.985 0.011 0.004
0.995 0.003 0.002
0.986 0.009 0.005
0.986 0.004 0.011
0.975 0.021 0.005
0.979 0.010 0.010
0.991 0.004 0.005
0.967 0.011 0.022
0.983 0.012 0.006
0.986 0.008 0.006
0.975 0.005 0.020
0.986 0.007 0.008
0.945 0.026 0.029
0.995 0.003 0.003
0.986 0.004 0.009
0.957 0.036 0.007
0.004 0.188 0.808
0.111 0.342 0.547
0.022 0.076 0.902
0.005 0.508 0.487
0.002 0.132 0.866
0.012 0.430 0.557
0.004 0.007 0.989
0.005 0.003 0.992
0.503 0.487 0.010
0.640 0.350 0.010
0.020 0.185 0.794
0.002 0.007 0.991
0.029 0.120 0.851
0.007 0.314 0.680
0.006 0.005 0.989
0.511 0.486 0.002
0.338 0.660 0.002
0.744 0.250 0.005
0.623 0.367 0.010
0.668 0.329 0.003
0.375 0.401 0.224
0.742 0.203 0.056
0.568 0.425 0.007
0.488 0.509 0.003
0.377 0.451 0.172
0.463 0.529 0.008
0.635 0.363 0.002
0.619 0.379 0.002
0.297 0.685 0.019
0.597 0.397 0.006
0.458 0.431 0.110
0.890 0.086 0.024
0.588 0.405 0.008
0.376 0.453 0.171
0.667 0.323 0.010
0.710 0.281 0.010
0.635 0.363 0.002
0.566 0.427 0.007
0.652 0.345 0.003
0.001 0.002 0.996
0.001 0.002 0.997
0.674 0.320 0.006
0.243 0.299 0.459
0.277 0.698 0.025
0.729 0.267 0.003
0.505 0.476 0.019
0.240 0.515 0.245
0.588 0.408 0.004
0.617 0.381 0.002
0.498 0.500 0.002
0.485 0.511 0.004
0.400 0.595 0.005
0.345 0.650 0.006
0.678 0.320 0.002
0.011 0.121 0.868
0.004 0.153 0.844
0.006 0.670 0.324
0.140 0.317 0.543
0.136 0.029 0.835
0.524 0.472 0.004
0.709 0.289 0.002
0.607 0.390 0.003
0.586 0.412 0.002
0.755 0.240 0.006
0.328 0.372 0.300
0.680 0.314 0.006
0.008 0.017 0.975
0.007 0.350 0.643
0.002 0.003 0.995
0.002 0.004 0.994
0.004 0.006 0.990
0.975 0.005 0.020
0.991 0.006 0.003
0.984 0.011 0.005
0.939 0.018 0.043
0.981 0.013 0.006
0.994 0.002 0.003
0.904 0.083 0.013
0.958 0.011 0.031
0.973 0.021 0.006
0.981 0.005 0.013
0.982 0.012 0.006
0.990 0.008 0.003
0.989 0.008 0.003
0.970 0.023 0.007
0.962 0.030 0.008
0.990 0.005 0.005
0.960 0.002 0.038
0.003 0.357 0.640
0.005 0.080 0.915
0.002 0.002 0.996
0.015 0.035 0.950
0.933 0.028 0.039
0.951 0.023 0.026
0.918 0.072 0.009
0.884 0.110 0.006
0.963 0.020 0.017
0.975 0.009 0.015
0.909 0.014 0.077
0.971 0.007 0.021
0.753 0.243 0.004
0.988 0.007 0.005
0.985 0.012 0.003
0.979 0.017 0.004
0.986 0.004 0.010
0.988 0.009 0.003
0.955 0.025 0.019
0.981 0.012 0.007
0.979 0.016 0.005
0.980 0.008 0.012
0.959 0.030 0.012
0.990 0.004 0.006
0.968 0.014 0.017
0.538 0.446 0.015
0.498 0.497 0.005
0.001 0.002 0.997
0.726 0.233 0.041
0.605 0.394 0.002
0.728 0.269 0.003
0.030 0.048 0.922
0.002 0.007 0.991
0.003 0.005 0.993
0.959 0.024 0.017
0.995 0.003 0.002
0.996 0.001 0.002
0.965 0.025 0.009
0.990 0.008 0.002
0.991 0.004 0.005
0.986 0.008 0.006
0.894 0.030 0.075
0.956 0.015 0.029
0.922 0.051 0.028
0.975 0.007 0.018
0.982 0.013 0.005
0.911 0.080 0.009
0.995 0.002 0.004
0.971 0.018 0.011
0.987 0.007 0.006
0.993 0.003 0.004
0.142 0.004 0.854
0.023 0.137 0.840
0.420 0.566 0.014
0.630 0.357 0.013
0.696 0.303 0.001
0.975 0.019 0.006
0.985 0.008 0.007
0.991 0.004 0.005
0.993 0.004 0.003
0.985 0.011 0.005
0.989 0.006 0.005
0.992 0.005 0.003
0.993 0.006 0.002
0.984 0.011 0.005
0.987 0.008 0.005
0.962 0.028 0.009
0.992 0.002 0.006
0.982 0.010 0.008
0.995 0.001 0.003
0.996 0.002 0.002
0.995 0.002 0.004
0.946 0.046 0.007
0.993 0.006 0.001
0.976 0.011 0.013
0.996 0.002 0.002
0.001 0.995 0.004
0.003 0.994 0.003
0.002 0.988 0.010
0.003 0.974 0.023
0.003 0.994 0.003
0.002 0.991 0.007
0.003 0.989 0.008
0.009 0.981 0.011
0.003 0.990 0.008
0.004 0.988 0.008
0.005 0.994 0.001
0.008 0.970 0.022
0.002 0.995 0.003
0.002 0.961 0.037
0.897 0.027 0.076
0.234 0.764 0.002
0.252 0.745 0.003
0.003 0.002 0.995
0.014 0.425 0.561
0.796 0.201 0.002
0.400 0.597 0.003
0.613 0.382 0.005
0.471 0.523 0.006
0.551 0.426 0.023
0.588 0.410 0.002
0.768 0.229 0.003
0.524 0.252 0.224
0.775 0.221 0.004
0.596 0.395 0.009
0.726 0.273 0.001
0.002 0.256 0.742
0.003 0.082 0.916
0.003 0.172 0.826
0.002 0.161 0.838
0.651 0.347 0.002
0.525 0.465 0.010
0.712 0.281 0.007
0.559 0.435 0.006
0.347 0.644 0.009
0.509 0.483 0.008
0.660 0.332 0.008
0.397 0.587 0.016
0.155 0.016 0.829
0.004 0.007 0.990
0.003 0.005 0.992
0.422 0.569 0.009
0.003 0.107 0.890
0.002 0.001 0.997
0.002 0.004 0.994
0.007 0.008 0.985
0.166 0.037 0.797
0.002 0.003 0.994
0.001 0.001 0.997
0.007 0.138 0.855
0.003 0.004 0.993
0.012 0.397 0.592
0.002 0.004 0.994
0.014 0.014 0.972
0.010 0.258 0.732
0.475 0.521 0.004
0.541 0.446 0.013
0.987 0.011 0.002
0.972 0.009 0.019
0.989 0.007 0.004
0.990 0.003 0.006
0.995 0.003 0.002
0.993 0.004 0.003
0.986 0.009 0.005
0.984 0.010 0.007
0.992 0.004 0.004
0.967 0.025 0.009
0.991 0.005 0.004
0.985 0.006 0.009
0.984 0.012 0.004
0.992 0.004 0.003
0.994 0.004 0.002
0.989 0.008 0.003
0.952 0.005 0.043
0.910 0.035 0.055
0.991 0.007 0.002
0.932 0.051 0.018
0.961 0.017 0.022
0.982 0.007 0.012
0.929 0.027 0.044
0.979 0.014 0.007
0.970 0.004 0.025
0.987 0.007 0.006
0.938 0.025 0.037
0.984 0.008 0.008
0.977 0.011 0.013
0.987 0.006 0.007
0.991 0.007 0.003
0.990 0.005 0.005
0.979 0.015 0.006
0.951 0.039 0.010
0.990 0.004 0.007
0.001 0.003 0.996
0.011 0.341 0.648
0.033 0.738 0.230
0.003 0.323 0.674
0.002 0.002 0.997
0.007 0.333 0.661
0.056 0.112 0.832
0.012 0.004 0.984
0.082 0.003 0.916
0.003 0.335 0.662
0.002 0.002 0.996
0.005 0.243 0.752
0.004 0.011 0.986
0.004 0.032 0.963
0.001 0.004 0.995
0.006 0.011 0.983
0.002 0.005 0.993
0.002 0.003 0.996
0.003 0.004 0.993
0.008 0.385 0.607
0.002 0.002 0.997
0.059 0.025 0.917
0.001 0.003 0.996
0.004 0.579 0.418
0.002 0.002 0.996
0.280 0.705 0.015
0.248 0.749 0.003
0.012 0.981 0.006
0.025 0.971 0.004
0.002 0.003 0.996
0.044 0.007 0.950
0.019 0.014 0.966
0.014 0.501 0.485
0.005 0.346 0.649
0.006 0.470 0.524
0.001 0.002 0.997
0.975 0.021 0.004
0.996 0.001 0.003
0.967 0.006 0.026
0.987 0.010 0.003
0.002 0.003 0.995
0.003 0.003 0.994
0.003 0.015 0.982
0.005 0.295 0.700
0.004 0.004 0.992
0.002 0.004 0.994
0.120 0.006 0.874
0.002 0.006 0.991
0.003 0.155 0.842
0.014 0.019 0.967
0.009 0.019 0.973
0.002 0.001 0.997
0.006 0.011 0.984
0.003 0.019 0.979
0.007 0.012 0.982
0.004 0.012 0.984
0.001 0.003 0.996
0.002 0.002 0.996
0.001 0.003 0.995
0.002 0.004 0.994
0.014 0.011 0.975
0.004 0.003 0.994
0.044 0.051 0.905
0.002 0.004 0.994
0.007 0.019 0.974
0.001 0.003 0.996
0.002 0.006 0.992
0.127 0.869 0.004
0.119 0.803 0.079
0.347 0.642 0.011
0.167 0.767 0.066
0.196 0.801 0.003
0.003 0.013 0.984
0.002 0.011 0.987
0.010 0.050 0.940
0.007 0.018 0.975
0.005 0.050 0.944
0.001 0.003 0.996
0.008 0.006 0.987
0.001 0.006 0.993
0.008 0.016 0.977
0.005 0.012 0.983
0.007 0.020 0.972
0.024 0.015 0.960
0.004 0.005 0.991
0.001 0.006 0.992
0.001 0.003 0.996
0.005 0.007 0.988
0.075 0.920 0.005
0.168 0.823 0.009
0.182 0.799 0.018
0.217 0.780 0.003
0.149 0.835 0.016
0.235 0.761 0.004
0.161 0.837 0.002
0.140 0.851 0.010
0.135 0.854 0.011
0.199 0.781 0.020
0.004 0.024 0.972
0.003 0.015 0.982
0.021 0.007 0.972
0.008 0.007 0.986
0.003 0.004 0.994
0.002 0.002 0.996
0.028 0.960 0.012
0.075 0.910 0.015
0.209 0.742 0.048
0.315 0.669 0.016
0.223 0.762 0.016
0.359 0.622 0.020
0.101 0.892 0.008
0.113 0.879 0.008
0.208 0.781 0.012
0.217 0.771 0.012
0.152 0.813 0.035
0.183 0.813 0.004
0.211 0.767 0.023
0.013 0.011 0.976
0.001 0.006 0.993
0.004 0.004 0.992
0.006 0.024 0.970
0.002 0.002 0.996
0.011 0.009 0.980
0.295 0.699 0.006
0.357 0.636 0.007
0.321 0.673 0.006
0.066 0.929 0.004
0.244 0.682 0.074
0.204 0.789 0.007
0.221 0.665 0.114
0.048 0.948 0.005
0.206 0.783 0.010
0.001 0.006 0.992
0.026 0.009 0.966
0.001 0.004 0.995
0.001 0.002 0.997
0.006 0.028 0.966
0.006 0.004 0.991
0.003 0.004 0.992
0.003 0.004 0.993
0.001 0.001 0.998
0.232 0.759 0.009
0.283 0.715 0.002
0.294 0.685 0.021
0.123 0.871 0.006
0.149 0.846 0.005
0.233 0.762 0.005
0.336 0.659 0.005
0.233 0.766 0.001
0.235 0.745 0.020
0.253 0.720 0.027
0.334 0.654 0.011
0.325 0.656 0.020
0.008 0.015 0.978
0.021 0.021 0.958
0.007 0.010 0.983
0.002 0.002 0.996
0.004 0.003 0.993
0.002 0.002 0.996
0.054 0.064 0.882
0.011 0.176 0.812
0.004 0.002 0.993
0.011 0.055 0.935
0.009 0.009 0.982
0.008 0.010 0.983
0.010 0.007 0.983
0.002 0.010 0.988
0.018 0.007 0.975
0.002 0.003 0.995
0.001 0.002 0.997
0.011 0.041 0.948
0.005 0.006 0.989
0.001 0.003 0.996
0.002 0.002 0.996
0.003 0.007 0.990
0.010 0.022 0.968
0.001 0.002 0.997
0.002 0.007 0.992
0.039 0.008 0.953
0.003 0.002 0.995
0.003 0.005 0.993
0.003 0.004 0.993
0.002 0.103 0.895
0.044 0.057 0.899
0.002 0.007 0.991
0.001 0.006 0.993
0.001 0.001 0.998
0.010 0.031 0.959
0.001 0.002 0.997
0.007 0.003 0.991
0.006 0.004 0.989
0.006 0.006 0.988
0.002 0.002 0.995
0.001 0.001 0.998
0.005 0.005 0.990
0.004 0.002 0.994
0.003 0.003 0.995
0.001 0.005 0.994
0.002 0.007 0.991
0.003 0.003 0.994
0.004 0.003 0.993
0.007 0.003 0.990
0.002 0.007 0.991
0.004 0.003 0.993
0.001 0.003 0.996
0.002 0.002 0.996
0.001 0.001 0.997
0.001 0.002 0.997
0.001 0.001 0.998
0.007 0.004 0.988
0.016 0.023 0.961
0.488 0.505 0.007
0.301 0.692 0.007
0.402 0.573 0.025
0.429 0.567 0.005
0.199 0.793 0.008
0.031 0.937 0.032
0.167 0.822 0.011
0.172 0.819 0.009
0.177 0.819 0.005
0.178 0.798 0.024
0.007 0.016 0.977
0.002 0.011 0.987
0.004 0.019 0.977
0.004 0.015 0.980
0.001 0.001 0.998
0.002 0.007 0.991
0.013 0.004 0.982
0.002 0.001 0.997
0.001 0.003 0.996
0.005 0.021 0.974
0.007 0.016 0.977
0.002 0.002 0.996
0.006 0.006 0.988
0.001 0.003 0.996
0.002 0.007 0.991
0.003 0.002 0.995
0.005 0.004 0.991
0.001 0.003 0.996
0.005 0.031 0.964
0.003 0.015 0.981
0.003 0.001 0.996
0.002 0.005 0.993
0.003 0.003 0.995
0.001 0.001 0.998
0.004 0.006 0.990
0.005 0.003 0.993
0.002 0.035 0.964
0.003 0.003 0.994
0.002 0.003 0.996
0.002 0.004 0.994
0.014 0.024 0.963
0.004 0.006 0.990
0.018 0.068 0.914
0.004 0.002 0.994
0.004 0.003 0.993
0.001 0.002 0.997
0.002 0.001 0.997
0.001 0.001 0.999
0.003 0.005 0.992
0.002 0.003 0.995
0.003 0.013 0.984
0.002 0.005 0.992
0.001 0.002 0.997
0.017 0.003 0.980
0.001 0.002 0.998
0.002 0.002 0.996
0.003 0.002 0.995
0.002 0.004 0.994
0.002 0.001 0.997
0.002 0.002 0.996
0.002 0.004 0.994
0.002 0.002 0.996
0.008 0.005 0.987
0.002 0.003 0.995
0.003 0.002 0.995
0.001 0.002 0.996
0.004 0.009 0.987
0.004 0.025 0.971
0.002 0.002 0.995
0.002 0.002 0.996
0.003 0.004 0.993
0.002 0.003 0.996
0.001 0.001 0.997
0.002 0.004 0.994
0.003 0.007 0.989
0.003 0.010 0.988
0.001 0.002 0.997
0.003 0.004 0.994
0.002 0.002 0.996
0.020 0.008 0.972
0.003 0.005 0.992
0.003 0.003 0.994
0.003 0.002 0.995
0.005 0.004 0.991
0.002 0.025 0.973
0.003 0.009 0.988
0.001 0.002 0.997
0.002 0.003 0.995
0.002 0.004 0.994
0.001 0.001 0.998
0.004 0.005 0.992
0.001 0.002 0.997
0.008 0.030 0.962
0.001 0.001 0.997
0.214 0.780 0.007
0.373 0.626 0.001
0.215 0.766 0.019
0.267 0.723 0.010
0.191 0.802 0.007
0.019 0.911 0.070
0.002 0.003 0.995
0.002 0.001 0.997
0.002 0.007 0.990
0.009 0.005 0.987
0.001 0.001 0.997
0.003 0.005 0.992
0.006 0.008 0.986
0.003 0.004 0.993
0.002 0.005 0.994
0.002 0.002 0.996
0.004 0.009 0.987
0.004 0.011 0.985
0.004 0.003 0.994
0.003 0.004 0.994
0.005 0.004 0.991
0.002 0.003 0.995
0.003 0.004 0.993
0.007 0.011 0.982
0.002 0.002 0.996
0.001 0.003 0.995
0.002 0.002 0.996
0.001 0.004 0.995
0.001 0.001 0.998
0.004 0.010 0.987
0.002 0.002 0.996
0.002 0.003 0.996
0.001 0.001 0.998
0.002 0.002 0.996
0.002 0.007 0.990
0.002 0.003 0.995
0.002 0.002 0.996
0.003 0.004 0.992
0.002 0.005 0.994
0.002 0.001 0.997
0.002 0.003 0.995
0.001 0.001 0.998
0.002 0.003 0.995
0.004 0.008 0.988
0.002 0.003 0.995
0.002 0.005 0.993
0.005 0.003 0.992
0.002 0.003 0.994
0.002 0.001 0.996
0.005 0.013 0.982
0.011 0.019 0.970
0.002 0.002 0.996
0.011 0.025 0.964
0.003 0.002 0.996
0.008 0.008 0.984
0.002 0.006 0.992
0.002 0.003 0.995
0.003 0.006 0.991
0.001 0.002 0.996
0.001 0.001 0.997
0.003 0.006 0.991
0.002 0.002 0.996
0.002 0.002 0.996
0.002 0.003 0.995
0.002 0.002 0.997
0.002 0.002 0.996
0.006 0.004 0.991
0.003 0.010 0.987
0.003 0.004 0.994
0.018 0.014 0.968
0.002 0.003 0.995
0.003 0.008 0.989
0.001 0.002 0.997
0.002 0.004 0.994
0.001 0.002 0.997
0.002 0.003 0.995
0.001 0.002 0.996
0.005 0.002 0.993
0.005 0.003 0.992
0.002 0.002 0.997
0.219 0.778 0.003
0.152 0.841 0.007
0.300 0.575 0.126
0.005 0.020 0.975
0.002 0.003 0.995
0.003 0.014 0.983
0.003 0.004 0.993
0.001 0.002 0.996
0.007 0.004 0.989
0.002 0.002 0.997
0.001 0.002 0.997
0.004 0.005 0.991
0.004 0.005 0.991
0.008 0.027 0.964
0.001 0.001 0.998
0.005 0.017 0.978
0.001 0.008 0.991
0.008 0.014 0.978
0.006 0.007 0.987
0.002 0.002 0.997
0.002 0.044 0.954
0.007 0.009 0.984
0.005 0.009 0.986
0.001 0.001 0.997
0.001 0.003 0.996
0.001 0.003 0.996
0.002 0.006 0.992
0.002 0.006 0.992
0.229 0.768 0.004
0.395 0.560 0.046
0.283 0.698 0.019
0.156 0.835 0.008
0.562 0.332 0.105
0.336 0.647 0.017
0.271 0.692 0.037
0.475 0.510 0.015
0.429 0.568 0.003
0.317 0.669 0.014
0.402 0.588 0.010
0.308 0.686 0.006
0.443 0.555 0.002
0.091 0.846 0.063
0.158 0.840 0.002
0.202 0.797 0.001
0.157 0.825 0.019
0.005 0.985 0.011
0.264 0.733 0.003
0.280 0.710 0.010
0.251 0.731 0.018
0.365 0.514 0.122
0.320 0.668 0.012
0.400 0.579 0.021
0.364 0.541 0.096
0.339 0.605 0.056
0.257 0.734 0.009
0.286 0.708 0.006
0.149 0.770 0.082
0.275 0.689 0.036
0.372 0.617 0.011
0.334 0.653 0.013
0.351 0.634 0.016
0.307 0.689 0.004
0.244 0.738 0.018
0.326 0.668 0.006
0.368 0.629 0.003
0.219 0.704 0.077
0.232 0.628 0.140
0.289 0.704 0.007
0.221 0.576 0.203
0.376 0.604 0.020
0.305 0.672 0.023
0.239 0.750 0.011
0.314 0.679 0.007
0.327 0.659 0.014
0.441 0.540 0.019
0.246 0.722 0.032
0.376 0.603 0.020
0.388 0.570 0.042
0.329 0.638 0.033
0.399 0.580 0.020
0.261 0.649 0.090
0.293 0.672 0.034
0.247 0.738 0.015
0.112 0.745 0.143
0.348 0.607 0.045
0.411 0.577 0.012
0.170 0.761 0.069
0.310 0.672 0.018
0.267 0.704 0.029
0.244 0.753 0.003
0.342 0.625 0.033
0.315 0.666 0.019
0.376 0.603 0.021
0.274 0.672 0.053
0.024 0.968 0.008
0.355 0.641 0.003
0.234 0.737 0.029
0.284 0.651 0.065
0.338 0.657 0.005
0.218 0.765 0.017
0.218 0.773 0.009
0.143 0.853 0.004
0.346 0.651 0.003
0.427 0.478 0.095
0.269 0.727 0.003
0.329 0.654 0.018
0.305 0.687 0.008
0.222 0.764 0.015
0.346 0.649 0.006
0.230 0.747 0.023
0.376 0.616 0.009
0.316 0.662 0.022
0.277 0.639 0.083
0.209 0.752 0.039
0.385 0.595 0.020
0.166 0.831 0.004
0.548 0.441 0.011
0.230 0.742 0.028
0.075 0.913 0.012
0.193 0.710 0.097
0.244 0.743 0.014
0.245 0.739 0.016
0.187 0.770 0.043
0.251 0.744 0.005
0.231 0.663 0.105
0.349 0.646 0.006
0.271 0.716 0.013
0.304 0.692 0.003
0.264 0.733 0.003
0.278 0.711 0.011
0.245 0.727 0.028
0.359 0.606 0.034
0.222 0.768 0.010
0.284 0.714 0.002
0.226 0.737 0.038
0.214 0.780 0.006
0.317 0.678 0.005
0.106 0.890 0.004
0.317 0.595 0.088
0.412 0.565 0.022
0.409 0.467 0.124
0.461 0.468 0.071
0.383 0.611 0.006
0.233 0.666 0.101
0.392 0.495 0.113
0.387 0.598 0.015
0.474 0.515 0.011
0.358 0.623 0.019
0.414 0.578 0.008
0.468 0.529 0.004
0.301 0.682 0.018
0.440 0.501 0.060
0.406 0.586 0.007
0.399 0.510 0.091
0.306 0.687 0.007
0.422 0.568 0.010
0.515 0.472 0.013
0.453 0.540 0.007
0.314 0.678 0.008
0.281 0.715 0.004
0.375 0.596 0.029
0.228 0.742 0.030
0.348 0.640 0.012
0.306 0.687 0.008
0.352 0.630 0.018
0.241 0.721 0.039
0.252 0.742 0.005
0.320 0.640 0.040
0.375 0.618 0.007
0.385 0.558 0.057
0.442 0.555 0.003
0.471 0.501 0.028
0.216 0.762 0.022
0.299 0.582 0.120
0.350 0.645 0.005
0.260 0.733 0.007
0.078 0.822 0.100
0.406 0.543 0.051
0.234 0.668 0.097
0.378 0.604 0.017
0.351 0.646 0.002
0.249 0.672 0.079
0.274 0.721 0.005
0.223 0.705 0.072
0.331 0.660 0.009
0.136 0.774 0.091
0.157 0.839 0.003
0.265 0.710 0.025
0.167 0.823 0.010
0.279 0.706 0.015
0.320 0.626 0.054
0.227 0.739 0.034
0.149 0.833 0.018
0.232 0.726 0.042
0.268 0.675 0.057
0.238 0.739 0.024
0.233 0.747 0.020
0.286 0.709 0.005
0.154 0.803 0.044
0.164 0.812 0.024
0.359 0.631 0.010
0.440 0.531 0.029
0.505 0.482 0.013
0.431 0.568 0.001
0.349 0.640 0.011
0.318 0.662 0.019
0.330 0.567 0.103
0.228 0.770 0.002
0.334 0.664 0.002
0.330 0.665 0.005
0.315 0.680 0.006
0.538 0.449 0.014
0.443 0.552 0.005
0.201 0.779 0.021
0.399 0.584 0.017
0.318 0.637 0.045
0.401 0.557 0.042
0.407 0.590 0.003
0.435 0.557 0.008
0.267 0.712 0.022
0.277 0.712 0.011
0.325 0.672 0.003
0.235 0.752 0.013
0.386 0.611 0.003
0.363 0.615 0.022
0.280 0.707 0.013
0.300 0.681 0.019
0.204 0.763 0.033
0.391 0.514 0.095
0.268 0.703 0.029
0.251 0.702 0.046
0.320 0.601 0.079
0.311 0.651 0.038
0.196 0.801 0.003
0.178 0.817 0.005
0.485 0.508 0.007
0.276 0.715 0.009
0.221 0.774 0.005
0.261 0.724 0.015
0.302 0.687 0.010
0.279 0.708 0.014
0.360 0.635 0.005
0.330 0.665 0.005
0.152 0.845 0.003
0.363 0.621 0.017
0.211 0.753 0.036
0.438 0.559 0.004
0.316 0.682 0.002
0.161 0.748 0.091
0.329 0.662 0.009
0.373 0.597 0.030
0.161 0.834 0.005
0.217 0.777 0.006
0.318 0.655 0.027
0.298 0.686 0.016
0.372 0.624 0.004
0.309 0.626 0.066
0.263 0.733 0.004
0.378 0.615 0.007
0.110 0.884 0.007
0.293 0.688 0.019
0.331 0.660 0.009
0.435 0.557 0.008
0.419 0.565 0.016
0.159 0.812 0.029
0.327 0.662 0.011
0.367 0.630 0.003
0.409 0.586 0.005
0.280 0.710 0.010
0.240 0.753 0.007
0.313 0.639 0.048
0.358 0.638 0.003
0.199 0.791 0.010
0.223 0.760 0.017
0.283 0.708 0.009
0.245 0.692 0.063
0.323 0.668 0.009
0.318 0.663 0.019
0.218 0.751 0.030
0.246 0.740 0.014
0.334 0.655 0.012
0.319 0.667 0.015
0.216 0.728 0.056
0.417 0.578 0.005
0.335 0.660 0.005
0.303 0.646 0.051
0.338 0.639 0.023
0.317 0.670 0.013
0.396 0.601 0.003
0.284 0.694 0.022
0.191 0.802 0.007
0.371 0.614 0.015
0.247 0.748 0.004
0.302 0.689 0.008
0.272 0.676 0.052
0.424 0.568 0.008
0.354 0.568 0.078
0.427 0.565 0.008
0.317 0.670 0.014
0.343 0.654 0.003
0.383 0.579 0.038
0.333 0.652 0.015
0.250 0.724 0.026
0.295 0.701 0.004
0.565 0.427 0.008
0.372 0.616 0.012
0.356 0.638 0.006
0.428 0.562 0.010
0.248 0.736 0.016
0.363 0.618 0.019
0.400 0.586 0.015
0.378 0.612 0.010
0.478 0.499 0.024
0.466 0.528 0.007
0.222 0.681 0.098
0.167 0.770 0.062
0.454 0.541 0.005
0.283 0.715 0.002
0.437 0.556 0.007
0.357 0.619 0.024
0.348 0.646 0.007
0.225 0.738 0.038
0.242 0.753 0.005
0.296 0.673 0.031
0.319 0.666 0.015
0.307 0.687 0.006
0.216 0.774 0.010
0.309 0.677 0.014
0.324 0.669 0.006
0.316 0.659 0.025
0.164 0.830 0.005
0.199 0.790 0.011
0.252 0.738 0.010
0.422 0.567 0.011
0.208 0.777 0.015
0.355 0.602 0.044
0.186 0.782 0.032
0.381 0.607 0.012
0.009 0.986 0.005
0.003 0.987 0.010
0.007 0.990 0.003
0.003 0.993 0.004
0.003 0.994 0.003
0.011 0.985 0.003
0.003 0.983 0.014
0.006 0.993 0.001
0.003 0.995 0.002
0.004 0.995 0.002
0.004 0.994 0.002
0.017 0.969 0.014
0.002 0.995 0.003
0.014 0.983 0.003
0.003 0.994 0.002
0.005 0.985 0.011
0.001 0.986 0.013
0.004 0.995 0.001
0.006 0.992 0.002
0.005 0.981 0.013
0.003 0.993 0.003
0.012 0.978 0.010
0.005 0.987 0.008
0.006 0.978 0.016
0.008 0.978 0.014
0.003 0.995 0.002
0.005 0.984 0.011
0.007 0.988 0.005
0.004 0.994 0.002
0.007 0.990 0.003
0.003 0.991 0.006
0.020 0.979 0.002
0.006 0.980 0.014
0.005 0.980 0.014
0.002 0.985 0.013
0.012 0.982 0.005
0.006 0.987 0.007
0.003 0.994 0.003
0.009 0.985 0.005
0.002 0.997 0.001
0.002 0.988 0.010
0.011 0.986 0.003
0.003 0.994 0.003
0.003 0.983 0.014
0.022 0.977 0.002
0.005 0.993 0.001
0.003 0.994 0.004
0.005 0.977 0.018
0.002 0.996 0.003
0.005 0.992 0.003
0.002 0.991 0.007
0.025 0.960 0.015
0.002 0.996 0.002
0.002 0.991 0.007
0.019 0.974 0.006
0.019 0.975 0.007
0.001 0.996 0.003
0.003 0.994 0.004
0.008 0.986 0.007
0.002 0.996 0.002
0.003 0.993 0.003
0.008 0.987 0.005
0.008 0.987 0.005
0.009 0.986 0.005
0.003 0.992 0.005
0.005 0.990 0.005
0.010 0.987 0.003
0.005 0.989 0.006
0.004 0.993 0.004
0.004 0.992 0.004
0.003 0.992 0.005
0.009 0.987 0.003
0.002 0.994 0.004
0.006 0.992 0.002
0.003 0.995 0.002
0.004 0.990 0.007
0.004 0.992 0.004
0.004 0.992 0.005
0.003 0.995 0.002
0.007 0.988 0.005
0.003 0.995 0.002
0.002 0.997 0.001
0.002 0.995 0.003
0.006 0.983 0.010
0.003 0.993 0.004
0.007 0.968 0.025
0.010 0.988 0.002
0.003 0.991 0.006
0.007 0.986 0.007
0.007 0.981 0.012
0.006 0.988 0.006
0.006 0.992 0.002
0.008 0.984 0.008
0.002 0.997 0.002
0.028 0.965 0.006
0.005 0.979 0.016
0.004 0.984 0.012
0.005 0.965 0.030
0.002 0.995 0.003
0.001 0.002 0.997
0.007 0.021 0.971
0.005 0.025 0.969
0.011 0.016 0.973
0.002 0.001 0.997
0.001 0.003 0.996
0.002 0.002 0.996
0.002 0.001 0.996
0.001 0.003 0.996
0.002 0.009 0.989
0.003 0.003 0.994
0.005 0.011 0.984
0.002 0.005 0.993
0.002 0.003 0.996
0.002 0.003 0.995
0.004 0.008 0.988
0.001 0.004 0.995
0.014 0.011 0.974
0.005 0.014 0.981
0.970 0.010 0.019
0.969 0.014 0.017
0.980 0.010 0.010
0.978 0.014 0.008
0.986 0.006 0.008
0.853 0.144 0.003
0.989 0.009 0.002
0.997 0.002 0.001
0.995 0.003 0.003
0.991 0.005 0.004
0.984 0.008 0.008
0.986 0.010 0.003
0.982 0.015 0.003
0.981 0.010 0.009
0.985 0.011 0.004
0.996 0.003 0.002
0.951 0.022 0.026
0.989 0.007 0.005
0.950 0.025 0.025
0.978 0.011 0.011
0.994 0.003 0.003
0.996 0.002 0.002
0.988 0.007 0.005
0.982 0.014 0.004
0.803 0.195 0.002
0.931 0.025 0.044
0.928 0.043 0.030
0.982 0.009 0.009
0.973 0.022 0.006
0.951 0.035 0.015
0.985 0.012 0.002
0.987 0.006 0.006
0.982 0.009 0.010
0.836 0.019 0.145
0.995 0.003 0.002
0.987 0.009 0.003
0.991 0.005 0.004
0.993 0.004 0.004
0.971 0.014 0.015
0.989 0.007 0.004
0.949 0.048 0.003
0.989 0.005 0.006
0.956 0.038 0.006
0.995 0.003 0.002
0.995 0.003 0.002
0.992 0.006 0.002
0.975 0.009 0.016
0.984 0.012 0.005
0.994 0.003 0.003
0.991 0.006 0.003
0.870 0.094 0.036
0.992 0.005 0.003
0.987 0.008 0.005
0.980 0.009 0.011
0.994 0.005 0.002
0.977 0.021 0.002
0.843 0.043 0.114
0.993 0.005 0.003
0.928 0.068 0.004
0.969 0.013 0.018
0.994 0.004 0.002
0.981 0.014 0.005
0.951 0.008 0.041
0.965 0.018 0.017
0.992 0.005 0.003
0.994 0.003 0.003
0.991 0.003 0.005
0.991 0.004 0.005
0.990 0.007 0.002
0.770 0.218 0.013
0.977 0.015 0.008
0.916 0.030 0.054
0.980 0.015 0.006
0.982 0.014 0.004
0.913 0.075 0.013
0.991 0.004 0.005
0.976 0.013 0.010
0.921 0.062 0.017
0.970 0.023 0.006
0.987 0.005 0.008
0.939 0.041 0.019
0.945 0.024 0.031
0.986 0.006 0.007
0.987 0.008 0.005
0.980 0.011 0.008
0.981 0.008 0.011
0.970 0.011 0.019
0.997 0.002 0.001
0.967 0.024 0.009
0.979 0.012 0.009
0.942 0.040 0.018
0.953 0.027 0.020
0.995 0.003 0.003
0.973 0.021 0.005
0.992 0.002 0.006
0.978 0.018 0.005
0.993 0.004 0.003
0.992 0.004 0.004
0.996 0.002 0.002
0.974 0.020 0.007
0.992 0.002 0.006
0.982 0.012 0.006
0.994 0.004 0.002
0.010 0.033 0.957
0.003 0.007 0.990
0.004 0.004 0.992
0.002 0.004 0.994
0.002 0.003 0.995
0.004 0.008 0.988
0.006 0.006 0.989
0.003 0.003 0.994
0.001 0.003 0.996
0.002 0.002 0.996
0.003 0.007 0.990
0.002 0.004 0.994
0.002 0.002 0.996
0.027 0.005 0.969
0.002 0.003 0.995
0.002 0.004 0.994
0.002 0.004 0.994
0.003 0.002 0.994
0.002 0.003 0.995
0.006 0.009 0.986
0.005 0.013 0.982
0.001 0.001 0.997
0.001 0.002 0.998
0.001 0.002 0.997
0.002 0.003 0.995
0.002 0.005 0.993
0.002 0.004 0.993
0.002 0.001 0.996
0.002 0.004 0.994
0.978 0.014 0.008
0.926 0.072 0.002
0.950 0.041 0.008
0.980 0.014 0.006
0.823 0.154 0.023
0.958 0.020 0.022
0.985 0.010 0.005
0.967 0.028 0.006
0.875 0.006 0.119
0.967 0.021 0.011
0.990 0.005 0.005
0.814 0.178 0.007
0.986 0.003 0.011
0.884 0.110 0.007
0.989 0.006 0.004
0.990 0.007 0.003
0.975 0.018 0.006
0.968 0.019 0.013
0.977 0.013 0.010
0.987 0.010 0.003
0.948 0.048 0.004
0.982 0.016 0.002
0.982 0.012 0.006
0.990 0.007 0.004
0.812 0.005 0.182
0.992 0.004 0.003
0.773 0.224 0.003
0.912 0.073 0.014
0.988 0.005 0.007
0.991 0.006 0.003
0.983 0.009 0.008
0.758 0.213 0.028
0.994 0.005 0.002
0.981 0.006 0.012
0.945 0.044 0.010
0.989 0.005 0.006
0.969 0.011 0.019
0.928 0.014 0.058
0.981 0.014 0.005
0.855 0.142 0.003
0.950 0.018 0.032
0.961 0.020 0.018
0.985 0.010 0.006
0.989 0.008 0.004
0.987 0.010 0.003
0.912 0.062 0.026
0.992 0.005 0.003
0.991 0.005 0.004
0.900 0.095 0.005
0.955 0.007 0.038
0.965 0.023 0.011
0.985 0.009 0.007
0.952 0.035 0.014
0.960 0.024 0.016
0.896 0.095 0.009
0.975 0.019 0.005
0.981 0.017 0.002
0.991 0.005 0.004
0.988 0.008 0.003
0.984 0.010 0.006
0.981 0.010 0.009
0.973 0.024 0.003
0.962 0.027 0.011
0.985 0.010 0.005
0.915 0.078 0.006
0.986 0.011 0.003
0.986 0.006 0.008
0.976 0.021 0.003
0.962 0.007 0.031
0.995 0.003 0.002
0.004 0.003 0.993
0.003 0.007 0.990
0.006 0.057 0.937
0.003 0.008 0.989
0.002 0.003 0.994
0.007 0.019 0.975
0.005 0.122 0.873
0.010 0.050 0.941
0.034 0.034 0.932
0.005 0.010 0.985
0.013 0.114 0.872
0.004 0.010 0.986
0.006 0.011 0.983
0.017 0.012 0.970
0.014 0.009 0.976
0.001 0.012 0.986
0.008 0.153 0.839
0.001 0.033 0.966
0.983 0.014 0.004
0.986 0.006 0.008
0.982 0.005 0.013
0.969 0.023 0.009
0.991 0.006 0.003
0.991 0.006 0.003
0.942 0.048 0.010
0.993 0.005 0.002
0.994 0.004 0.002
0.967 0.027 0.006
0.954 0.014 0.032
0.987 0.008 0.004
0.987 0.008 0.005
0.920 0.069 0.011
0.958 0.012 0.030
0.976 0.018 0.006
0.958 0.038 0.004
0.980 0.010 0.010
0.992 0.003 0.005
0.969 0.018 0.013
0.986 0.009 0.005
0.969 0.012 0.019
0.937 0.053 0.010
0.986 0.011 0.003
0.984 0.012 0.003
0.978 0.013 0.009
0.970 0.018 0.013
0.955 0.041 0.004
0.987 0.010 0.003
0.958 0.032 0.010
0.981 0.011 0.008
0.979 0.008 0.013
0.954 0.040 0.006
0.989 0.007 0.004
0.002 0.007 0.991
0.003 0.007 0.990
0.003 0.005 0.992
0.002 0.003 0.995
0.001 0.001 0.998
0.001 0.002 0.996
0.003 0.003 0.994
0.001 0.010 0.989
0.002 0.003 0.995
0.004 0.005 0.992
0.001 0.002 0.997
0.001 0.003 0.996
0.002 0.004 0.994
0.005 0.012 0.983
0.001 0.001 0.997
0.004 0.007 0.989
0.002 0.003 0.994
0.002 0.003 0.995
0.009 0.015 0.976
0.003 0.006 0.992
0.002 0.005 0.993
0.004 0.006 0.991
0.004 0.006 0.990
0.006 0.024 0.970
0.001 0.003 0.996
0.003 0.005 0.992
0.002 0.003 0.995
0.002 0.003 0.995
0.002 0.002 0.996
0.001 0.003 0.996
0.002 0.003 0.995
0.004 0.010 0.987
0.001 0.003 0.996
0.002 0.003 0.995
0.005 0.015 0.981
0.005 0.007 0.988
0.011 0.002 0.987
0.003 0.016 0.981
0.001 0.005 0.994
0.003 0.004 0.993
0.014 0.049 0.937
0.001 0.003 0.996
0.004 0.003 0.993
0.002 0.002 0.996
0.002 0.004 0.994
0.003 0.015 0.982
0.007 0.010 0.983
0.003 0.002 0.995
0.002 0.003 0.996
0.001 0.003 0.996
0.001 0.002 0.997
0.001 0.002 0.997
0.002 0.005 0.993
0.004 0.002 0.994
0.003 0.003 0.994
0.005 0.001 0.993
0.001 0.092 0.907
0.001 0.002 0.997
0.002 0.002 0.996
0.001 0.001 0.997
0.006 0.113 0.881
0.003 0.004 0.993
0.014 0.017 0.968
0.021 0.025 0.954
0.003 0.008 0.989
0.011 0.008 0.981
0.005 0.087 0.908
0.017 0.015 0.968
0.004 0.002 0.995
0.002 0.004 0.994
0.027 0.028 0.944
0.002 0.002 0.995
0.005 0.008 0.987
0.005 0.016 0.979
0.004 0.008 0.988
0.042 0.028 0.930
0.003 0.002 0.994
0.011 0.032 0.957
0.015 0.019 0.966
0.010 0.053 0.937
0.001 0.001 0.998
0.011 0.028 0.961
0.003 0.004 0.993
0.010 0.010 0.980
0.003 0.001 0.995
0.007 0.055 0.938
0.043 0.031 0.926
0.003 0.003 0.994
0.012 0.041 0.946
0.022 0.074 0.903
0.034 0.006 0.960
0.026 0.077 0.897
0.003 0.003 0.995
0.004 0.004 0.992
0.008 0.008 0.983
0.005 0.008 0.987
0.004 0.073 0.923
0.003 0.007 0.990
