0.007 0.988 0.005
0.005 0.964 0.031
0.010 0.986 0.005
0.006 0.987 0.007
0.003 0.935 0.062
0.015 0.974 0.011
0.002 0.990 0.008
0.004 0.993 0.003
0.002 0.997 0.001
0.007 0.971 0.022
0.010 0.983 0.007
0.005 0.984 0.010
0.009 0.965 0.026
0.005 0.986 0.009
0.007 0.966 0.027
0.001 0.996 0.003
0.006 0.975 0.019
0.006 0.991 0.003
0.003 0.992 0.004
0.014 0.979 0.007
0.023 0.968 0.009
0.006 0.978 0.017
0.005 0.989 0.006
0.011 0.969 0.020
0.005 0.990 0.005
0.002 0.996 0.002
0.003 0.994 0.003
0.005 0.927 0.069
0.007 0.981 0.012
0.043 0.946 0.012
0.003 0.995 0.002
0.006 0.985 0.009
0.025 0.959 0.016
0.012 0.973 0.016
0.005 0.983 0.011
0.029 0.958 0.013
0.002 0.992 0.005
0.012 0.980 0.008
0.003 0.993 0.004
0.002 0.996 0.002
0.023 0.952 0.024
0.008 0.883 0.109
0.087 0.897 0.015
0.063 0.930 0.007
0.003 0.992 0.005
0.003 0.987 0.010
0.006 0.977 0.016
0.065 0.926 0.009
0.007 0.984 0.010
0.003 0.995 0.002
0.002 0.964 0.034
0.007 0.991 0.003
0.017 0.975 0.008
0.009 0.983 0.008
0.004 0.989 0.007
0.003 0.991 0.006
0.006 0.986 0.008
0.004 0.993 0.003
0.009 0.986 0.005
0.052 0.895 0.053
0.070 0.913 0.017
0.004 0.991 0.005
0.048 0.934 0.018
0.009 0.988 0.002
0.002 0.989 0.008
0.023 0.902 0.075
0.004 0.992 0.004
0.003 0.992 0.004
0.003 0.981 0.016
0.005 0.986 0.010
0.006 0.974 0.020
0.003 0.988 0.009
0.016 0.977 0.007
0.011 0.939 0.050
0.006 0.986 0.008
0.007 0.937 0.056
0.012 0.985 0.003
0.004 0.985 0.011
0.031 0.950 0.019
0.006 0.941 0.052
0.002 0.994 0.005
0.002 0.949 0.048
0.017 0.978 0.005
0.011 0.958 0.031
0.004 0.990 0.006
0.019 0.966 0.015
0.002 0.996 0.003
0.019 0.965 0.016
0.002 0.992 0.006
0.003 0.991 0.006
0.005 0.907 0.088
0.008 0.986 0.006
0.009 0.986 0.005
0.005 0.986 0.010
0.015 0.976 0.009
0.002 0.979 0.018
0.002 0.009 0.989
0.003 0.005 0.992
0.012 0.002 0.986
0.004 0.014 0.982
0.001 0.002 0.996
0.006 0.002 0.992
0.004 0.002 0.994
0.010 0.002 0.988
0.002 0.001 0.997
0.008 0.002 0.990
0.010 0.005 0.985
0.014 0.003 0.983
0.011 0.003 0.986
0.002 0.003 0.996
0.003 0.002 0.995
0.030 0.001 0.969
0.003 0.005 0.991
0.002 0.004 0.993
0.007 0.003 0.990
0.003 0.005 0.991
0.004 0.010 0.986
0.004 0.003 0.993
0.020 0.007 0.972
0.003 0.003 0.994
0.008 0.003 0.989
0.003 0.004 0.994
0.004 0.003 0.993
0.002 0.002 0.996
0.003 0.007 0.990
0.007 0.004 0.989
0.002 0.004 0.994
0.003 0.009 0.988
0.009 0.002 0.988
0.004 0.004 0.991
0.008 0.013 0.979
0.013 0.010 0.978
0.007 0.002 0.991
0.022 0.006 0.973
0.021 0.011 0.968
0.004 0.013 0.983
0.002 0.005 0.993
0.007 0.003 0.991
0.003 0.001 0.995
0.006 0.003 0.991
0.003 0.008 0.989
0.001 0.003 0.996
0.008 0.002 0.989
0.002 0.002 0.996
0.010 0.004 0.986
0.003 0.001 0.997
0.013 0.001 0.986
0.008 0.002 0.990
0.010 0.022 0.968
0.008 0.006 0.986
0.002 0.003 0.994
0.013 0.008 0.980
0.003 0.038 0.959
0.004 0.013 0.983
0.001 0.007 0.991
0.003 0.007 0.990
0.016 0.014 0.971
0.006 0.017 0.977
0.005 0.002 0.993
0.015 0.008 0.977
0.004 0.012 0.984
0.004 0.005 0.991
0.020 0.018 0.963
0.003 0.012 0.985
0.012 0.009 0.979
0.010 0.025 0.966
0.003 0.006 0.991
0.007 0.005 0.988
0.004 0.005 0.992
0.001 0.005 0.993
0.002 0.005 0.993
0.006 0.007 0.987
0.008 0.016 0.977
0.002 0.002 0.996
0.012 0.002 0.987
0.006 0.001 0.994
0.011 0.005 0.984
0.002 0.003 0.994
0.004 0.004 0.992
0.002 0.003 0.995
0.004 0.002 0.994
0.006 0.008 0.986
0.003 0.013 0.984
0.007 0.006 0.987
0.009 0.002 0.989
0.002 0.004 0.994
0.011 0.002 0.987
0.003 0.003 0.994
0.004 0.003 0.992
0.001 0.007 0.992
0.004 0.005 0.992
0.003 0.003 0.994
0.004 0.006 0.990
0.006 0.021 0.973
0.002 0.001 0.997
0.008 0.002 0.990
0.011 0.005 0.984
0.004 0.004 0.992
0.004 0.004 0.992
0.011 0.189 0.800
0.004 0.091 0.906
0.003 0.002 0.996
0.008 0.007 0.985
0.005 0.051 0.944
0.003 0.087 0.910
0.003 0.143 0.854
0.008 0.055 0.937
0.006 0.026 0.968
0.005 0.072 0.924
0.003 0.003 0.994
0.004 0.029 0.967
0.006 0.131 0.862
0.014 0.009 0.978
0.004 0.047 0.949
0.004 0.020 0.976
0.005 0.004 0.992
0.005 0.026 0.969
0.002 0.012 0.985
0.019 0.029 0.953
0.003 0.003 0.994
0.005 0.003 0.992
0.008 0.006 0.986
0.004 0.074 0.922
0.006 0.006 0.988
0.006 0.005 0.989
0.004 0.231 0.764
0.002 0.002 0.996
0.004 0.023 0.973
0.007 0.201 0.792
0.004 0.145 0.851
0.006 0.011 0.982
0.011 0.018 0.971
0.006 0.014 0.980
0.007 0.056 0.937
0.013 0.011 0.976
0.003 0.004 0.993
0.004 0.141 0.856
0.003 0.019 0.978
0.002 0.029 0.969
0.003 0.015 0.982
0.019 0.006 0.976
0.012 0.018 0.970
0.005 0.006 0.989
0.003 0.067 0.931
0.038 0.010 0.952
0.006 0.007 0.987
0.004 0.051 0.945
0.003 0.057 0.940
0.007 0.013 0.980
0.004 0.034 0.962
0.005 0.007 0.988
0.003 0.003 0.994
0.002 0.012 0.986
0.003 0.003 0.994
0.006 0.159 0.835
0.020 0.011 0.970
0.004 0.009 0.987
0.021 0.006 0.973
0.003 0.007 0.990
0.013 0.017 0.970
0.028 0.055 0.917
0.009 0.040 0.950
0.015 0.043 0.941
0.002 0.018 0.980
0.005 0.012 0.983
0.048 0.008 0.944
0.004 0.003 0.992
0.002 0.066 0.932
0.002 0.001 0.996
0.006 0.009 0.984
0.002 0.113 0.885
0.003 0.015 0.981
0.003 0.007 0.990
0.004 0.011 0.985
0.007 0.026 0.967
0.031 0.016 0.952
0.008 0.100 0.892
0.001 0.011 0.988
0.004 0.032 0.964
0.007 0.013 0.979
0.009 0.002 0.989
0.008 0.988 0.004
0.005 0.990 0.004
0.007 0.966 0.026
0.008 0.978 0.014
0.010 0.987 0.004
0.011 0.981 0.008
0.007 0.959 0.033
0.003 0.995 0.002
0.003 0.987 0.010
0.007 0.990 0.003
0.004 0.990 0.005
0.004 0.975 0.022
0.004 0.993 0.004
0.001 0.995 0.004
0.003 0.993 0.004
0.003 0.994 0.003
0.013 0.981 0.007
0.002 0.992 0.005
0.005 0.986 0.009
0.003 0.993 0.004
0.027 0.969 0.004
0.002 0.991 0.007
0.015 0.971 0.014
0.002 0.991 0.007
0.011 0.982 0.007
0.004 0.984 0.012
0.008 0.963 0.029
0.005 0.983 0.012
0.012 0.981 0.007
0.007 0.984 0.009
0.002 0.996 0.003
0.004 0.937 0.059
0.020 0.976 0.004
0.010 0.986 0.005
0.035 0.948 0.017
0.005 0.989 0.005
0.005 0.974 0.022
0.005 0.958 0.037
0.026 0.969 0.005
0.005 0.990 0.005
0.001 0.997 0.002
0.003 0.986 0.011
0.018 0.006 0.977
0.354 0.045 0.601
0.009 0.002 0.989
0.013 0.973 0.014
0.002 0.996 0.001
0.004 0.989 0.008
0.005 0.990 0.005
0.004 0.986 0.010
0.001 0.996 0.003
0.002 0.995 0.003
0.009 0.969 0.022
0.003 0.993 0.004
0.003 0.994 0.003
0.002 0.984 0.014
0.015 0.972 0.013
0.003 0.994 0.003
0.003 0.990 0.007
0.002 0.996 0.002
0.003 0.994 0.003
0.001 0.991 0.008
0.003 0.988 0.009
0.003 0.994 0.003
0.002 0.996 0.002
0.017 0.975 0.008
0.004 0.988 0.008
0.004 0.989 0.007
0.009 0.985 0.007
0.002 0.994 0.003
0.006 0.986 0.008
0.007 0.979 0.014
0.005 0.986 0.009
0.023 0.966 0.011
0.003 0.976 0.021
0.008 0.988 0.004
0.003 0.985 0.012
0.009 0.975 0.016
0.002 0.993 0.005
0.010 0.980 0.010
0.136 0.010 0.854
0.051 0.226 0.723
0.016 0.032 0.952
0.019 0.106 0.875
0.004 0.988 0.008
0.007 0.970 0.023
0.007 0.985 0.008
0.006 0.983 0.011
0.003 0.994 0.004
0.013 0.956 0.032
0.003 0.996 0.002
0.004 0.984 0.012
0.002 0.990 0.008
0.005 0.975 0.020
0.005 0.987 0.009
0.008 0.988 0.003
0.004 0.992 0.003
0.005 0.988 0.007
0.005 0.989 0.005
0.034 0.951 0.016
0.003 0.995 0.002
0.002 0.996 0.002
0.012 0.982 0.005
0.047 0.936 0.017
0.005 0.978 0.017
0.005 0.989 0.006
0.010 0.979 0.010
0.003 0.993 0.004
0.012 0.982 0.006
0.004 0.990 0.007
0.003 0.994 0.003
0.002 0.996 0.002
0.043 0.042 0.914
0.008 0.046 0.946
0.151 0.010 0.838
0.006 0.020 0.974
0.024 0.002 0.974
0.010 0.005 0.985
0.031 0.072 0.897
0.062 0.020 0.918
0.003 0.049 0.948
0.005 0.983 0.011
0.022 0.940 0.038
0.005 0.988 0.006
0.006 0.990 0.004
0.003 0.994 0.002
0.095 0.897 0.009
0.005 0.991 0.004
0.002 0.996 0.003
0.013 0.981 0.006
0.014 0.972 0.014
0.003 0.990 0.007
0.003 0.995 0.002
0.004 0.986 0.009
0.003 0.993 0.004
0.005 0.961 0.033
0.013 0.005 0.983
0.011 0.250 0.739
0.423 0.004 0.573
0.084 0.006 0.910
0.146 0.014 0.840
0.009 0.091 0.900
0.190 0.008 0.802
0.004 0.167 0.829
0.018 0.024 0.958
0.010 0.009 0.981
0.247 0.003 0.751
0.019 0.138 0.843
0.018 0.161 0.821
0.013 0.002 0.985
0.084 0.012 0.904
0.011 0.184 0.806
0.010 0.057 0.933
0.035 0.276 0.689
0.014 0.018 0.968
0.011 0.006 0.983
0.006 0.006 0.988
0.005 0.178 0.817
0.013 0.395 0.592
0.200 0.002 0.798
0.017 0.021 0.962
0.022 0.127 0.850
0.060 0.007 0.933
0.012 0.005 0.983
0.082 0.006 0.912
0.012 0.061 0.927
0.055 0.005 0.940
0.018 0.095 0.888
0.092 0.019 0.890
0.279 0.004 0.717
0.621 0.005 0.373
0.004 0.009 0.987
0.027 0.011 0.962
0.034 0.007 0.960
0.715 0.014 0.271
0.008 0.232 0.760
0.007 0.181 0.812
0.002 0.003 0.995
0.098 0.177 0.725
0.003 0.233 0.764
0.008 0.276 0.716
0.126 0.156 0.718
0.011 0.020 0.969
0.015 0.032 0.953
0.005 0.047 0.949
0.225 0.009 0.766
0.001 0.349 0.650
0.005 0.007 0.988
0.395 0.177 0.428
0.060 0.226 0.714
0.028 0.031 0.941
0.012 0.219 0.769
0.159 0.066 0.774
0.001 0.006 0.993
0.131 0.186 0.683
0.013 0.095 0.892
0.016 0.017 0.968
0.011 0.066 0.923
0.189 0.005 0.806
0.044 0.027 0.929
0.100 0.176 0.724
0.033 0.219 0.749
0.035 0.003 0.962
0.040 0.005 0.955
0.046 0.061 0.893
0.021 0.005 0.974
0.113 0.005 0.882
0.038 0.002 0.960
0.015 0.333 0.652
0.252 0.007 0.742
0.121 0.004 0.876
0.030 0.503 0.466
0.023 0.172 0.805
0.203 0.016 0.781
0.005 0.039 0.956
0.026 0.063 0.912
0.002 0.007 0.991
0.462 0.017 0.521
0.854 0.002 0.143
0.338 0.008 0.654
0.009 0.005 0.986
0.002 0.138 0.860
0.003 0.159 0.837
0.006 0.005 0.989
0.019 0.110 0.871
0.037 0.085 0.878
0.096 0.029 0.875
0.010 0.004 0.986
0.131 0.423 0.446
0.005 0.063 0.933
0.008 0.049 0.943
0.327 0.221 0.452
0.005 0.011 0.983
0.121 0.088 0.791
0.045 0.009 0.946
0.012 0.013 0.974
0.002 0.015 0.982
0.382 0.003 0.615
0.055 0.007 0.938
0.077 0.004 0.919
0.311 0.015 0.675
0.255 0.015 0.731
0.012 0.011 0.977
0.005 0.052 0.943
0.019 0.072 0.909
0.221 0.008 0.771
0.082 0.004 0.913
0.002 0.004 0.994
0.006 0.594 0.400
0.302 0.231 0.467
0.007 0.082 0.910
0.006 0.230 0.764
0.008 0.450 0.542
0.017 0.119 0.864
0.007 0.076 0.918
0.015 0.257 0.728
0.018 0.198 0.784
0.106 0.208 0.686
0.005 0.181 0.814
0.050 0.003 0.947
0.005 0.239 0.756
0.003 0.212 0.785
0.260 0.278 0.462
0.011 0.368 0.621
0.074 0.076 0.850
0.008 0.551 0.441
0.073 0.225 0.702
0.002 0.286 0.712
0.119 0.288 0.592
0.004 0.289 0.708
0.003 0.023 0.974
0.012 0.148 0.840
0.049 0.055 0.896
0.002 0.005 0.992
0.454 0.050 0.496
0.389 0.003 0.608
0.042 0.020 0.938
0.002 0.134 0.864
0.221 0.004 0.775
0.008 0.048 0.944
0.262 0.078 0.659
0.213 0.196 0.591
0.046 0.034 0.920
0.048 0.006 0.946
0.042 0.263 0.695
0.185 0.247 0.567
0.164 0.006 0.830
0.003 0.086 0.911
0.012 0.295 0.693
0.018 0.005 0.977
0.007 0.003 0.990
0.117 0.016 0.868
0.011 0.345 0.644
0.004 0.435 0.561
0.296 0.083 0.621
0.081 0.007 0.912
0.008 0.103 0.889
0.006 0.271 0.723
0.066 0.171 0.763
0.086 0.433 0.481
0.143 0.326 0.531
0.324 0.116 0.560
0.003 0.083 0.914
0.003 0.011 0.985
0.006 0.004 0.990
0.169 0.041 0.790
0.443 0.104 0.453
0.006 0.007 0.986
0.089 0.136 0.775
0.014 0.004 0.982
0.043 0.138 0.819
0.008 0.005 0.987
0.484 0.130 0.386
0.175 0.085 0.740
0.006 0.024 0.970
0.022 0.027 0.951
0.010 0.038 0.952
0.003 0.004 0.993
0.009 0.003 0.988
0.002 0.002 0.996
0.006 0.005 0.989
0.004 0.002 0.994
0.007 0.005 0.988
0.005 0.003 0.993
0.004 0.002 0.994
0.003 0.003 0.993
0.004 0.004 0.992
0.002 0.001 0.997
0.003 0.002 0.995
0.003 0.003 0.993
0.003 0.023 0.974
0.021 0.002 0.977
0.008 0.004 0.988
0.002 0.002 0.996
0.017 0.003 0.980
0.001 0.003 0.996
0.014 0.003 0.983
0.004 0.006 0.990
0.015 0.011 0.974
0.005 0.001 0.994
0.011 0.163 0.825
0.412 0.054 0.533
0.354 0.006 0.641
0.006 0.508 0.486
0.005 0.068 0.927
0.006 0.292 0.701
0.003 0.438 0.559
0.022 0.252 0.726
0.003 0.461 0.536
0.012 0.205 0.783
0.020 0.137 0.843
0.017 0.317 0.666
0.007 0.035 0.959
0.038 0.900 0.062
0.001 0.993 0.005
0.008 0.988 0.003
0.011 0.984 0.005
0.012 0.976 0.012
0.004 0.994 0.002
0.007 0.003 0.990
0.030 0.002 0.968
0.013 0.002 0.984
0.002 0.003 0.995
0.009 0.004 0.987
0.007 0.002 0.991
0.007 0.001 0.991
0.007 0.002 0.991
0.003 0.002 0.995
0.065 0.002 0.933
0.002 0.003 0.995
0.007 0.002 0.991
0.002 0.002 0.997
0.004 0.004 0.992
0.014 0.006 0.980
0.005 0.003 0.993
0.003 0.004 0.992
0.012 0.021 0.967
0.185 0.008 0.807
0.027 0.006 0.967
0.008 0.001 0.991
0.006 0.005 0.989
0.013 0.001 0.986
0.024 0.015 0.961
0.018 0.004 0.978
0.015 0.005 0.980
0.003 0.035 0.962
0.002 0.002 0.996
0.002 0.001 0.997
0.003 0.009 0.988
0.002 0.001 0.997
0.008 0.004 0.988
0.029 0.004 0.966
0.004 0.003 0.993
0.012 0.001 0.986
0.038 0.009 0.953
0.007 0.007 0.985
0.069 0.003 0.927
0.003 0.005 0.992
0.019 0.002 0.979
0.002 0.007 0.991
0.003 0.004 0.993
0.020 0.004 0.976
0.001 0.002 0.997
0.007 0.011 0.982
0.015 0.006 0.979
0.039 0.009 0.951
0.008 0.055 0.936
0.016 0.005 0.979
0.053 0.004 0.942
0.003 0.008 0.989
0.002 0.009 0.989
0.005 0.005 0.990
0.003 0.004 0.994
0.004 0.005 0.991
0.039 0.003 0.958
0.006 0.008 0.986
0.004 0.002 0.994
0.008 0.007 0.985
0.004 0.004 0.992
0.004 0.004 0.992
0.010 0.004 0.986
0.006 0.007 0.988
0.002 0.002 0.996
0.005 0.002 0.993
0.007 0.004 0.989
0.015 0.002 0.982
0.023 0.002 0.975
0.002 0.009 0.988
0.077 0.005 0.918
0.002 0.004 0.995
0.007 0.002 0.992
0.006 0.004 0.990
0.005 0.988 0.007
0.003 0.993 0.004
0.010 0.977 0.012
0.019 0.975 0.006
0.008 0.955 0.037
0.002 0.993 0.005
0.007 0.990 0.003
0.004 0.990 0.006
0.026 0.967 0.007
0.002 0.995 0.003
0.004 0.987 0.009
0.007 0.978 0.015
0.002 0.992 0.006
0.025 0.966 0.009
0.014 0.982 0.004
0.097 0.898 0.005
0.007 0.989 0.004
0.005 0.966 0.029
0.002 0.995 0.003
0.010 0.981 0.008
0.001 0.996 0.003
0.006 0.981 0.013
0.003 0.992 0.004
0.002 0.997 0.002
0.002 0.968 0.030
0.008 0.967 0.025
0.010 0.985 0.005
0.003 0.991 0.006
0.029 0.964 0.007
0.006 0.988 0.005
0.013 0.980 0.007
0.003 0.976 0.021
0.003 0.977 0.019
0.005 0.990 0.005
0.005 0.937 0.058
0.006 0.987 0.006
0.018 0.964 0.018
0.013 0.971 0.016
0.015 0.978 0.008
0.004 0.989 0.007
0.006 0.979 0.015
0.003 0.994 0.003
0.003 0.989 0.008
0.008 0.987 0.005
0.004 0.984 0.012
0.008 0.979 0.013
0.005 0.992 0.003
0.025 0.954 0.020
0.009 0.975 0.016
0.007 0.986 0.007
0.021 0.968 0.011
0.008 0.988 0.005
0.027 0.961 0.012
0.003 0.994 0.003
0.005 0.988 0.007
0.005 0.968 0.027
0.807 0.004 0.189
0.542 0.134 0.325
0.883 0.038 0.079
0.482 0.004 0.514
0.863 0.001 0.135
0.556 0.010 0.434
0.984 0.006 0.010
0.991 0.005 0.005
0.010 0.505 0.485
0.014 0.633 0.353
0.800 0.029 0.171
0.990 0.002 0.008
0.858 0.023 0.120
0.696 0.044 0.259
0.987 0.004 0.009
0.006 0.517 0.477
0.003 0.325 0.673
0.003 0.732 0.265
0.008 0.603 0.389
0.006 0.691 0.303
0.238 0.379 0.384
0.057 0.729 0.215
0.004 0.562 0.434
0.004 0.501 0.495
0.174 0.389 0.437
0.005 0.466 0.529
0.007 0.632 0.361
0.002 0.634 0.364
0.028 0.302 0.670
0.008 0.608 0.384
0.096 0.440 0.465
0.013 0.894 0.093
0.009 0.606 0.385
0.192 0.404 0.404
0.008 0.677 0.315
0.011 0.705 0.284
0.004 0.647 0.350
0.006 0.582 0.412
0.003 0.634 0.363
0.997 0.001 0.002
0.996 0.001 0.003
0.005 0.681 0.314
0.468 0.246 0.287
0.048 0.296 0.657
0.003 0.723 0.274
0.009 0.509 0.482
0.255 0.256 0.489
0.006 0.596 0.398
0.003 0.637 0.360
0.005 0.495 0.500
0.003 0.483 0.514
0.005 0.407 0.587
0.003 0.332 0.665
0.003 0.694 0.302
0.858 0.007 0.136
0.840 0.005 0.155
0.331 0.003 0.666
0.537 0.139 0.324
0.845 0.123 0.032
0.007 0.534 0.459
0.003 0.718 0.280
0.005 0.605 0.390
0.004 0.599 0.397
0.022 0.763 0.215
0.313 0.345 0.342
0.006 0.685 0.310
0.969 0.009 0.022
0.641 0.003 0.355
0.992 0.002 0.006
0.990 0.002 0.008
0.990 0.004 0.006
0.027 0.965 0.008
0.006 0.987 0.008
0.003 0.990 0.007
0.024 0.956 0.020
0.006 0.971 0.023
0.003 0.996 0.002
0.010 0.916 0.074
0.029 0.958 0.013
0.005 0.972 0.024
0.005 0.984 0.012
0.006 0.978 0.016
0.001 0.992 0.006
0.002 0.990 0.008
0.006 0.982 0.012
0.008 0.974 0.018
0.002 0.994 0.003
0.025 0.968 0.007
0.650 0.003 0.347
0.892 0.004 0.104
0.997 0.001 0.001
0.946 0.013 0.041
0.024 0.936 0.040
0.028 0.931 0.041
0.012 0.900 0.089
0.010 0.904 0.085
0.015 0.963 0.022
0.014 0.964 0.022
0.081 0.906 0.013
0.030 0.961 0.009
0.009 0.758 0.233
0.005 0.985 0.010
0.007 0.979 0.014
0.004 0.986 0.010
0.009 0.988 0.003
0.012 0.986 0.002
0.013 0.954 0.033
0.005 0.979 0.016
0.007 0.984 0.009
0.009 0.982 0.009
0.010 0.957 0.033
0.005 0.990 0.005
0.013 0.973 0.014
0.013 0.546 0.441
0.004 0.518 0.478
0.996 0.002 0.002
0.017 0.705 0.279
0.004 0.606 0.390
0.003 0.695 0.301
0.930 0.041 0.029
0.993 0.003 0.005
0.985 0.003 0.012
0.016 0.958 0.026
0.002 0.995 0.003
0.003 0.995 0.003
0.014 0.962 0.024
0.004 0.990 0.005
0.003 0.987 0.010
0.005 0.988 0.006
0.065 0.874 0.061
0.037 0.944 0.019
0.027 0.911 0.062
0.026 0.969 0.005
0.006 0.987 0.007
0.012 0.931 0.056
0.002 0.994 0.004
0.008 0.981 0.011
0.009 0.967 0.023
0.002 0.995 0.003
0.835 0.095 0.070
0.839 0.011 0.150
0.016 0.425 0.558
0.006 0.627 0.367
0.003 0.728 0.270
0.004 0.950 0.046
0.008 0.986 0.006
0.008 0.984 0.009
0.001 0.997 0.002
0.007 0.987 0.006
0.008 0.985 0.008
0.005 0.987 0.008
0.005 0.990 0.005
0.005 0.985 0.009
0.004 0.990 0.006
0.011 0.944 0.045
0.004 0.993 0.003
0.006 0.986 0.007
0.002 0.995 0.002
0.002 0.996 0.002
0.002 0.992 0.006
0.005 0.960 0.034
0.001 0.995 0.005
0.016 0.971 0.012
0.003 0.995 0.002
0.003 0.002 0.995
0.009 0.003 0.988
0.005 0.004 0.992
0.013 0.002 0.985
0.004 0.004 0.992
0.009 0.002 0.989
0.020 0.003 0.977
0.014 0.015 0.971
0.007 0.003 0.990
0.004 0.002 0.994
0.002 0.003 0.995
0.016 0.007 0.977
0.004 0.002 0.995
0.017 0.002 0.982
0.046 0.916 0.038
0.006 0.232 0.762
0.004 0.248 0.748
0.994 0.002 0.003
0.562 0.005 0.433
0.005 0.837 0.158
0.003 0.420 0.577
0.016 0.619 0.365
0.008 0.494 0.498
0.010 0.569 0.422
0.001 0.595 0.404
0.005 0.762 0.233
0.225 0.525 0.250
0.009 0.754 0.237
0.005 0.574 0.421
0.007 0.711 0.282
0.740 0.003 0.257
0.908 0.003 0.089
0.825 0.002 0.173
0.841 0.002 0.157
0.010 0.656 0.334
0.013 0.524 0.463
0.008 0.685 0.307
0.001 0.552 0.447
0.002 0.363 0.635
0.021 0.516 0.463
0.013 0.657 0.329
0.024 0.387 0.589
0.822 0.154 0.024
0.992 0.003 0.005
0.993 0.003 0.004
0.001 0.438 0.561
0.873 0.002 0.125
0.997 0.002 0.002
0.996 0.001 0.003
0.984 0.003 0.013
0.809 0.175 0.016
0.994 0.003 0.003
0.995 0.002 0.003
0.861 0.004 0.135
0.992 0.003 0.005
0.589 0.011 0.400
0.993 0.003 0.004
0.971 0.010 0.019
0.735 0.006 0.259
0.003 0.470 0.528
0.004 0.550 0.446
0.003 0.987 0.011
0.015 0.977 0.008
0.002 0.990 0.007
0.004 0.993 0.003
0.003 0.994 0.003
0.003 0.994 0.004
0.008 0.984 0.008
0.006 0.989 0.006
0.012 0.981 0.007
0.006 0.960 0.034
0.002 0.994 0.004
0.009 0.985 0.006
0.003 0.991 0.006
0.005 0.991 0.004
0.002 0.992 0.005
0.006 0.983 0.011
0.043 0.951 0.005
0.044 0.897 0.059
0.005 0.984 0.011
0.027 0.934 0.039
0.016 0.973 0.010
0.015 0.977 0.009
0.062 0.913 0.025
0.004 0.967 0.030
0.024 0.969 0.007
0.001 0.990 0.009
0.037 0.947 0.016
0.007 0.957 0.036
0.011 0.973 0.016
0.004 0.985 0.011
0.002 0.989 0.009
0.007 0.989 0.004
0.006 0.977 0.017
0.018 0.959 0.024
0.005 0.992 0.004
0.997 0.001 0.002
0.658 0.010 0.332
0.230 0.031 0.739
0.671 0.003 0.327
0.997 0.002 0.002
0.666 0.004 0.330
0.825 0.040 0.135
0.987 0.008 0.005
0.917 0.081 0.002
0.647 0.005 0.349
0.996 0.002 0.002
0.763 0.005 0.233
0.977 0.006 0.017
0.960 0.005 0.036
0.994 0.002 0.004
0.979 0.006 0.015
0.992 0.004 0.004
0.995 0.001 0.004
0.994 0.002 0.004
0.608 0.011 0.380
0.995 0.003 0.003
0.916 0.057 0.027
0.994 0.003 0.003
0.411 0.008 0.581
0.994 0.002 0.004
0.010 0.282 0.709
0.007 0.235 0.758
0.007 0.010 0.983
0.004 0.021 0.975
0.996 0.003 0.001
0.952 0.042 0.006
0.967 0.028 0.005
0.489 0.011 0.500
0.667 0.015 0.318
0.512 0.016 0.472
0.997 0.001 0.002
0.007 0.969 0.023
0.003 0.994 0.002
0.021 0.974 0.005
0.004 0.978 0.018
0.996 0.001 0.002
0.992 0.003 0.006
0.979 0.003 0.018
0.708 0.003 0.289
0.989 0.004 0.007
0.996 0.001 0.003
0.864 0.128 0.008
0.995 0.002 0.003
0.838 0.002 0.160
0.968 0.010 0.021
0.969 0.012 0.020
0.998 0.001 0.001
0.986 0.005 0.009
0.976 0.003 0.021
0.983 0.005 0.012
0.985 0.004 0.011
0.994 0.002 0.004
0.997 0.001 0.001
0.996 0.001 0.003
0.993 0.003 0.004
0.971 0.019 0.010
0.993 0.003 0.004
0.920 0.044 0.036
0.995 0.001 0.004
0.973 0.007 0.021
0.994 0.002 0.005
0.995 0.001 0.004
0.005 0.141 0.854
0.070 0.114 0.816
0.011 0.329 0.659
0.028 0.186 0.786
0.005 0.202 0.793
0.977 0.002 0.021
0.989 0.003 0.008
0.942 0.007 0.051
0.973 0.010 0.016
0.935 0.005 0.060
0.997 0.001 0.002
0.989 0.006 0.005
0.991 0.001 0.007
0.966 0.007 0.027
0.985 0.004 0.010
0.968 0.003 0.029
0.954 0.025 0.021
0.988 0.003 0.010
0.994 0.002 0.004
0.998 0.002 0.001
0.988 0.003 0.009
0.003 0.067 0.930
0.003 0.169 0.828
0.036 0.172 0.791
0.003 0.222 0.775
0.017 0.146 0.837
0.008 0.225 0.767
0.002 0.182 0.816
0.002 0.151 0.847
0.011 0.136 0.852
0.016 0.196 0.788
0.976 0.005 0.019
0.985 0.005 0.010
0.967 0.025 0.008
0.986 0.009 0.005
0.993 0.004 0.003
0.997 0.001 0.002
0.014 0.028 0.959
0.012 0.074 0.913
0.092 0.191 0.716
0.020 0.293 0.687
0.018 0.227 0.754
0.016 0.354 0.630
0.016 0.100 0.884
0.019 0.088 0.894
0.002 0.188 0.809
0.026 0.208 0.766
0.029 0.127 0.844
0.003 0.156 0.841
0.042 0.216 0.742
0.964 0.025 0.010
0.991 0.002 0.007
0.989 0.005 0.007
0.981 0.003 0.016
0.995 0.002 0.003
0.974 0.010 0.016
0.015 0.308 0.677
0.003 0.352 0.645
0.003 0.326 0.671
0.004 0.084 0.912
0.091 0.246 0.663
0.009 0.203 0.788
0.103 0.233 0.664
0.006 0.051 0.943
0.008 0.195 0.797
0.995 0.001 0.004
0.966 0.030 0.004
0.996 0.001 0.002
0.997 0.001 0.002
0.976 0.008 0.016
0.989 0.004 0.007
0.992 0.003 0.004
0.991 0.003 0.007
0.997 0.001 0.002
0.006 0.254 0.740
0.003 0.288 0.709
0.025 0.298 0.677
0.004 0.152 0.845
0.011 0.185 0.805
0.006 0.246 0.748
0.003 0.337 0.660
0.003 0.243 0.754
0.012 0.236 0.752
0.018 0.239 0.743
0.034 0.322 0.644
0.037 0.319 0.644
0.985 0.005 0.010
0.955 0.020 0.025
0.985 0.008 0.006
0.997 0.001 0.002
0.994 0.003 0.003
0.996 0.003 0.001
0.889 0.060 0.051
0.807 0.022 0.171
0.989 0.007 0.004
0.922 0.006 0.072
0.980 0.008 0.011
0.971 0.005 0.025
0.985 0.006 0.009
0.991 0.002 0.007
0.980 0.011 0.009
0.996 0.001 0.003
0.998 0.001 0.001
0.937 0.006 0.056
0.990 0.003 0.007
0.991 0.002 0.007
0.998 0.001 0.001
0.991 0.002 0.007
0.958 0.008 0.033
0.996 0.001 0.002
0.987 0.002 0.011
0.960 0.032 0.007
0.996 0.002 0.002
0.991 0.002 0.006
0.993 0.003 0.004
0.899 0.003 0.097
0.910 0.056 0.034
0.990 0.002 0.008
0.996 0.002 0.003
0.997 0.001 0.002
0.960 0.011 0.029
0.998 0.001 0.001
0.989 0.007 0.004
0.994 0.003 0.003
0.992 0.004 0.004
0.995 0.002 0.004
0.996 0.001 0.002
0.987 0.005 0.008
0.995 0.003 0.002
0.993 0.002 0.006
0.992 0.002 0.006
0.991 0.002 0.007
0.994 0.002 0.004
0.996 0.002 0.002
0.989 0.007 0.005
0.992 0.003 0.005
0.992 0.003 0.004
0.997 0.001 0.002
0.996 0.003 0.002
0.997 0.001 0.002
0.996 0.002 0.002
0.997 0.001 0.001
0.988 0.009 0.003
0.957 0.017 0.026
0.003 0.495 0.502
0.015 0.301 0.684
0.027 0.401 0.573
0.004 0.444 0.552
0.015 0.200 0.786
0.040 0.036 0.924
0.006 0.167 0.827
0.007 0.165 0.828
0.013 0.176 0.810
0.022 0.204 0.774
0.975 0.004 0.021
0.990 0.003 0.008
0.968 0.003 0.030
0.980 0.007 0.014
0.998 0.001 0.002
0.992 0.004 0.004
0.984 0.010 0.006
0.997 0.001 0.002
0.996 0.001 0.003
0.973 0.007 0.020
0.978 0.006 0.016
0.996 0.002 0.002
0.989 0.005 0.006
0.994 0.002 0.004
0.990 0.003 0.007
0.995 0.004 0.002
0.992 0.007 0.001
0.995 0.002 0.003
0.978 0.006 0.017
0.986 0.002 0.012
0.997 0.001 0.002
0.992 0.003 0.005
0.993 0.003 0.004
0.998 0.001 0.001
0.993 0.004 0.002
0.992 0.004 0.004
0.960 0.002 0.038
0.996 0.002 0.002
0.997 0.001 0.002
0.997 0.001 0.002
0.969 0.013 0.018
0.988 0.005 0.008
0.912 0.013 0.075
0.993 0.004 0.003
0.996 0.002 0.002
0.998 0.001 0.001
0.997 0.001 0.002
0.998 0.001 0.001
0.993 0.001 0.006
0.997 0.002 0.001
0.986 0.006 0.008
0.993 0.002 0.005
0.997 0.002 0.001
0.979 0.017 0.004
0.997 0.001 0.002
0.995 0.002 0.003
0.997 0.002 0.001
0.993 0.004 0.002
0.997 0.002 0.001
0.995 0.002 0.004
0.992 0.003 0.004
0.996 0.003 0.001
0.993 0.004 0.003
0.996 0.002 0.002
0.994 0.002 0.004
0.997 0.001 0.002
0.986 0.005 0.008
0.981 0.006 0.013
0.996 0.002 0.002
0.995 0.002 0.003
0.994 0.002 0.004
0.997 0.002 0.002
0.996 0.002 0.002
0.994 0.001 0.004
0.991 0.004 0.005
0.982 0.002 0.016
0.995 0.002 0.003
0.994 0.002 0.004
0.995 0.002 0.003
0.970 0.023 0.007
0.993 0.003 0.004
0.996 0.001 0.003
0.994 0.002 0.004
0.991 0.005 0.004
0.979 0.002 0.019
0.987 0.003 0.010
0.997 0.001 0.002
0.992 0.004 0.004
0.994 0.001 0.005
0.998 0.001 0.001
0.993 0.002 0.005
0.998 0.001 0.001
0.965 0.006 0.029
0.998 0.001 0.001
0.009 0.224 0.767
0.006 0.371 0.623
0.020 0.221 0.760
0.015 0.280 0.705
0.004 0.199 0.797
0.080 0.016 0.904
0.994 0.002 0.005
0.997 0.001 0.001
0.992 0.002 0.006
0.984 0.008 0.008
0.994 0.002 0.004
0.994 0.003 0.003
0.991 0.004 0.005
0.994 0.002 0.004
0.994 0.003 0.003
0.996 0.003 0.001
0.985 0.004 0.012
0.984 0.003 0.013
0.983 0.005 0.011
0.992 0.002 0.005
0.993 0.006 0.002
0.996 0.001 0.002
0.994 0.002 0.004
0.982 0.008 0.010
0.995 0.001 0.004
0.995 0.002 0.003
0.996 0.002 0.002
0.996 0.002 0.002
0.998 0.001 0.001
0.987 0.005 0.008
0.994 0.003 0.003
0.995 0.002 0.003
0.997 0.001 0.002
0.995 0.002 0.003
0.990 0.001 0.009
0.994 0.004 0.002
0.996 0.001 0.002
0.994 0.002 0.004
0.996 0.001 0.003
0.996 0.002 0.002
0.998 0.001 0.002
0.998 0.001 0.001
0.996 0.001 0.003
0.986 0.008 0.006
0.995 0.002 0.003
0.996 0.001 0.003
0.993 0.003 0.004
0.996 0.002 0.002
0.995 0.003 0.003
0.980 0.004 0.015
0.980 0.007 0.013
0.996 0.001 0.003
0.964 0.016 0.019
0.996 0.003 0.001
0.986 0.008 0.006
0.988 0.005 0.007
0.995 0.002 0.003
0.989 0.004 0.007
0.995 0.002 0.003
0.996 0.001 0.002
0.991 0.004 0.005
0.993 0.002 0.005
0.996 0.002 0.003
0.996 0.002 0.003
0.996 0.002 0.002
0.994 0.001 0.005
0.989 0.003 0.009
0.977 0.006 0.016
0.996 0.002 0.002
0.970 0.023 0.007
0.994 0.003 0.002
0.988 0.003 0.009
0.997 0.001 0.002
0.992 0.003 0.006
0.998 0.001 0.002
0.995 0.002 0.004
0.997 0.002 0.002
0.986 0.011 0.003
0.993 0.005 0.003
0.995 0.002 0.003
0.003 0.241 0.756
0.005 0.153 0.842
0.070 0.294 0.636
0.978 0.005 0.017
0.994 0.002 0.005
0.975 0.003 0.023
0.995 0.003 0.003
0.996 0.002 0.002
0.989 0.006 0.006
0.996 0.002 0.002
0.997 0.002 0.001
0.986 0.007 0.008
0.993 0.003 0.005
0.974 0.016 0.009
0.998 0.001 0.001
0.977 0.009 0.013
0.990 0.002 0.008
0.972 0.010 0.018
0.986 0.007 0.007
0.998 0.001 0.001
0.950 0.006 0.044
0.986 0.010 0.004
0.988 0.003 0.008
0.996 0.001 0.003
0.996 0.001 0.003
0.996 0.002 0.003
0.995 0.003 0.002
0.993 0.002 0.005
0.007 0.248 0.745
0.050 0.384 0.566
0.027 0.296 0.677
0.006 0.140 0.854
0.081 0.560 0.358
0.009 0.343 0.647
0.016 0.270 0.713
0.017 0.481 0.502
0.004 0.410 0.586
0.018 0.314 0.668
0.003 0.390 0.607
0.015 0.319 0.666
0.004 0.451 0.546
0.062 0.100 0.838
0.003 0.152 0.845
0.005 0.171 0.824
0.029 0.158 0.813
0.010 0.011 0.980
0.003 0.272 0.725
0.027 0.291 0.682
0.008 0.244 0.748
0.131 0.363 0.506
0.037 0.302 0.660
0.011 0.402 0.587
0.095 0.363 0.542
0.028 0.343 0.629
0.010 0.246 0.745
0.014 0.280 0.706
0.074 0.146 0.781
0.034 0.279 0.687
0.012 0.374 0.614
0.007 0.340 0.653
0.027 0.365 0.607
0.009 0.296 0.695
0.005 0.236 0.759
0.004 0.329 0.667
0.003 0.360 0.637
0.064 0.226 0.710
0.105 0.247 0.648
0.017 0.277 0.706
0.172 0.206 0.622
0.052 0.359 0.589
0.010 0.307 0.683
0.006 0.243 0.751
0.040 0.284 0.676
0.010 0.316 0.674
0.004 0.463 0.532
0.042 0.256 0.702
0.011 0.375 0.614
0.051 0.379 0.570
0.061 0.334 0.605
0.055 0.385 0.560
0.119 0.244 0.637
0.038 0.300 0.662
0.015 0.264 0.721
0.101 0.132 0.767
0.061 0.363 0.577
0.011 0.421 0.567
0.052 0.181 0.767
0.018 0.316 0.666
0.009 0.285 0.705
0.004 0.235 0.761
0.017 0.359 0.624
0.006 0.306 0.687
0.029 0.383 0.588
0.076 0.285 0.638
0.004 0.021 0.976
0.014 0.370 0.616
0.037 0.243 0.720
0.084 0.291 0.625
0.008 0.354 0.638
0.008 0.202 0.790
0.007 0.223 0.770
0.014 0.138 0.848
0.003 0.335 0.662
0.101 0.412 0.486
0.007 0.271 0.723
0.031 0.326 0.644
0.012 0.297 0.690
0.005 0.236 0.760
0.004 0.354 0.643
0.011 0.259 0.730
0.019 0.380 0.601
0.013 0.332 0.655
0.047 0.280 0.673
0.027 0.217 0.756
0.019 0.399 0.581
0.002 0.175 0.823
0.026 0.555 0.420
0.023 0.241 0.736
0.015 0.075 0.910
0.080 0.219 0.702
0.003 0.243 0.754
0.024 0.254 0.722
0.026 0.212 0.761
0.010 0.247 0.743
0.063 0.235 0.703
0.004 0.347 0.648
0.009 0.254 0.737
0.006 0.324 0.670
0.007 0.248 0.745
0.005 0.274 0.721
0.013 0.241 0.746
0.075 0.365 0.560
0.014 0.219 0.767
0.002 0.288 0.709
0.069 0.222 0.709
0.002 0.226 0.772
0.005 0.310 0.686
0.003 0.094 0.902
0.037 0.316 0.647
0.024 0.427 0.550
0.108 0.407 0.485
0.061 0.473 0.466
0.006 0.377 0.617
0.109 0.215 0.676
0.094 0.391 0.515
0.012 0.372 0.616
0.005 0.496 0.499
0.010 0.374 0.616
0.003 0.414 0.583
0.003 0.468 0.528
0.009 0.300 0.691
0.055 0.440 0.505
0.012 0.403 0.584
0.081 0.394 0.525
0.011 0.283 0.707
0.004 0.426 0.570
0.013 0.503 0.484
0.005 0.459 0.536
0.020 0.324 0.656
0.003 0.287 0.710
0.020 0.363 0.617
0.046 0.227 0.727
0.003 0.355 0.642
0.016 0.296 0.688
0.011 0.348 0.640
0.056 0.263 0.681
0.003 0.244 0.754
0.007 0.314 0.679
0.011 0.378 0.611
0.021 0.381 0.598
0.006 0.449 0.545
0.016 0.462 0.522
0.047 0.224 0.729
0.120 0.317 0.563
0.015 0.336 0.649
0.010 0.276 0.714
0.084 0.094 0.823
0.064 0.420 0.516
0.100 0.223 0.676
0.020 0.384 0.596
0.009 0.345 0.646
0.033 0.242 0.725
0.004 0.263 0.733
0.052 0.240 0.708
0.004 0.343 0.653
0.146 0.148 0.706
0.004 0.154 0.842
0.022 0.257 0.722
0.007 0.142 0.850
0.002 0.270 0.727
0.045 0.334 0.621
0.025 0.232 0.743
0.022 0.131 0.847
0.079 0.228 0.694
0.083 0.282 0.635
0.051 0.262 0.688
0.019 0.259 0.722
0.008 0.282 0.710
0.025 0.161 0.814
0.014 0.168 0.818
0.002 0.379 0.619
0.031 0.438 0.531
0.008 0.488 0.504
0.003 0.419 0.579
0.004 0.338 0.658
0.006 0.340 0.653
0.075 0.317 0.608
0.006 0.248 0.746
0.003 0.350 0.647
0.003 0.322 0.675
0.012 0.302 0.686
0.009 0.549 0.442
0.004 0.445 0.550
0.011 0.211 0.779
0.017 0.400 0.583
0.029 0.316 0.655
0.041 0.380 0.578
0.004 0.422 0.574
0.003 0.439 0.557
0.014 0.274 0.711
0.024 0.257 0.719
0.005 0.337 0.658
0.005 0.213 0.782
0.004 0.371 0.625
0.020 0.359 0.620
0.041 0.276 0.682
0.029 0.314 0.657
0.031 0.218 0.751
0.054 0.423 0.523
0.013 0.265 0.722
0.041 0.256 0.704
0.097 0.307 0.596
0.046 0.332 0.622
0.005 0.178 0.817
0.007 0.133 0.860
0.004 0.501 0.495
0.006 0.285 0.709
0.014 0.226 0.759
0.005 0.268 0.727
0.002 0.305 0.693
0.012 0.280 0.708
0.004 0.373 0.623
0.009 0.340 0.651
0.003 0.158 0.838
0.015 0.358 0.628
0.014 0.221 0.765
0.006 0.435 0.559
0.011 0.306 0.683
0.112 0.158 0.731
0.034 0.330 0.636
0.007 0.387 0.606
0.010 0.132 0.858
0.009 0.223 0.768
0.033 0.309 0.658
0.012 0.308 0.680
0.002 0.385 0.613
0.044 0.320 0.635
0.005 0.271 0.724
0.017 0.390 0.593
0.008 0.112 0.880
0.009 0.308 0.683
0.014 0.325 0.661
0.016 0.429 0.555
0.004 0.407 0.590
0.048 0.156 0.796
0.009 0.352 0.639
0.003 0.378 0.620
0.010 0.404 0.586
0.024 0.261 0.715
0.004 0.223 0.773
0.030 0.327 0.643
0.005 0.372 0.622
0.005 0.186 0.809
0.011 0.232 0.758
0.004 0.285 0.711
0.049 0.242 0.709
0.006 0.305 0.689
0.029 0.315 0.656
0.122 0.214 0.664
0.006 0.240 0.754
0.021 0.322 0.657
0.010 0.311 0.678
0.044 0.208 0.749
0.005 0.405 0.590
0.004 0.344 0.652
0.050 0.287 0.662
0.037 0.346 0.617
0.010 0.291 0.699
0.019 0.381 0.600
0.011 0.292 0.698
0.008 0.180 0.812
0.007 0.380 0.614
0.007 0.253 0.741
0.014 0.302 0.684
0.041 0.286 0.672
0.012 0.427 0.561
0.118 0.354 0.528
0.005 0.430 0.565
0.008 0.324 0.668
0.006 0.364 0.629
0.016 0.376 0.608
0.010 0.330 0.660
0.013 0.262 0.725
0.010 0.281 0.708
0.011 0.570 0.419
0.015 0.362 0.624
0.006 0.338 0.656
0.008 0.433 0.560
0.012 0.238 0.750
0.025 0.334 0.641
0.023 0.407 0.570
0.013 0.377 0.610
0.019 0.484 0.497
0.012 0.475 0.513
0.118 0.219 0.662
0.060 0.175 0.765
0.029 0.447 0.524
0.002 0.277 0.720
0.004 0.420 0.576
0.007 0.372 0.622
0.012 0.356 0.632
0.059 0.222 0.719
0.014 0.236 0.750
0.077 0.267 0.656
0.010 0.306 0.683
0.002 0.308 0.690
0.018 0.225 0.757
0.015 0.313 0.672
0.006 0.302 0.692
0.045 0.313 0.642
0.005 0.170 0.825
0.014 0.199 0.787
0.005 0.270 0.725
0.023 0.399 0.578
0.003 0.235 0.761
0.077 0.360 0.563
0.021 0.193 0.786
0.008 0.395 0.597
0.006 0.008 0.986
0.013 0.002 0.986
0.003 0.019 0.978
0.004 0.003 0.993
0.003 0.002 0.995
0.002 0.010 0.989
0.012 0.007 0.981
0.001 0.004 0.994
0.003 0.002 0.995
0.002 0.009 0.989
0.004 0.006 0.990
0.005 0.015 0.980
0.002 0.005 0.993
0.004 0.005 0.992
0.002 0.004 0.995
0.012 0.005 0.983
0.007 0.003 0.990
0.003 0.004 0.994
0.002 0.006 0.991
0.012 0.005 0.983
0.004 0.005 0.991
0.009 0.007 0.984
0.006 0.004 0.990
0.009 0.006 0.986
0.012 0.008 0.981
0.004 0.013 0.983
0.011 0.005 0.985
0.011 0.007 0.982
0.002 0.004 0.995
0.007 0.008 0.986
0.012 0.003 0.985
0.002 0.004 0.993
0.009 0.008 0.983
0.011 0.002 0.988
0.012 0.003 0.985
0.009 0.012 0.979
0.006 0.005 0.989
0.002 0.004 0.993
0.003 0.010 0.987
0.001 0.003 0.997
0.013 0.004 0.983
0.005 0.008 0.986
0.005 0.003 0.992
0.012 0.002 0.987
0.002 0.020 0.978
0.002 0.003 0.995
0.002 0.005 0.993
0.022 0.002 0.976
0.005 0.001 0.993
0.002 0.002 0.996
0.005 0.006 0.989
0.012 0.015 0.973
0.002 0.002 0.996
0.006 0.001 0.993
0.005 0.012 0.983
0.006 0.016 0.978
0.003 0.002 0.996
0.005 0.003 0.992
0.010 0.007 0.984
0.004 0.002 0.994
0.002 0.003 0.994
0.005 0.008 0.988
0.004 0.008 0.988
0.009 0.009 0.982
0.005 0.002 0.992
0.007 0.003 0.990
0.005 0.008 0.987
0.017 0.002 0.981
0.003 0.010 0.987
0.004 0.004 0.992
0.004 0.003 0.993
0.006 0.006 0.988
0.006 0.001 0.993
0.004 0.007 0.989
0.002 0.001 0.997
0.006 0.002 0.992
0.003 0.004 0.992
0.004 0.004 0.992
0.005 0.006 0.989
0.005 0.008 0.987
0.004 0.005 0.992
0.004 0.002 0.994
0.001 0.002 0.997
0.006 0.005 0.989
0.002 0.003 0.994
0.028 0.006 0.967
0.003 0.017 0.980
0.006 0.004 0.990
0.004 0.007 0.989
0.007 0.006 0.987
0.009 0.008 0.983
0.003 0.003 0.994
0.014 0.014 0.972
0.004 0.004 0.992
0.009 0.030 0.961
0.021 0.004 0.976
0.014 0.003 0.983
0.032 0.006 0.962
0.004 0.004 0.992
0.994 0.002 0.004
0.974 0.006 0.021
0.963 0.008 0.029
0.977 0.013 0.010
0.996 0.002 0.002
0.996 0.001 0.002
0.996 0.002 0.002
0.996 0.003 0.001
0.995 0.002 0.003
0.989 0.002 0.009
0.996 0.002 0.003
0.985 0.008 0.007
0.993 0.002 0.005
0.997 0.002 0.001
0.993 0.002 0.005
0.985 0.004 0.010
0.996 0.001 0.003
0.975 0.015 0.010
0.973 0.006 0.021
0.015 0.974 0.011
0.018 0.966 0.017
0.008 0.975 0.018
0.008 0.984 0.008
0.009 0.984 0.007
0.005 0.861 0.134
0.003 0.987 0.010
0.003 0.994 0.003
0.004 0.993 0.002
0.005 0.980 0.015
0.003 0.992 0.005
0.005 0.982 0.013
0.005 0.966 0.029
0.008 0.978 0.013
0.005 0.987 0.008
0.005 0.993 0.002
0.026 0.940 0.034
0.003 0.992 0.005
0.022 0.956 0.022
0.008 0.985 0.007
0.002 0.992 0.006
0.004 0.992 0.003
0.003 0.994 0.003
0.005 0.989 0.006
0.004 0.828 0.169
0.036 0.926 0.038
0.041 0.918 0.041
0.008 0.986 0.006
0.013 0.983 0.005
0.011 0.922 0.067
0.004 0.987 0.009
0.006 0.983 0.011
0.007 0.979 0.013
0.146 0.844 0.010
0.004 0.993 0.004
0.002 0.990 0.008
0.004 0.993 0.003
0.003 0.994 0.003
0.016 0.966 0.017
0.003 0.991 0.006
0.004 0.969 0.028
0.006 0.985 0.008
0.008 0.963 0.028
0.003 0.996 0.002
0.003 0.995 0.002
0.004 0.984 0.012
0.020 0.973 0.007
0.010 0.974 0.015
0.004 0.992 0.004
0.003 0.994 0.003
0.019 0.851 0.130
0.004 0.990 0.006
0.005 0.978 0.017
0.009 0.983 0.008
0.003 0.995 0.003
0.002 0.990 0.008
0.131 0.823 0.046
0.003 0.991 0.007
0.005 0.912 0.083
0.016 0.967 0.017
0.003 0.995 0.002
0.003 0.984 0.013
0.043 0.949 0.008
0.016 0.976 0.008
0.004 0.992 0.004
0.002 0.986 0.012
0.006 0.986 0.008
0.015 0.981 0.004
0.002 0.992 0.007
0.007 0.762 0.231
0.011 0.980 0.009
0.035 0.918 0.047
0.004 0.986 0.010
0.003 0.975 0.021
0.025 0.902 0.073
0.003 0.989 0.008
0.007 0.982 0.012
0.017 0.945 0.038
0.009 0.976 0.015
0.015 0.981 0.004
0.030 0.945 0.025
0.033 0.953 0.014
0.008 0.983 0.010
0.005 0.988 0.007
0.007 0.979 0.015
0.013 0.977 0.010
0.015 0.975 0.010
0.002 0.996 0.002
0.006 0.950 0.043
0.008 0.975 0.017
0.025 0.934 0.041
0.024 0.945 0.031
0.004 0.992 0.004
0.004 0.986 0.010
0.005 0.988 0.007
0.008 0.976 0.016
0.003 0.990 0.007
0.004 0.992 0.005
0.001 0.997 0.002
0.005 0.975 0.019
0.006 0.992 0.002
0.004 0.985 0.011
0.004 0.992 0.004
0.979 0.008 0.013
0.988 0.003 0.008
0.993 0.004 0.004
0.995 0.002 0.003
0.996 0.002 0.001
0.989 0.003 0.008
0.988 0.006 0.006
0.992 0.003 0.005
0.995 0.001 0.004
0.996 0.002 0.001
0.989 0.004 0.007
0.993 0.003 0.004
0.996 0.001 0.003
0.974 0.025 0.001
0.995 0.002 0.003
0.995 0.002 0.003
0.994 0.001 0.005
0.996 0.002 0.002
0.995 0.001 0.004
0.987 0.005 0.008
0.985 0.003 0.012
0.998 0.001 0.001
0.996 0.001 0.003
0.997 0.001 0.002
0.994 0.003 0.003
0.996 0.001 0.002
0.995 0.002 0.003
0.997 0.001 0.001
0.987 0.003 0.010
0.006 0.974 0.020
0.005 0.918 0.077
0.006 0.970 0.025
0.007 0.987 0.006
0.018 0.837 0.145
0.032 0.942 0.026
0.005 0.985 0.010
0.009 0.969 0.023
0.122 0.873 0.005
0.008 0.967 0.024
0.005 0.990 0.005
0.008 0.794 0.198
0.009 0.986 0.005
0.010 0.931 0.059
0.002 0.989 0.009
0.004 0.991 0.005
0.006 0.962 0.032
0.019 0.955 0.026
0.006 0.971 0.023
0.005 0.984 0.010
0.007 0.959 0.034
0.007 0.984 0.009
0.005 0.989 0.007
0.003 0.991 0.006
0.185 0.797 0.018
0.003 0.995 0.002
0.006 0.770 0.224
0.005 0.893 0.102
0.006 0.988 0.006
0.004 0.991 0.005
0.006 0.979 0.015
0.037 0.765 0.198
0.003 0.992 0.005
0.014 0.981 0.005
0.015 0.953 0.033
0.004 0.988 0.009
0.017 0.969 0.014
0.064 0.925 0.011
0.007 0.985 0.008
0.005 0.882 0.113
0.042 0.947 0.011
0.015 0.968 0.016
0.004 0.976 0.020
0.005 0.982 0.012
0.003 0.985 0.011
0.040 0.917 0.043
0.005 0.992 0.003
0.002 0.995 0.002
0.006 0.916 0.077
0.043 0.952 0.005
0.011 0.974 0.015
0.006 0.982 0.012
0.013 0.929 0.058
0.012 0.956 0.032
0.017 0.926 0.057
0.004 0.978 0.019
0.002 0.980 0.018
0.004 0.990 0.006
0.005 0.984 0.012
0.008 0.989 0.003
0.007 0.983 0.010
0.003 0.973 0.024
0.010 0.974 0.015
0.005 0.986 0.008
0.009 0.900 0.091
0.003 0.990 0.007
0.007 0.984 0.009
0.002 0.981 0.017
0.035 0.954 0.011
0.002 0.993 0.005
0.995 0.002 0.003
0.994 0.003 0.004
0.945 0.008 0.047
0.994 0.002 0.004
0.993 0.003 0.003
0.971 0.008 0.021
0.877 0.008 0.115
0.936 0.008 0.056
0.950 0.032 0.018
0.986 0.004 0.010
0.871 0.013 0.116
0.986 0.006 0.007
0.982 0.005 0.013
0.982 0.011 0.007
0.972 0.013 0.015
0.988 0.004 0.009
0.851 0.029 0.120
0.973 0.003 0.024
0.003 0.993 0.004
0.007 0.988 0.005
0.011 0.985 0.004
0.006 0.971 0.023
0.005 0.990 0.005
0.002 0.991 0.007
0.009 0.928 0.063
0.003 0.993 0.004
0.001 0.997 0.002
0.003 0.982 0.015
0.024 0.959 0.017
0.008 0.982 0.010
0.007 0.987 0.006
0.007 0.928 0.066
0.031 0.953 0.015
0.006 0.961 0.033
0.005 0.946 0.049
0.007 0.982 0.012
0.004 0.990 0.006
0.020 0.969 0.011
0.007 0.985 0.008
0.012 0.970 0.018
0.013 0.955 0.033
0.006 0.985 0.010
0.004 0.971 0.024
0.016 0.976 0.008
0.007 0.972 0.020
0.003 0.941 0.057
0.003 0.982 0.016
0.009 0.948 0.043
0.012 0.977 0.011
0.013 0.972 0.016
0.009 0.958 0.033
0.004 0.989 0.007
0.990 0.002 0.008
0.991 0.005 0.004
0.989 0.004 0.007
0.992 0.004 0.004
0.997 0.001 0.002
0.995 0.001 0.004
0.994 0.002 0.004
0.993 0.002 0.005
0.994 0.002 0.003
0.992 0.006 0.003
0.997 0.001 0.001
0.995 0.002 0.003
0.996 0.001 0.002
0.986 0.003 0.010
0.997 0.001 0.002
0.994 0.003 0.003
0.996 0.002 0.002
0.994 0.002 0.003
0.978 0.007 0.015
0.994 0.001 0.005
0.992 0.003 0.005
0.985 0.007 0.008
0.988 0.006 0.007
0.976 0.007 0.017
0.996 0.002 0.002
0.993 0.002 0.005
0.996 0.002 0.002
0.995 0.003 0.002
0.996 0.001 0.003
0.997 0.001 0.002
0.995 0.002 0.003
0.986 0.006 0.008
0.997 0.001 0.001
0.996 0.002 0.003
0.976 0.003 0.021
0.990 0.005 0.005
0.984 0.011 0.005
0.985 0.004 0.011
0.996 0.001 0.003
0.994 0.004 0.002
0.949 0.018 0.033
0.995 0.003 0.002
0.986 0.007 0.007
0.996 0.002 0.002
0.995 0.001 0.004
0.986 0.003 0.011
0.983 0.006 0.010
0.997 0.001 0.002
0.994 0.003 0.003
0.993 0.003 0.004
0.996 0.001 0.003
0.997 0.002 0.002
0.994 0.003 0.003
0.994 0.003 0.002
0.995 0.003 0.002
0.993 0.003 0.004
0.919 0.009 0.072
0.998 0.001 0.001
0.997 0.002 0.001
0.997 0.001 0.002
0.873 0.005 0.122
0.994 0.003 0.003
0.965 0.017 0.018
0.949 0.022 0.029
0.989 0.002 0.009
0.976 0.010 0.014
0.915 0.005 0.080
0.966 0.017 0.017
0.991 0.006 0.004
0.996 0.001 0.002
0.948 0.030 0.021
0.995 0.003 0.002
0.993 0.002 0.004
0.979 0.002 0.018
0.989 0.004 0.007
0.936 0.041 0.023
0.993 0.004 0.003
0.967 0.010 0.023
0.953 0.013 0.034
0.915 0.011 0.074
0.997 0.001 0.002
0.961 0.011 0.028
0.988 0.004 0.008
0.977 0.009 0.014
0.992 0.003 0.004
0.934 0.017 0.049
0.924 0.047 0.029
0.995 0.002 0.003
0.969 0.008 0.023
0.907 0.020 0.074
0.965 0.032 0.003
0.878 0.002 0.120
0.993 0.002 0.005
0.994 0.003 0.003
0.982 0.006 0.012
0.984 0.006 0.010
0.932 0.003 0.065
0.991 0.003 0.006
