0.995 0.003 0.002
0.960 0.004 0.036
0.990 0.008 0.002
0.972 0.011 0.017
0.943 0.003 0.054
0.964 0.016 0.020
0.988 0.002 0.010
0.988 0.005 0.007
0.995 0.001 0.003
0.976 0.009 0.015
0.983 0.011 0.006
0.988 0.004 0.007
0.956 0.008 0.036
0.979 0.005 0.016
0.976 0.013 0.011
0.995 0.002 0.003
0.963 0.013 0.024
0.992 0.005 0.003
0.993 0.002 0.005
0.983 0.011 0.006
0.977 0.016 0.008
0.985 0.004 0.011
0.993 0.003 0.005
0.971 0.009 0.020
0.986 0.003 0.011
0.994 0.003 0.003
0.992 0.003 0.005
0.968 0.007 0.025
0.978 0.009 0.014
0.951 0.038 0.012
0.994 0.002 0.004
0.988 0.008 0.004
0.973 0.012 0.015
0.983 0.005 0.012
0.978 0.007 0.015
0.971 0.015 0.015
0.995 0.002 0.004
0.982 0.009 0.009
0.994 0.003 0.003
0.997 0.002 0.001
0.957 0.015 0.028
0.909 0.009 0.082
0.909 0.077 0.014
0.928 0.049 0.023
0.991 0.004 0.005
0.992 0.003 0.006
0.984 0.007 0.009
0.893 0.093 0.014
0.986 0.003 0.011
0.994 0.003 0.003
0.962 0.003 0.036
0.990 0.005 0.006
0.983 0.013 0.004
0.981 0.009 0.010
0.988 0.003 0.010
0.988 0.006 0.006
0.981 0.007 0.013
0.995 0.002 0.003
0.989 0.006 0.006
0.931 0.053 0.017
0.887 0.103 0.010
0.993 0.002 0.005
0.941 0.043 0.015
0.986 0.011 0.003
0.990 0.005 0.005
0.915 0.041 0.044
0.985 0.005 0.010
0.989 0.003 0.008
0.988 0.004 0.008
0.992 0.006 0.002
0.983 0.005 0.012
0.989 0.003 0.008
0.979 0.010 0.011
0.939 0.018 0.043
0.989 0.006 0.006
0.940 0.013 0.048
0.991 0.005 0.004
0.982 0.006 0.012
0.944 0.037 0.019
0.955 0.009 0.036
0.990 0.003 0.007
0.953 0.002 0.045
0.991 0.006 0.003
0.962 0.010 0.028
0.990 0.007 0.003
0.968 0.020 0.012
0.991 0.002 0.007
0.973 0.013 0.013
0.988 0.003 0.009
0.990 0.004 0.006
0.917 0.004 0.079
0.982 0.011 0.007
0.988 0.007 0.005
0.990 0.005 0.006
0.978 0.019 0.003
0.987 0.003 0.011
0.010 0.003 0.987
0.004 0.003 0.993
0.002 0.019 0.980
0.010 0.005 0.985
0.002 0.002 0.996
0.002 0.005 0.993
0.005 0.004 0.991
0.003 0.003 0.994
0.002 0.004 0.994
0.003 0.004 0.993
0.006 0.009 0.985
0.001 0.008 0.990
0.002 0.015 0.983
0.002 0.003 0.994
0.005 0.004 0.991
0.002 0.030 0.968
0.008 0.004 0.988
0.005 0.003 0.993
0.006 0.010 0.984
0.004 0.003 0.994
0.012 0.003 0.985
0.004 0.008 0.988
0.007 0.024 0.969
0.005 0.003 0.992
0.002 0.006 0.991
0.001 0.006 0.994
0.003 0.004 0.994
0.002 0.001 0.996
0.003 0.002 0.995
0.003 0.002 0.995
0.001 0.004 0.994
0.008 0.002 0.990
0.003 0.005 0.992
0.005 0.008 0.987
0.013 0.008 0.978
0.012 0.013 0.975
0.002 0.003 0.995
0.003 0.024 0.973
0.015 0.030 0.955
0.008 0.002 0.990
0.004 0.002 0.994
0.002 0.003 0.995
0.001 0.005 0.994
0.003 0.006 0.991
0.008 0.003 0.989
0.005 0.003 0.992
0.002 0.009 0.989
0.004 0.005 0.991
0.005 0.011 0.984
0.001 0.001 0.998
0.002 0.012 0.986
0.002 0.005 0.993
0.014 0.007 0.979
0.006 0.008 0.986
0.003 0.002 0.995
0.003 0.005 0.992
0.060 0.007 0.933
0.009 0.004 0.986
0.005 0.002 0.993
0.004 0.003 0.993
0.013 0.021 0.966
0.019 0.007 0.974
0.008 0.007 0.986
0.006 0.019 0.975
0.008 0.006 0.986
0.007 0.003 0.990
0.012 0.025 0.963
0.014 0.004 0.982
0.009 0.016 0.974
0.030 0.005 0.965
0.002 0.001 0.996
0.004 0.005 0.990
0.002 0.002 0.997
0.004 0.002 0.994
0.004 0.003 0.993
0.008 0.005 0.987
0.011 0.007 0.982
0.001 0.006 0.993
0.003 0.003 0.994
0.002 0.005 0.993
0.003 0.018 0.980
0.005 0.002 0.993
0.008 0.002 0.991
0.006 0.002 0.992
0.002 0.003 0.996
0.011 0.010 0.979
0.011 0.004 0.985
0.012 0.007 0.981
0.002 0.004 0.994
0.002 0.001 0.997
0.002 0.010 0.988
0.002 0.002 0.996
0.003 0.004 0.993
0.005 0.002 0.993
0.006 0.004 0.989
0.006 0.003 0.991
0.005 0.002 0.993
0.016 0.006 0.978
0.002 0.002 0.996
0.003 0.006 0.990
0.006 0.009 0.985
0.002 0.006 0.991
0.005 0.005 0.990
0.177 0.009 0.814
0.100 0.002 0.898
0.002 0.002 0.997
0.007 0.009 0.983
0.060 0.004 0.936
0.073 0.005 0.923
0.137 0.002 0.861
0.041 0.003 0.955
0.028 0.004 0.967
0.058 0.010 0.932
0.005 0.002 0.993
0.028 0.003 0.969
0.157 0.007 0.836
0.010 0.011 0.979
0.050 0.006 0.944
0.018 0.005 0.977
0.009 0.005 0.986
0.045 0.004 0.951
0.017 0.002 0.980
0.029 0.025 0.945
0.006 0.004 0.990
0.005 0.014 0.981
0.006 0.006 0.988
0.064 0.005 0.931
0.010 0.002 0.988
0.005 0.003 0.992
0.229 0.003 0.768
0.002 0.002 0.995
0.036 0.002 0.962
0.225 0.006 0.769
0.157 0.009 0.834
0.009 0.009 0.982
0.010 0.008 0.982
0.006 0.009 0.985
0.064 0.007 0.930
0.011 0.019 0.970
0.006 0.002 0.992
0.130 0.004 0.866
0.016 0.004 0.980
0.032 0.003 0.965
0.006 0.005 0.989
0.008 0.014 0.978
0.016 0.005 0.979
0.008 0.007 0.985
0.055 0.005 0.940
0.015 0.034 0.951
0.005 0.005 0.991
0.040 0.003 0.957
0.061 0.005 0.934
0.004 0.005 0.990
0.032 0.004 0.965
0.008 0.003 0.990
0.005 0.004 0.991
0.015 0.003 0.982
0.004 0.002 0.995
0.152 0.007 0.841
0.009 0.021 0.970
0.008 0.006 0.986
0.005 0.014 0.982
0.004 0.009 0.987
0.015 0.015 0.971
0.065 0.024 0.910
0.040 0.006 0.954
0.054 0.008 0.938
0.013 0.002 0.985
0.019 0.003 0.978
0.010 0.041 0.949
0.006 0.004 0.990
0.071 0.003 0.926
0.002 0.001 0.997
0.007 0.005 0.988
0.119 0.003 0.878
0.012 0.003 0.985
0.007 0.004 0.988
0.005 0.006 0.989
0.029 0.013 0.958
0.010 0.032 0.958
0.098 0.006 0.895
0.005 0.002 0.993
0.030 0.004 0.966
0.013 0.009 0.979
0.002 0.010 0.988
0.991 0.004 0.004
0.991 0.006 0.003
0.973 0.005 0.022
0.978 0.009 0.013
0.991 0.007 0.002
0.981 0.014 0.005
0.962 0.006 0.032
0.995 0.003 0.002
0.991 0.003 0.006
0.989 0.008 0.003
0.975 0.009 0.016
0.968 0.004 0.029
0.988 0.003 0.009
0.996 0.001 0.003
0.992 0.005 0.003
0.996 0.002 0.002
0.984 0.013 0.003
0.991 0.004 0.005
0.987 0.005 0.008
0.994 0.003 0.004
0.970 0.019 0.011
0.988 0.002 0.010
0.969 0.016 0.015
0.980 0.002 0.019
0.985 0.007 0.008
0.976 0.003 0.021
0.974 0.005 0.021
0.985 0.003 0.012
0.979 0.015 0.006
0.988 0.002 0.010
0.996 0.002 0.002
0.935 0.004 0.061
0.980 0.015 0.005
0.981 0.014 0.006
0.948 0.026 0.026
0.989 0.005 0.006
0.971 0.003 0.026
0.937 0.004 0.059
0.974 0.017 0.009
0.988 0.002 0.010
0.995 0.002 0.004
0.987 0.002 0.011
0.005 0.013 0.982
0.026 0.346 0.628
0.004 0.010 0.986
0.972 0.010 0.018
0.992 0.005 0.003
0.987 0.005 0.008
0.995 0.003 0.002
0.984 0.005 0.010
0.994 0.001 0.005
0.997 0.002 0.001
0.975 0.007 0.019
0.991 0.003 0.006
0.996 0.002 0.002
0.982 0.003 0.016
0.977 0.016 0.007
0.993 0.003 0.004
0.983 0.007 0.010
0.995 0.001 0.003
0.993 0.003 0.004
0.992 0.003 0.005
0.989 0.003 0.008
0.997 0.001 0.002
0.992 0.002 0.005
0.984 0.012 0.005
0.988 0.005 0.007
0.991 0.002 0.007
0.989 0.006 0.005
0.994 0.003 0.003
0.986 0.004 0.010
0.982 0.007 0.011
0.989 0.004 0.007
0.973 0.020 0.007
0.992 0.002 0.006
0.987 0.007 0.006
0.976 0.002 0.022
0.973 0.007 0.020
0.994 0.003 0.003
0.983 0.008 0.009
0.009 0.144 0.847
0.232 0.030 0.738
0.033 0.008 0.958
0.100 0.025 0.875
0.984 0.003 0.013
0.973 0.010 0.017
0.992 0.002 0.006
0.981 0.005 0.014
0.994 0.001 0.004
0.934 0.031 0.035
0.994 0.003 0.003
0.987 0.004 0.009
0.997 0.001 0.002
0.986 0.008 0.006
0.985 0.004 0.011
0.991 0.005 0.004
0.992 0.003 0.005
0.990 0.005 0.005
0.992 0.003 0.005
0.950 0.042 0.009
0.995 0.004 0.001
0.989 0.005 0.006
0.979 0.009 0.012
0.933 0.048 0.019
0.986 0.005 0.009
0.983 0.007 0.011
0.981 0.008 0.011
0.994 0.004 0.002
0.983 0.009 0.008
0.990 0.004 0.006
0.995 0.002 0.003
0.995 0.002 0.003
0.032 0.021 0.947
0.043 0.005 0.952
0.012 0.140 0.848
0.021 0.007 0.971
0.003 0.025 0.972
0.005 0.006 0.989
0.064 0.033 0.903
0.046 0.027 0.928
0.037 0.004 0.959
0.989 0.003 0.008
0.929 0.014 0.057
0.990 0.003 0.006
0.995 0.002 0.003
0.995 0.003 0.002
0.901 0.074 0.025
0.993 0.003 0.004
0.997 0.001 0.002
0.983 0.011 0.006
0.981 0.015 0.005
0.994 0.003 0.003
0.995 0.003 0.003
0.987 0.005 0.007
0.993 0.001 0.006
0.965 0.008 0.027
0.004 0.015 0.981
0.236 0.012 0.753
0.003 0.421 0.576
0.004 0.097 0.899
0.002 0.162 0.836
0.098 0.015 0.887
0.017 0.206 0.776
0.152 0.004 0.845
0.017 0.012 0.971
0.003 0.018 0.978
0.002 0.238 0.761
0.132 0.020 0.848
0.163 0.014 0.824
0.002 0.010 0.988
0.008 0.071 0.921
0.166 0.012 0.821
0.055 0.006 0.939
0.270 0.028 0.702
0.019 0.010 0.971
0.008 0.009 0.983
0.002 0.007 0.991
0.161 0.027 0.812
0.392 0.005 0.602
0.007 0.222 0.771
0.029 0.012 0.959
0.128 0.015 0.857
0.005 0.090 0.905
0.005 0.013 0.982
0.009 0.103 0.888
0.041 0.011 0.948
0.003 0.094 0.903
0.080 0.010 0.910
0.015 0.102 0.883
0.009 0.286 0.705
0.005 0.626 0.369
0.007 0.007 0.986
0.006 0.016 0.978
0.010 0.031 0.959
0.014 0.713 0.272
0.260 0.007 0.733
0.169 0.009 0.821
0.005 0.004 0.991
0.128 0.071 0.801
0.225 0.004 0.771
0.278 0.013 0.709
0.148 0.128 0.723
0.019 0.020 0.961
0.031 0.011 0.958
0.034 0.007 0.959
0.016 0.241 0.743
0.334 0.002 0.664
0.003 0.006 0.990
0.208 0.384 0.408
0.232 0.048 0.720
0.024 0.031 0.945
0.209 0.003 0.788
0.060 0.174 0.766
0.005 0.004 0.991
0.166 0.138 0.695
0.092 0.012 0.897
0.021 0.035 0.944
0.093 0.008 0.899
0.004 0.191 0.805
0.020 0.029 0.951
0.110 0.137 0.753
0.220 0.027 0.753
0.004 0.021 0.975
0.008 0.048 0.945
0.077 0.053 0.870
0.003 0.027 0.970
0.009 0.084 0.906
0.003 0.026 0.971
0.316 0.006 0.679
0.004 0.240 0.756
0.002 0.107 0.891
0.488 0.043 0.469
0.168 0.025 0.807
0.015 0.212 0.773
0.022 0.011 0.967
0.065 0.009 0.926
0.006 0.006 0.988
0.015 0.456 0.529
0.003 0.847 0.150
0.017 0.348 0.635
0.017 0.017 0.967
0.146 0.003 0.851
0.149 0.002 0.849
0.006 0.003 0.991
0.146 0.014 0.841
0.100 0.050 0.850
0.030 0.075 0.895
0.006 0.008 0.986
0.420 0.160 0.420
0.062 0.003 0.935
0.034 0.004 0.962
0.221 0.340 0.439
0.007 0.005 0.988
0.069 0.133 0.798
0.008 0.034 0.959
0.009 0.008 0.983
0.023 0.006 0.971
0.007 0.371 0.622
0.009 0.046 0.945
0.002 0.036 0.962
0.018 0.313 0.668
0.008 0.276 0.716
0.019 0.011 0.970
0.040 0.003 0.958
0.069 0.022 0.909
0.007 0.217 0.775
0.007 0.063 0.930
0.003 0.003 0.995
0.585 0.002 0.413
0.236 0.315 0.449
0.052 0.007 0.941
0.226 0.005 0.768
0.429 0.007 0.564
0.173 0.015 0.812
0.076 0.007 0.917
0.242 0.004 0.754
0.210 0.010 0.780
0.219 0.074 0.706
0.174 0.002 0.824
0.004 0.035 0.962
0.234 0.004 0.762
0.207 0.004 0.788
0.293 0.250 0.458
0.368 0.008 0.624
0.100 0.075 0.825
0.558 0.020 0.422
0.213 0.074 0.713
0.292 0.001 0.707
0.269 0.128 0.604
0.283 0.003 0.713
0.019 0.004 0.977
0.133 0.010 0.857
0.038 0.054 0.908
0.003 0.005 0.993
0.016 0.460 0.524
0.005 0.382 0.613
0.018 0.058 0.924
0.132 0.003 0.865
0.035 0.227 0.738
0.045 0.006 0.949
0.118 0.249 0.633
0.202 0.219 0.579
0.024 0.059 0.917
0.006 0.060 0.934
0.273 0.050 0.677
0.237 0.170 0.592
0.014 0.156 0.829
0.094 0.003 0.903
0.283 0.016 0.702
0.005 0.012 0.983
0.005 0.008 0.988
0.025 0.118 0.857
0.360 0.006 0.634
0.437 0.008 0.555
0.092 0.286 0.622
0.013 0.105 0.882
0.086 0.018 0.896
0.267 0.002 0.731
0.193 0.016 0.791
0.431 0.047 0.522
0.350 0.101 0.548
0.068 0.313 0.618
0.042 0.012 0.946
0.015 0.002 0.983
0.006 0.007 0.987
0.039 0.163 0.798
0.098 0.437 0.465
0.004 0.007 0.989
0.120 0.090 0.790
0.002 0.008 0.990
0.141 0.047 0.811
0.006 0.009 0.986
0.131 0.494 0.375
0.090 0.180 0.730
0.031 0.012 0.958
0.030 0.023 0.947
0.034 0.011 0.955
0.005 0.001 0.993
0.008 0.007 0.984
0.002 0.002 0.996
0.001 0.003 0.996
0.001 0.005 0.994
0.002 0.003 0.995
0.002 0.005 0.992
0.001 0.005 0.994
0.004 0.002 0.994
0.002 0.003 0.995
0.002 0.002 0.997
0.003 0.003 0.994
0.003 0.002 0.995
0.018 0.011 0.972
0.004 0.013 0.984
0.007 0.007 0.986
0.001 0.002 0.997
0.002 0.012 0.986
0.002 0.003 0.996
0.004 0.013 0.983
0.003 0.002 0.995
0.013 0.029 0.957
0.002 0.002 0.996
0.159 0.014 0.827
0.026 0.408 0.566
0.003 0.364 0.633
0.504 0.014 0.482
0.045 0.007 0.948
0.285 0.003 0.712
0.433 0.003 0.564
0.267 0.022 0.711
0.447 0.011 0.543
0.203 0.015 0.782
0.127 0.015 0.858
0.313 0.005 0.682
0.047 0.008 0.945
0.915 0.049 0.037
0.993 0.003 0.004
0.985 0.010 0.005
0.983 0.013 0.004
0.976 0.015 0.009
0.996 0.002 0.002
0.002 0.012 0.985
0.003 0.023 0.974
0.005 0.028 0.968
0.002 0.006 0.992
0.003 0.012 0.985
0.002 0.009 0.989
0.005 0.006 0.989
0.001 0.011 0.988
0.002 0.007 0.991
0.007 0.050 0.943
0.002 0.003 0.995
0.001 0.004 0.995
0.002 0.002 0.996
0.002 0.002 0.997
0.005 0.010 0.986
0.003 0.005 0.992
0.003 0.003 0.994
0.029 0.011 0.961
0.015 0.183 0.802
0.001 0.019 0.980
0.002 0.006 0.992
0.005 0.010 0.985
0.002 0.027 0.971
0.015 0.016 0.969
0.004 0.020 0.976
0.003 0.010 0.987
0.037 0.004 0.959
0.001 0.002 0.997
0.001 0.001 0.997
0.009 0.003 0.988
0.003 0.001 0.996
0.002 0.005 0.993
0.010 0.018 0.972
0.004 0.003 0.993
0.002 0.014 0.984
0.005 0.018 0.976
0.004 0.006 0.990
0.002 0.108 0.890
0.003 0.003 0.995
0.001 0.021 0.978
0.004 0.004 0.992
0.005 0.004 0.992
0.004 0.013 0.983
0.007 0.002 0.991
0.006 0.007 0.987
0.005 0.015 0.980
0.009 0.051 0.940
0.032 0.032 0.936
0.004 0.013 0.983
0.004 0.036 0.960
0.018 0.004 0.978
0.006 0.002 0.993
0.006 0.007 0.987
0.007 0.003 0.989
0.003 0.002 0.994
0.003 0.025 0.972
0.005 0.008 0.987
0.001 0.003 0.996
0.006 0.010 0.983
0.005 0.004 0.990
0.007 0.010 0.983
0.006 0.005 0.989
0.011 0.009 0.980
0.004 0.002 0.995
0.004 0.008 0.988
0.003 0.008 0.988
0.003 0.019 0.978
0.002 0.011 0.987
0.007 0.003 0.990
0.003 0.039 0.958
0.007 0.003 0.990
0.004 0.006 0.990
0.002 0.008 0.991
0.990 0.005 0.005
0.991 0.006 0.003
0.979 0.012 0.009
0.957 0.038 0.005
0.957 0.011 0.032
0.992 0.006 0.002
0.992 0.004 0.003
0.984 0.012 0.004
0.963 0.016 0.021
0.995 0.002 0.003
0.989 0.004 0.007
0.985 0.006 0.010
0.993 0.002 0.005
0.957 0.029 0.014
0.976 0.016 0.008
0.901 0.094 0.005
0.989 0.007 0.004
0.974 0.003 0.024
0.991 0.003 0.006
0.991 0.005 0.003
0.996 0.002 0.002
0.973 0.015 0.013
0.990 0.004 0.006
0.992 0.005 0.003
0.970 0.003 0.027
0.973 0.004 0.023
0.983 0.012 0.005
0.991 0.003 0.006
0.939 0.053 0.009
0.985 0.006 0.009
0.984 0.010 0.006
0.967 0.004 0.028
0.975 0.004 0.021
0.987 0.006 0.007
0.940 0.004 0.055
0.991 0.006 0.004
0.959 0.017 0.024
0.960 0.021 0.019
0.976 0.019 0.006
0.986 0.003 0.011
0.988 0.007 0.005
0.992 0.002 0.006
0.992 0.002 0.006
0.991 0.007 0.002
0.981 0.006 0.012
0.968 0.016 0.016
0.987 0.005 0.008
0.959 0.024 0.017
0.982 0.007 0.011
0.977 0.006 0.016
0.977 0.018 0.005
0.984 0.011 0.005
0.965 0.028 0.007
0.992 0.004 0.004
0.991 0.003 0.006
0.957 0.006 0.037
0.003 0.802 0.195
0.134 0.536 0.329
0.015 0.891 0.094
0.005 0.476 0.519
0.001 0.865 0.134
0.002 0.556 0.443
0.004 0.989 0.007
0.004 0.991 0.005
0.507 0.019 0.474
0.645 0.011 0.344
0.024 0.793 0.184
0.002 0.993 0.005
0.011 0.853 0.137
0.011 0.686 0.302
0.005 0.988 0.007
0.519 0.003 0.478
0.325 0.002 0.673
0.737 0.003 0.259
0.603 0.013 0.383
0.679 0.008 0.313
0.368 0.230 0.402
0.719 0.046 0.235
0.569 0.004 0.427
0.498 0.004 0.498
0.381 0.181 0.438
0.463 0.005 0.532
0.636 0.005 0.360
0.623 0.005 0.372
0.314 0.012 0.675
0.606 0.006 0.388
0.453 0.075 0.472
0.900 0.026 0.074
0.589 0.006 0.405
0.384 0.181 0.434
0.667 0.007 0.326
0.733 0.008 0.259
0.641 0.002 0.357
0.596 0.003 0.401
0.641 0.007 0.352
0.001 0.998 0.001
0.001 0.996 0.003
0.698 0.004 0.297
0.268 0.473 0.259
0.292 0.034 0.674
0.733 0.012 0.255
0.520 0.016 0.464
0.237 0.226 0.537
0.581 0.005 0.413
0.624 0.002 0.374
0.491 0.006 0.503
0.483 0.005 0.513
0.412 0.007 0.581
0.347 0.010 0.643
0.695 0.007 0.299
0.004 0.855 0.141
0.003 0.844 0.152
0.004 0.316 0.680
0.132 0.533 0.335
0.096 0.845 0.059
0.523 0.004 0.473
0.709 0.009 0.282
0.600 0.005 0.395
0.594 0.002 0.404
0.743 0.047 0.210
0.342 0.301 0.357
0.691 0.006 0.303
0.008 0.985 0.008
0.003 0.645 0.352
0.002 0.994 0.004
0.003 0.993 0.004
0.002 0.992 0.005
0.969 0.024 0.007
0.992 0.004 0.004
0.991 0.003 0.005
0.955 0.031 0.014
0.962 0.010 0.028
0.993 0.004 0.003
0.924 0.016 0.061
0.962 0.018 0.021
0.973 0.007 0.020
0.986 0.007 0.007
0.980 0.009 0.011
0.986 0.002 0.011
0.990 0.001 0.008
0.982 0.003 0.015
0.952 0.012 0.035
0.994 0.003 0.003
0.961 0.035 0.004
0.006 0.637 0.358
0.005 0.892 0.102
0.002 0.995 0.003
0.011 0.948 0.041
0.934 0.029 0.037
0.940 0.033 0.027
0.906 0.015 0.079
0.899 0.007 0.094
0.963 0.017 0.020
0.973 0.010 0.017
0.918 0.072 0.009
0.963 0.028 0.008
0.763 0.010 0.227
0.989 0.005 0.006
0.990 0.004 0.006
0.975 0.005 0.020
0.981 0.012 0.006
0.983 0.011 0.007
0.948 0.019 0.033
0.980 0.004 0.016
0.987 0.005 0.007
0.984 0.010 0.006
0.962 0.010 0.027
0.991 0.005 0.004
0.973 0.013 0.014
0.551 0.022 0.427
0.511 0.004 0.485
0.001 0.996 0.002
0.697 0.044 0.258
0.600 0.003 0.396
0.725 0.006 0.269
0.016 0.916 0.068
0.002 0.993 0.006
0.002 0.990 0.008
0.969 0.019 0.012
0.996 0.002 0.002
0.996 0.002 0.002
0.974 0.006 0.020
0.991 0.003 0.006
0.990 0.006 0.004
0.992 0.005 0.003
0.878 0.067 0.055
0.935 0.040 0.025
0.937 0.031 0.032
0.978 0.017 0.005
0.982 0.005 0.013
0.936 0.018 0.046
0.997 0.002 0.002
0.975 0.014 0.011
0.970 0.003 0.027
0.991 0.004 0.005
0.108 0.843 0.048
0.010 0.838 0.151
0.431 0.022 0.547
0.624 0.003 0.373
0.702 0.001 0.297
0.978 0.005 0.018
0.990 0.007 0.002
0.989 0.008 0.003
0.995 0.002 0.002
0.983 0.005 0.011
0.978 0.008 0.014
0.986 0.005 0.010
0.985 0.004 0.011
0.988 0.005 0.007
0.987 0.005 0.008
0.948 0.008 0.045
0.993 0.004 0.003
0.984 0.009 0.008
0.997 0.001 0.002
0.996 0.002 0.002
0.994 0.003 0.003
0.948 0.006 0.046
0.994 0.002 0.003
0.964 0.026 0.011
0.996 0.002 0.002
0.002 0.005 0.993
0.002 0.011 0.987
0.002 0.011 0.987
0.005 0.010 0.986
0.002 0.002 0.995
0.003 0.001 0.996
0.002 0.014 0.984
0.013 0.012 0.975
0.003 0.008 0.989
0.002 0.005 0.993
0.002 0.002 0.995
0.009 0.029 0.961
0.003 0.004 0.993
0.002 0.030 0.968
0.918 0.059 0.023
0.223 0.005 0.773
0.238 0.003 0.759
0.002 0.996 0.002
0.014 0.561 0.425
0.797 0.007 0.196
0.407 0.005 0.588
0.633 0.011 0.356
0.472 0.010 0.518
0.547 0.012 0.441
0.586 0.003 0.411
0.745 0.002 0.253
0.555 0.246 0.199
0.758 0.006 0.236
0.583 0.005 0.411
0.718 0.003 0.279
0.002 0.744 0.254
0.006 0.931 0.063
0.002 0.827 0.172
0.002 0.850 0.148
0.647 0.008 0.345
0.521 0.006 0.472
0.694 0.010 0.296
0.565 0.007 0.428
0.349 0.013 0.638
0.514 0.004 0.483
0.664 0.008 0.328
0.388 0.009 0.602
0.147 0.828 0.026
0.003 0.993 0.004
0.004 0.989 0.007
0.444 0.004 0.552
0.003 0.884 0.113
0.003 0.996 0.001
0.001 0.996 0.002
0.004 0.978 0.017
0.147 0.789 0.063
0.002 0.994 0.003
0.003 0.995 0.002
0.017 0.865 0.118
0.003 0.991 0.006
0.008 0.597 0.395
0.002 0.995 0.003
0.015 0.962 0.024
0.006 0.742 0.252
0.481 0.005 0.514
0.538 0.010 0.452
0.992 0.002 0.006
0.977 0.009 0.015
0.991 0.002 0.007
0.992 0.005 0.004
0.995 0.003 0.002
0.995 0.004 0.001
0.993 0.003 0.004
0.987 0.004 0.008
0.988 0.009 0.003
0.965 0.015 0.020
0.993 0.003 0.004
0.975 0.010 0.016
0.987 0.005 0.009
0.986 0.006 0.008
0.992 0.003 0.005
0.979 0.013 0.008
0.948 0.050 0.002
0.902 0.052 0.045
0.988 0.003 0.009
0.916 0.017 0.067
0.963 0.017 0.020
0.985 0.010 0.005
0.931 0.052 0.017
0.971 0.006 0.023
0.970 0.022 0.008
0.994 0.004 0.002
0.939 0.034 0.027
0.981 0.003 0.016
0.977 0.013 0.010
0.990 0.002 0.007
0.993 0.002 0.005
0.992 0.002 0.005
0.982 0.007 0.011
0.956 0.009 0.035
0.991 0.004 0.005
0.001 0.997 0.002
0.007 0.652 0.341
0.019 0.233 0.748
0.004 0.678 0.318
0.002 0.997 0.001
0.003 0.663 0.335
0.084 0.848 0.068
0.008 0.982 0.010
0.081 0.917 0.002
0.009 0.659 0.331
0.001 0.997 0.002
0.010 0.750 0.240
0.007 0.976 0.017
0.005 0.968 0.028
0.001 0.996 0.003
0.006 0.984 0.010
0.003 0.992 0.005
0.001 0.996 0.003
0.002 0.995 0.003
0.009 0.602 0.389
0.002 0.995 0.003
0.063 0.916 0.021
0.003 0.994 0.003
0.007 0.409 0.584
0.003 0.994 0.003
0.277 0.008 0.715
0.237 0.002 0.761
0.013 0.010 0.976
0.015 0.001 0.983
0.002 0.994 0.004
0.039 0.953 0.008
0.024 0.962 0.015
0.024 0.476 0.500
0.015 0.652 0.333
0.012 0.518 0.469
0.001 0.997 0.002
0.979 0.006 0.015
0.995 0.002 0.002
0.989 0.006 0.005
0.977 0.005 0.017
0.001 0.996 0.003
0.002 0.992 0.006
0.003 0.983 0.014
0.005 0.712 0.283
0.006 0.989 0.005
0.002 0.995 0.003
0.127 0.867 0.006
0.003 0.986 0.011
0.002 0.836 0.161
0.005 0.968 0.027
0.007 0.973 0.020
0.001 0.998 0.001
0.006 0.985 0.009
0.003 0.981 0.016
0.007 0.982 0.011
0.002 0.987 0.011
0.002 0.994 0.004
0.001 0.997 0.001
0.001 0.993 0.006
0.002 0.994 0.004
0.017 0.975 0.008
0.003 0.994 0.003
0.041 0.915 0.045
0.001 0.993 0.005
0.004 0.970 0.026
0.001 0.995 0.004
0.001 0.997 0.002
0.129 0.003 0.868
0.110 0.057 0.833
0.331 0.007 0.661
0.176 0.036 0.788
0.201 0.006 0.793
0.001 0.972 0.027
0.002 0.990 0.008
0.010 0.926 0.064
0.011 0.974 0.016
0.005 0.942 0.053
0.001 0.997 0.002
0.009 0.988 0.003
0.002 0.991 0.007
0.005 0.965 0.030
0.005 0.983 0.012
0.005 0.973 0.023
0.017 0.954 0.029
0.004 0.990 0.006
0.002 0.992 0.006
0.001 0.997 0.002
0.003 0.986 0.010
0.045 0.004 0.951
0.178 0.005 0.817
0.174 0.025 0.801
0.226 0.008 0.766
0.151 0.020 0.829
0.240 0.004 0.755
0.148 0.006 0.846
0.145 0.002 0.853
0.103 0.008 0.889
0.202 0.018 0.780
0.005 0.982 0.013
0.006 0.984 0.010
0.031 0.961 0.008
0.007 0.986 0.007
0.003 0.993 0.004
0.001 0.997 0.002
0.027 0.013 0.960
0.053 0.021 0.926
0.181 0.081 0.738
0.284 0.008 0.708
0.224 0.011 0.765
0.367 0.015 0.618
0.085 0.009 0.906
0.110 0.022 0.868
0.187 0.004 0.809
0.212 0.004 0.784
0.137 0.014 0.849
0.183 0.003 0.814
0.201 0.034 0.764
0.014 0.968 0.018
0.003 0.990 0.007
0.003 0.990 0.007
0.003 0.976 0.020
0.002 0.996 0.002
0.009 0.979 0.012
0.306 0.009 0.685
0.348 0.001 0.651
0.319 0.005 0.676
0.045 0.009 0.946
0.236 0.064 0.700
0.209 0.010 0.781
0.229 0.085 0.685
0.048 0.011 0.941
0.219 0.011 0.770
0.002 0.993 0.005
0.029 0.970 0.002
0.001 0.997 0.002
0.002 0.997 0.001
0.003 0.969 0.029
0.006 0.989 0.005
0.005 0.992 0.003
0.002 0.992 0.006
0.001 0.997 0.002
0.236 0.011 0.754
0.301 0.004 0.694
0.285 0.004 0.711
0.136 0.003 0.861
0.162 0.004 0.834
0.238 0.002 0.759
0.337 0.003 0.660
0.229 0.002 0.770
0.221 0.032 0.747
0.249 0.018 0.733
0.342 0.014 0.645
0.321 0.033 0.646
0.006 0.979 0.015
0.011 0.952 0.037
0.005 0.985 0.010
0.003 0.992 0.005
0.003 0.992 0.005
0.003 0.995 0.002
0.035 0.881 0.084
0.008 0.805 0.187
0.005 0.993 0.002
0.016 0.929 0.056
0.008 0.982 0.010
0.003 0.973 0.024
0.014 0.981 0.005
0.003 0.987 0.010
0.017 0.974 0.010
0.002 0.995 0.003
0.002 0.996 0.002
0.010 0.936 0.054
0.004 0.991 0.006
0.002 0.991 0.007
0.002 0.996 0.002
0.003 0.991 0.006
0.014 0.962 0.024
0.002 0.995 0.004
0.002 0.987 0.011
0.040 0.955 0.005
0.002 0.994 0.004
0.002 0.992 0.007
0.004 0.991 0.004
0.005 0.893 0.102
0.026 0.897 0.077
0.002 0.991 0.007
0.001 0.997 0.002
0.001 0.998 0.001
0.015 0.966 0.020
0.001 0.997 0.002
0.005 0.991 0.005
0.003 0.994 0.003
0.003 0.988 0.009
0.002 0.995 0.003
0.001 0.995 0.004
0.005 0.991 0.005
0.004 0.994 0.002
0.003 0.991 0.006
0.002 0.993 0.005
0.002 0.994 0.003
0.002 0.995 0.003
0.002 0.996 0.001
0.008 0.989 0.004
0.003 0.993 0.004
0.003 0.994 0.003
0.001 0.996 0.003
0.002 0.996 0.002
0.002 0.997 0.001
0.001 0.997 0.002
0.002 0.996 0.002
0.009 0.986 0.005
0.017 0.960 0.023
0.492 0.012 0.496
0.297 0.004 0.699
0.397 0.011 0.592
0.420 0.008 0.571
0.205 0.006 0.789
0.042 0.038 0.919
0.166 0.012 0.822
0.164 0.005 0.831
0.168 0.014 0.819
0.197 0.056 0.747
0.004 0.983 0.013
0.003 0.987 0.010
0.002 0.973 0.025
0.005 0.987 0.008
0.001 0.998 0.001
0.002 0.994 0.004
0.010 0.986 0.004
0.001 0.998 0.001
0.002 0.996 0.002
0.004 0.975 0.021
0.009 0.980 0.010
0.002 0.997 0.001
0.005 0.990 0.005
0.003 0.993 0.004
0.004 0.992 0.004
0.002 0.996 0.002
0.005 0.993 0.002
0.001 0.996 0.003
0.005 0.961 0.034
0.006 0.983 0.010
0.001 0.997 0.002
0.004 0.992 0.005
0.002 0.993 0.004
0.001 0.998 0.001
0.004 0.994 0.002
0.005 0.993 0.002
0.002 0.971 0.026
0.002 0.996 0.003
0.001 0.996 0.004
0.002 0.995 0.003
0.017 0.964 0.019
0.005 0.989 0.006
0.017 0.913 0.070
0.004 0.994 0.002
0.004 0.989 0.006
0.001 0.997 0.002
0.001 0.998 0.001
0.001 0.998 0.001
0.001 0.997 0.002
0.003 0.995 0.002
0.003 0.992 0.004
0.003 0.994 0.003
0.002 0.996 0.003
0.010 0.986 0.004
0.001 0.997 0.002
0.002 0.995 0.003
0.001 0.998 0.001
0.003 0.995 0.002
0.002 0.996 0.002
0.001 0.996 0.003
0.002 0.994 0.004
0.002 0.997 0.002
0.005 0.991 0.004
0.002 0.996 0.001
0.002 0.994 0.004
0.001 0.995 0.004
0.007 0.984 0.008
0.005 0.973 0.022
0.002 0.996 0.002
0.002 0.997 0.001
0.001 0.993 0.005
0.001 0.996 0.003
0.002 0.996 0.002
0.003 0.992 0.005
0.004 0.991 0.005
0.001 0.987 0.012
0.002 0.991 0.006
0.002 0.994 0.005
0.001 0.996 0.003
0.024 0.970 0.007
0.003 0.992 0.005
0.002 0.992 0.006
0.002 0.997 0.001
0.004 0.994 0.002
0.003 0.977 0.020
0.003 0.991 0.006
0.001 0.995 0.004
0.002 0.992 0.007
0.002 0.993 0.004
0.001 0.998 0.001
0.003 0.992 0.005
0.001 0.998 0.001
0.009 0.969 0.022
0.001 0.998 0.001
0.223 0.008 0.770
0.373 0.006 0.621
0.206 0.018 0.775
0.262 0.006 0.732
0.203 0.003 0.794
0.014 0.081 0.906
0.002 0.993 0.005
0.001 0.997 0.002
0.002 0.996 0.002
0.010 0.985 0.005
0.001 0.997 0.002
0.003 0.992 0.005
0.007 0.984 0.008
0.007 0.991 0.003
0.002 0.994 0.004
0.003 0.995 0.002
0.003 0.985 0.012
0.002 0.983 0.014
0.002 0.994 0.004
0.006 0.992 0.002
0.003 0.995 0.002
0.001 0.995 0.003
0.002 0.995 0.003
0.005 0.988 0.007
0.002 0.997 0.002
0.001 0.995 0.004
0.001 0.997 0.002
0.001 0.996 0.003
0.001 0.998 0.001
0.004 0.988 0.008
0.001 0.995 0.003
0.002 0.996 0.002
0.001 0.997 0.002
0.003 0.996 0.001
0.003 0.989 0.008
0.003 0.994 0.003
0.002 0.995 0.003
0.002 0.996 0.002
0.002 0.994 0.004
0.002 0.997 0.002
0.001 0.998 0.002
0.001 0.997 0.001
0.002 0.996 0.002
0.009 0.986 0.005
0.002 0.994 0.004
0.002 0.996 0.002
0.004 0.994 0.002
0.002 0.996 0.002
0.002 0.994 0.003
0.006 0.981 0.013
0.019 0.973 0.009
0.003 0.994 0.004
0.013 0.974 0.013
0.002 0.997 0.002
0.008 0.985 0.007
0.004 0.989 0.007
0.001 0.996 0.003
0.003 0.994 0.003
0.003 0.996 0.002
0.001 0.997 0.002
0.001 0.992 0.006
0.002 0.996 0.003
0.001 0.996 0.003
0.002 0.995 0.003
0.002 0.996 0.002
0.002 0.995 0.004
0.003 0.991 0.006
0.006 0.983 0.012
0.002 0.996 0.003
0.021 0.972 0.007
0.002 0.995 0.002
0.003 0.991 0.005
0.002 0.997 0.002
0.004 0.991 0.005
0.002 0.996 0.002
0.001 0.996 0.003
0.002 0.996 0.003
0.011 0.987 0.002
0.005 0.991 0.004
0.001 0.997 0.002
0.244 0.008 0.748
0.148 0.004 0.848
0.306 0.082 0.612
0.006 0.974 0.021
0.002 0.993 0.005
0.004 0.979 0.017
0.003 0.995 0.002
0.001 0.996 0.003
0.003 0.990 0.006
0.003 0.994 0.004
0.001 0.997 0.001
0.004 0.990 0.006
0.003 0.993 0.005
0.011 0.970 0.019
0.001 0.999 0.001
0.008 0.981 0.011
0.004 0.988 0.008
0.009 0.968 0.023
0.005 0.987 0.008
0.001 0.998 0.001
0.004 0.942 0.054
0.009 0.985 0.006
0.005 0.989 0.006
0.001 0.998 0.002
0.001 0.997 0.002
0.002 0.995 0.003
0.001 0.996 0.003
0.001 0.996 0.003
0.246 0.010 0.744
0.386 0.031 0.584
0.308 0.016 0.676
0.170 0.006 0.824
0.548 0.097 0.354
0.340 0.033 0.627
0.275 0.029 0.696
0.485 0.007 0.508
0.419 0.002 0.579
0.311 0.016 0.673
0.388 0.002 0.609
0.298 0.010 0.692
0.454 0.002 0.544
0.109 0.051 0.840
0.158 0.002 0.840
0.192 0.008 0.800
0.130 0.020 0.849
0.010 0.006 0.984
0.272 0.002 0.726
0.296 0.009 0.695
0.241 0.009 0.750
0.350 0.141 0.509
0.309 0.028 0.662
0.417 0.019 0.564
0.350 0.105 0.546
0.351 0.029 0.621
0.260 0.006 0.734
0.280 0.015 0.705
0.147 0.060 0.793
0.273 0.037 0.691
0.369 0.014 0.618
0.338 0.015 0.647
0.369 0.016 0.615
0.291 0.011 0.698
0.239 0.038 0.723
0.329 0.003 0.668
0.366 0.003 0.631
0.243 0.035 0.722
0.242 0.111 0.648
0.283 0.010 0.707
0.196 0.186 0.618
0.370 0.034 0.597
0.302 0.007 0.692
0.224 0.007 0.769
0.296 0.011 0.694
0.321 0.012 0.666
0.446 0.012 0.542
0.239 0.041 0.720
0.374 0.032 0.594
0.390 0.055 0.555
0.346 0.027 0.627
0.400 0.030 0.570
0.248 0.081 0.670
0.295 0.041 0.664
0.262 0.008 0.730
0.125 0.114 0.761
0.349 0.106 0.546
0.412 0.012 0.576
0.155 0.072 0.773
0.307 0.038 0.655
0.294 0.008 0.698
0.263 0.002 0.735
0.360 0.030 0.610
0.320 0.003 0.677
0.386 0.012 0.602
0.302 0.053 0.645
0.017 0.004 0.979
0.381 0.003 0.616
0.237 0.020 0.744
0.290 0.097 0.613
0.325 0.006 0.669
0.194 0.005 0.802
0.221 0.015 0.764
0.125 0.011 0.864
0.343 0.003 0.654
0.418 0.087 0.495
0.276 0.003 0.721
0.312 0.026 0.662
0.311 0.010 0.679
0.232 0.012 0.756
0.354 0.002 0.644
0.246 0.014 0.740
0.374 0.010 0.616
0.307 0.018 0.675
0.284 0.099 0.618
0.212 0.026 0.762
0.400 0.011 0.589
0.151 0.004 0.844
0.553 0.028 0.419
0.221 0.041 0.739
0.055 0.010 0.935
0.201 0.119 0.680
0.244 0.012 0.744
0.265 0.015 0.720
0.204 0.041 0.755
0.234 0.013 0.754
0.224 0.075 0.701
0.345 0.014 0.641
0.274 0.007 0.718
0.326 0.008 0.666
0.268 0.007 0.726
0.288 0.008 0.704
0.241 0.023 0.736
0.344 0.061 0.596
0.230 0.021 0.749
0.280 0.002 0.718
0.222 0.057 0.721
0.218 0.007 0.775
0.306 0.009 0.686
0.105 0.007 0.888
0.330 0.046 0.624
0.422 0.005 0.573
0.405 0.136 0.459
0.463 0.053 0.484
0.372 0.005 0.623
0.222 0.127 0.651
0.395 0.065 0.540
0.366 0.053 0.581
0.488 0.010 0.502
0.354 0.007 0.639
0.427 0.009 0.564
0.473 0.003 0.524
0.303 0.013 0.684
0.440 0.030 0.529
0.400 0.022 0.577
0.396 0.068 0.536
0.294 0.007 0.699
0.419 0.003 0.578
0.501 0.011 0.488
0.447 0.009 0.544
0.306 0.040 0.654
0.282 0.002 0.716
0.383 0.022 0.595
0.232 0.016 0.752
0.358 0.010 0.632
0.297 0.005 0.697
0.348 0.017 0.635
0.247 0.060 0.693
0.243 0.006 0.751
0.310 0.004 0.685
0.381 0.016 0.603
0.381 0.046 0.573
0.436 0.010 0.554
0.450 0.009 0.541
0.240 0.009 0.751
0.322 0.077 0.601
0.349 0.009 0.642
0.270 0.005 0.725
0.056 0.092 0.853
0.418 0.027 0.555
0.218 0.084 0.698
0.376 0.017 0.607
0.332 0.009 0.659
0.228 0.050 0.723
0.274 0.003 0.723
0.221 0.063 0.716
0.339 0.002 0.659
0.123 0.109 0.768
0.133 0.004 0.863
0.254 0.007 0.739
0.122 0.006 0.872
0.267 0.008 0.725
0.324 0.038 0.638
0.215 0.034 0.751
0.156 0.030 0.814
0.212 0.069 0.720
0.289 0.045 0.666
0.251 0.049 0.700
0.219 0.028 0.754
0.266 0.003 0.731
0.151 0.054 0.795
0.170 0.026 0.804
0.356 0.004 0.640
0.452 0.025 0.523
0.523 0.009 0.468
0.425 0.004 0.571
0.359 0.014 0.627
0.338 0.007 0.655
0.326 0.087 0.587
0.231 0.008 0.761
0.347 0.002 0.651
0.330 0.005 0.665
0.308 0.014 0.678
0.540 0.014 0.446
0.442 0.007 0.551
0.215 0.025 0.760
0.398 0.013 0.588
0.313 0.010 0.677
0.380 0.028 0.592
0.406 0.006 0.589
0.428 0.006 0.565
0.280 0.007 0.713
0.271 0.011 0.717
0.332 0.005 0.663
0.228 0.009 0.763
0.368 0.010 0.621
0.364 0.018 0.618
0.282 0.020 0.697
0.292 0.024 0.684
0.218 0.030 0.751
0.408 0.084 0.509
0.255 0.015 0.730
0.262 0.019 0.719
0.331 0.061 0.608
0.317 0.050 0.633
0.196 0.002 0.802
0.141 0.003 0.856
0.474 0.005 0.521
0.269 0.003 0.728
0.236 0.004 0.760
0.263 0.010 0.727
0.312 0.003 0.685
0.285 0.020 0.696
0.376 0.012 0.612
0.332 0.005 0.663
0.165 0.004 0.831
0.356 0.007 0.638
0.215 0.021 0.764
0.420 0.007 0.572
0.311 0.004 0.685
0.155 0.075 0.770
0.309 0.018 0.673
0.363 0.045 0.592
0.146 0.003 0.851
0.219 0.012 0.769
0.317 0.024 0.659
0.321 0.006 0.672
0.381 0.006 0.613
0.301 0.083 0.616
0.252 0.002 0.746
0.380 0.017 0.604
0.107 0.012 0.881
0.308 0.004 0.688
0.329 0.031 0.640
0.423 0.004 0.573
0.394 0.004 0.602
0.167 0.034 0.799
0.325 0.021 0.654
0.382 0.004 0.614
0.395 0.006 0.599
0.253 0.013 0.734
0.245 0.001 0.754
0.312 0.038 0.650
0.363 0.004 0.632
0.197 0.007 0.796
0.210 0.017 0.773
0.281 0.015 0.704
0.250 0.046 0.705
0.318 0.008 0.674
0.314 0.020 0.665
0.210 0.101 0.690
0.248 0.011 0.741
0.326 0.008 0.665
0.314 0.008 0.679
0.214 0.050 0.736
0.388 0.006 0.606
0.343 0.005 0.652
0.282 0.038 0.680
0.338 0.041 0.621
0.316 0.003 0.682
0.389 0.016 0.594
0.294 0.016 0.690
0.188 0.009 0.803
0.383 0.004 0.612
0.233 0.006 0.761
0.310 0.012 0.678
0.259 0.051 0.690
0.430 0.023 0.547
0.372 0.091 0.537
0.421 0.008 0.571
0.319 0.006 0.675
0.349 0.005 0.646
0.359 0.053 0.587
0.317 0.011 0.673
0.271 0.033 0.696
0.290 0.002 0.708
0.563 0.014 0.424
0.355 0.025 0.620
0.343 0.007 0.650
0.427 0.022 0.550
0.241 0.009 0.750
0.373 0.013 0.614
0.416 0.028 0.556
0.388 0.003 0.610
0.488 0.015 0.497
0.464 0.006 0.530
0.207 0.088 0.705
0.166 0.079 0.755
0.448 0.025 0.527
0.286 0.003 0.711
0.440 0.003 0.556
0.347 0.006 0.647
0.353 0.008 0.639
0.220 0.060 0.720
0.226 0.005 0.770
0.280 0.028 0.692
0.319 0.009 0.673
0.303 0.005 0.692
0.216 0.010 0.774
0.322 0.005 0.672
0.323 0.003 0.673
0.327 0.006 0.667
0.181 0.006 0.813
0.198 0.010 0.791
0.267 0.006 0.727
0.397 0.012 0.591
0.217 0.015 0.768
0.365 0.056 0.578
0.183 0.016 0.801
0.388 0.003 0.609
0.009 0.004 0.986
0.003 0.013 0.984
0.015 0.002 0.982
0.006 0.004 0.990
0.002 0.005 0.993
0.008 0.003 0.989
0.007 0.011 0.982
0.005 0.002 0.993
0.002 0.001 0.997
0.004 0.002 0.994
0.007 0.002 0.991
0.016 0.013 0.972
0.002 0.003 0.995
0.004 0.004 0.992
0.005 0.003 0.992
0.005 0.007 0.988
0.002 0.010 0.988
0.004 0.002 0.994
0.009 0.001 0.990
0.007 0.010 0.983
0.005 0.008 0.987
0.013 0.009 0.978
0.005 0.008 0.987
0.005 0.005 0.990
0.007 0.019 0.974
0.008 0.004 0.989
0.003 0.005 0.992
0.009 0.007 0.984
0.002 0.002 0.996
0.007 0.005 0.988
0.007 0.007 0.986
0.007 0.002 0.991
0.005 0.013 0.981
0.004 0.013 0.983
0.002 0.007 0.990
0.016 0.007 0.978
0.005 0.018 0.976
0.002 0.002 0.996
0.014 0.006 0.980
0.002 0.001 0.997
0.002 0.009 0.989
0.011 0.002 0.987
0.004 0.004 0.993
0.003 0.010 0.987
0.025 0.002 0.973
0.005 0.003 0.992
0.005 0.003 0.992
0.005 0.016 0.979
0.001 0.004 0.996
0.003 0.003 0.994
0.008 0.002 0.990
0.016 0.011 0.974
0.001 0.002 0.997
0.002 0.006 0.992
0.012 0.005 0.984
0.016 0.006 0.978
0.002 0.002 0.996
0.004 0.005 0.991
0.007 0.007 0.986
0.002 0.003 0.995
0.002 0.004 0.994
0.010 0.003 0.987
0.006 0.003 0.991
0.011 0.004 0.984
0.004 0.008 0.988
0.005 0.009 0.986
0.007 0.003 0.990
0.002 0.008 0.990
0.008 0.002 0.989
0.005 0.003 0.993
0.003 0.004 0.993
0.005 0.003 0.992
0.001 0.004 0.994
0.012 0.003 0.985
0.002 0.002 0.997
0.005 0.004 0.991
0.003 0.006 0.991
0.003 0.007 0.990
0.013 0.001 0.985
0.006 0.003 0.991
0.002 0.002 0.995
0.004 0.002 0.994
0.003 0.002 0.995
0.003 0.010 0.988
0.004 0.003 0.993
0.004 0.025 0.971
0.016 0.005 0.978
0.003 0.005 0.993
0.005 0.007 0.988
0.010 0.011 0.979
0.005 0.008 0.987
0.005 0.003 0.992
0.011 0.009 0.980
0.005 0.002 0.992
0.020 0.006 0.974
0.002 0.017 0.981
0.002 0.006 0.992
0.006 0.020 0.974
0.003 0.004 0.993
0.002 0.996 0.002
0.005 0.975 0.020
0.005 0.962 0.034
0.015 0.975 0.010
0.002 0.996 0.002
0.001 0.998 0.001
0.001 0.996 0.003
0.002 0.997 0.001
0.002 0.994 0.004
0.003 0.991 0.006
0.002 0.995 0.003
0.004 0.988 0.008
0.001 0.995 0.004
0.002 0.995 0.003
0.002 0.994 0.004
0.005 0.983 0.011
0.002 0.996 0.002
0.018 0.974 0.008
0.003 0.982 0.015
0.970 0.016 0.013
0.973 0.022 0.006
0.964 0.015 0.021
0.983 0.010 0.007
0.988 0.006 0.006
0.900 0.006 0.095
0.990 0.002 0.007
0.993 0.003 0.004
0.991 0.005 0.004
0.990 0.004 0.006
0.989 0.006 0.004
0.988 0.002 0.010
0.981 0.003 0.017
0.979 0.009 0.012
0.981 0.008 0.011
0.994 0.004 0.002
0.953 0.015 0.031
0.993 0.004 0.003
0.948 0.025 0.027
0.978 0.008 0.014
0.992 0.003 0.005
0.994 0.003 0.003
0.990 0.003 0.007
0.991 0.002 0.008
0.777 0.004 0.218
0.939 0.030 0.031
0.933 0.030 0.036
0.980 0.011 0.010
0.970 0.005 0.026
0.945 0.011 0.043
0.988 0.005 0.008
0.978 0.007 0.015
0.979 0.013 0.008
0.844 0.150 0.006
0.994 0.003 0.003
0.990 0.004 0.006
0.993 0.005 0.002
0.995 0.002 0.002
0.983 0.009 0.008
0.987 0.007 0.005
0.960 0.004 0.035
0.981 0.007 0.012
0.969 0.008 0.023
0.996 0.002 0.002
0.996 0.001 0.003
0.989 0.003 0.008
0.977 0.017 0.007
0.979 0.008 0.013
0.989 0.005 0.006
0.992 0.003 0.004
0.901 0.035 0.063
0.990 0.006 0.004
0.986 0.005 0.009
0.983 0.012 0.005
0.992 0.003 0.006
0.987 0.003 0.010
0.836 0.119 0.045
0.990 0.004 0.007
0.957 0.003 0.039
0.962 0.023 0.015
0.996 0.001 0.003
0.972 0.003 0.026
0.947 0.033 0.019
0.976 0.014 0.010
0.986 0.004 0.010
0.991 0.002 0.007
0.991 0.005 0.004
0.983 0.009 0.008
0.990 0.002 0.008
0.762 0.011 0.226
0.973 0.010 0.017
0.912 0.046 0.042
0.979 0.004 0.017
0.968 0.008 0.024
0.905 0.009 0.087
0.989 0.007 0.004
0.981 0.011 0.008
0.952 0.018 0.031
0.976 0.003 0.021
0.977 0.015 0.008
0.939 0.017 0.044
0.947 0.044 0.009
0.979 0.005 0.016
0.979 0.006 0.015
0.983 0.008 0.009
0.983 0.011 0.007
0.970 0.015 0.015
0.996 0.002 0.002
0.967 0.009 0.024
0.981 0.007 0.012
0.953 0.017 0.030
0.952 0.017 0.030
0.996 0.002 0.003
0.977 0.006 0.018
0.990 0.005 0.005
0.977 0.007 0.017
0.988 0.006 0.006
0.991 0.004 0.005
0.994 0.002 0.005
0.968 0.007 0.025
0.983 0.010 0.006
0.988 0.005 0.007
0.990 0.003 0.007
0.010 0.976 0.014
0.002 0.988 0.010
0.003 0.992 0.005
0.004 0.994 0.002
0.001 0.995 0.004
0.004 0.983 0.013
0.001 0.995 0.004
0.004 0.991 0.006
0.002 0.995 0.003
0.003 0.994 0.003
0.004 0.991 0.005
0.002 0.995 0.004
0.002 0.996 0.002
0.023 0.974 0.003
0.003 0.991 0.006
0.002 0.994 0.004
0.002 0.992 0.006
0.003 0.996 0.001
0.002 0.993 0.004
0.005 0.989 0.007
0.003 0.985 0.011
0.001 0.997 0.002
0.001 0.998 0.001
0.001 0.997 0.002
0.002 0.994 0.003
0.001 0.997 0.002
0.002 0.997 0.001
0.001 0.997 0.002
0.002 0.990 0.008
0.967 0.007 0.027
0.917 0.004 0.079
0.977 0.006 0.017
0.980 0.011 0.010
0.813 0.017 0.170
0.941 0.028 0.031
0.980 0.008 0.012
0.969 0.006 0.025
0.889 0.106 0.005
0.976 0.006 0.018
0.992 0.004 0.004
0.794 0.014 0.192
0.987 0.008 0.005
0.918 0.009 0.073
0.988 0.004 0.008
0.992 0.003 0.004
0.969 0.005 0.026
0.963 0.017 0.020
0.961 0.007 0.031
0.982 0.004 0.014
0.951 0.004 0.045
0.987 0.006 0.008
0.989 0.004 0.006
0.988 0.002 0.010
0.806 0.186 0.008
0.994 0.003 0.003
0.761 0.003 0.236
0.914 0.010 0.076
0.988 0.008 0.004
0.991 0.005 0.003
0.985 0.008 0.007
0.767 0.011 0.222
0.996 0.001 0.003
0.979 0.011 0.010
0.959 0.005 0.036
0.986 0.006 0.008
0.971 0.012 0.017
0.936 0.051 0.012
0.975 0.009 0.016
0.897 0.004 0.099
0.946 0.045 0.008
0.967 0.016 0.017
0.984 0.005 0.011
0.984 0.001 0.015
0.980 0.004 0.017
0.950 0.021 0.030
0.989 0.006 0.005
0.989 0.005 0.006
0.940 0.007 0.053
0.956 0.034 0.010
0.957 0.017 0.026
0.985 0.005 0.010
0.939 0.009 0.052
0.967 0.020 0.013
0.914 0.008 0.078
0.969 0.006 0.025
0.967 0.001 0.032
0.988 0.004 0.008
0.989 0.003 0.008
0.986 0.006 0.007
0.978 0.012 0.010
0.977 0.003 0.020
0.957 0.009 0.035
0.988 0.004 0.008
0.913 0.010 0.078
0.994 0.002 0.004
0.984 0.006 0.010
0.976 0.003 0.020
0.969 0.024 0.007
0.995 0.001 0.004
0.003 0.995 0.002
0.001 0.996 0.003
0.009 0.943 0.048
0.002 0.990 0.008
0.002 0.996 0.002
0.009 0.978 0.013
0.006 0.867 0.127
0.006 0.927 0.067
0.032 0.941 0.027
0.003 0.986 0.011
0.017 0.887 0.096
0.006 0.985 0.009
0.008 0.975 0.017
0.012 0.970 0.017
0.017 0.970 0.012
0.002 0.991 0.007
0.031 0.860 0.109
0.003 0.966 0.030
0.988 0.003 0.008
0.990 0.005 0.005
0.986 0.010 0.004
0.972 0.009 0.019
0.985 0.004 0.011
0.990 0.005 0.005
0.955 0.008 0.037
0.993 0.003 0.003
0.994 0.001 0.005
0.981 0.006 0.013
0.952 0.019 0.028
0.991 0.003 0.005
0.993 0.003 0.004
0.923 0.013 0.064
0.955 0.029 0.017
0.967 0.007 0.026
0.959 0.005 0.036
0.980 0.008 0.012
0.990 0.005 0.005
0.972 0.008 0.019
0.982 0.008 0.009
0.980 0.008 0.011
0.953 0.008 0.039
0.985 0.009 0.006
0.976 0.004 0.021
0.980 0.009 0.010
0.979 0.007 0.014
0.941 0.003 0.057
0.978 0.002 0.020
0.965 0.017 0.018
0.972 0.016 0.012
0.978 0.016 0.006
0.960 0.011 0.028
0.992 0.003 0.006
0.003 0.993 0.004
0.004 0.992 0.004
0.005 0.993 0.002
0.001 0.995 0.003
0.001 0.998 0.001
0.001 0.996 0.003
0.001 0.997 0.002
0.002 0.992 0.006
0.002 0.995 0.003
0.005 0.993 0.002
0.001 0.998 0.001
0.002 0.995 0.003
0.001 0.995 0.004
0.004 0.984 0.012
0.001 0.998 0.001
0.004 0.992 0.003
0.001 0.996 0.003
0.001 0.997 0.002
0.008 0.986 0.006
0.001 0.994 0.005
0.002 0.992 0.005
0.005 0.989 0.006
0.003 0.993 0.004
0.003 0.973 0.024
0.001 0.997 0.002
0.005 0.991 0.005
0.001 0.996 0.003
0.004 0.991 0.005
0.002 0.996 0.002
0.001 0.997 0.002
0.001 0.996 0.003
0.004 0.983 0.013
0.001 0.995 0.004
0.003 0.994 0.004
0.003 0.985 0.012
0.004 0.991 0.005
0.004 0.987 0.010
0.005 0.984 0.010
0.001 0.996 0.003
0.004 0.992 0.004
0.027 0.949 0.025
0.002 0.993 0.005
0.005 0.991 0.004
0.001 0.996 0.003
0.002 0.991 0.007
0.003 0.968 0.029
0.005 0.984 0.011
0.002 0.996 0.002
0.001 0.997 0.002
0.001 0.996 0.002
0.002 0.996 0.002
0.001 0.997 0.002
0.002 0.995 0.003
0.003 0.995 0.002
0.002 0.994 0.003
0.003 0.992 0.005
0.004 0.908 0.088
0.001 0.996 0.003
0.002 0.996 0.002
0.001 0.996 0.002
0.008 0.869 0.122
0.005 0.992 0.003
0.017 0.966 0.017
0.018 0.950 0.032
0.004 0.989 0.007
0.016 0.972 0.011
0.007 0.908 0.085
0.022 0.959 0.019
0.003 0.994 0.003
0.003 0.993 0.004
0.028 0.955 0.017
0.001 0.996 0.002
0.003 0.991 0.006
0.005 0.969 0.026
0.003 0.991 0.007
0.038 0.929 0.033
0.004 0.993 0.003
0.007 0.957 0.036
0.016 0.963 0.020
0.005 0.917 0.078
0.001 0.998 0.001
0.012 0.966 0.022
0.002 0.988 0.010
0.010 0.981 0.009
0.004 0.993 0.003
0.014 0.930 0.057
0.036 0.923 0.041
0.002 0.997 0.002
0.008 0.951 0.041
0.024 0.898 0.078
0.036 0.960 0.005
0.006 0.887 0.107
0.002 0.994 0.005
0.003 0.993 0.004
0.006 0.976 0.019
0.008 0.985 0.007
0.003 0.923 0.075
0.005 0.988 0.007
