0.004 0.988 0.007
0.007 0.974 0.019
0.009 0.989 0.002
0.007 0.987 0.006
0.003 0.946 0.052
0.016 0.961 0.024
0.004 0.984 0.012
0.007 0.990 0.003
0.003 0.993 0.004
0.009 0.976 0.015
0.012 0.981 0.007
0.005 0.985 0.009
0.004 0.971 0.025
0.006 0.981 0.013
0.013 0.972 0.015
0.002 0.995 0.003
0.013 0.959 0.027
0.003 0.990 0.007
0.002 0.993 0.004
0.009 0.983 0.009
0.031 0.963 0.006
0.010 0.979 0.011
0.003 0.991 0.006
0.019 0.969 0.012
0.003 0.991 0.007
0.001 0.997 0.002
0.004 0.991 0.005
0.004 0.932 0.064
0.007 0.980 0.013
0.047 0.943 0.010
0.002 0.995 0.003
0.007 0.979 0.014
0.038 0.954 0.008
0.008 0.978 0.014
0.006 0.969 0.025
0.012 0.977 0.010
0.001 0.995 0.003
0.005 0.986 0.008
0.004 0.992 0.004
0.002 0.996 0.002
0.020 0.959 0.020
0.007 0.904 0.088
0.037 0.928 0.035
0.072 0.917 0.011
0.003 0.994 0.004
0.002 0.985 0.013
0.011 0.983 0.006
0.090 0.904 0.006
0.005 0.983 0.012
0.003 0.994 0.002
0.003 0.976 0.021
0.004 0.990 0.006
0.011 0.982 0.007
0.007 0.980 0.012
0.003 0.993 0.004
0.003 0.983 0.014
0.005 0.988 0.007
0.002 0.994 0.004
0.004 0.993 0.003
0.029 0.911 0.061
0.099 0.891 0.010
0.003 0.993 0.004
0.046 0.936 0.018
0.008 0.988 0.004
0.003 0.991 0.005
0.026 0.902 0.072
0.002 0.989 0.009
0.005 0.990 0.005
0.005 0.983 0.012
0.006 0.990 0.005
0.004 0.982 0.013
0.005 0.986 0.009
0.007 0.985 0.008
0.013 0.939 0.048
0.005 0.991 0.004
0.004 0.935 0.062
0.007 0.988 0.005
0.008 0.977 0.015
0.027 0.938 0.035
0.008 0.951 0.040
0.002 0.994 0.004
0.002 0.950 0.048
0.015 0.979 0.006
0.010 0.948 0.043
0.004 0.991 0.005
0.014 0.975 0.011
0.003 0.993 0.005
0.021 0.965 0.014
0.002 0.989 0.009
0.004 0.991 0.006
0.005 0.900 0.095
0.004 0.991 0.005
0.006 0.987 0.007
0.004 0.990 0.006
0.013 0.982 0.005
0.003 0.990 0.007
0.002 0.004 0.993
0.002 0.005 0.993
0.016 0.006 0.978
0.006 0.005 0.989
0.002 0.004 0.994
0.004 0.002 0.994
0.003 0.004 0.993
0.005 0.003 0.992
0.003 0.001 0.996
0.005 0.003 0.992
0.012 0.004 0.984
0.008 0.002 0.990
0.011 0.002 0.988
0.003 0.003 0.994
0.003 0.003 0.994
0.029 0.001 0.970
0.003 0.007 0.990
0.003 0.005 0.993
0.013 0.003 0.984
0.002 0.002 0.996
0.005 0.010 0.985
0.005 0.004 0.991
0.026 0.008 0.966
0.006 0.003 0.991
0.004 0.004 0.992
0.003 0.002 0.996
0.004 0.002 0.995
0.001 0.003 0.996
0.002 0.007 0.991
0.006 0.003 0.992
0.002 0.001 0.997
0.003 0.009 0.988
0.006 0.007 0.987
0.007 0.006 0.986
0.006 0.012 0.982
0.012 0.015 0.973
0.003 0.001 0.995
0.033 0.006 0.962
0.029 0.008 0.963
0.003 0.019 0.978
0.002 0.003 0.995
0.006 0.002 0.991
0.005 0.002 0.993
0.013 0.003 0.984
0.004 0.007 0.988
0.001 0.005 0.994
0.005 0.005 0.991
0.002 0.002 0.996
0.011 0.003 0.986
0.002 0.001 0.997
0.016 0.001 0.983
0.004 0.001 0.995
0.006 0.026 0.967
0.005 0.006 0.989
0.001 0.002 0.997
0.006 0.006 0.988
0.005 0.064 0.932
0.004 0.011 0.986
0.003 0.004 0.994
0.005 0.003 0.992
0.017 0.013 0.970
0.009 0.023 0.968
0.003 0.005 0.992
0.016 0.008 0.976
0.005 0.006 0.989
0.004 0.007 0.989
0.015 0.012 0.973
0.002 0.017 0.980
0.016 0.009 0.975
0.009 0.053 0.938
0.004 0.004 0.992
0.007 0.002 0.991
0.002 0.003 0.995
0.003 0.008 0.990
0.002 0.007 0.991
0.006 0.008 0.986
0.005 0.012 0.982
0.005 0.001 0.994
0.011 0.004 0.985
0.007 0.004 0.989
0.014 0.008 0.978
0.003 0.004 0.993
0.003 0.007 0.990
0.005 0.003 0.992
0.004 0.001 0.995
0.010 0.012 0.977
0.004 0.011 0.985
0.006 0.005 0.989
0.006 0.002 0.992
0.002 0.004 0.994
0.018 0.002 0.980
0.002 0.003 0.995
0.004 0.003 0.993
0.002 0.006 0.992
0.007 0.008 0.985
0.003 0.004 0.992
0.004 0.008 0.988
0.004 0.022 0.974
0.001 0.001 0.998
0.011 0.004 0.985
0.007 0.005 0.988
0.004 0.006 0.991
0.004 0.005 0.991
0.009 0.196 0.795
0.004 0.082 0.914
0.002 0.004 0.994
0.006 0.010 0.984
0.004 0.044 0.952
0.003 0.066 0.932
0.002 0.133 0.865
0.005 0.066 0.929
0.007 0.032 0.961
0.008 0.069 0.923
0.003 0.006 0.991
0.002 0.031 0.966
0.006 0.135 0.858
0.005 0.013 0.981
0.007 0.057 0.935
0.006 0.014 0.980
0.006 0.006 0.988
0.005 0.021 0.974
0.003 0.016 0.981
0.017 0.021 0.962
0.003 0.007 0.990
0.006 0.005 0.989
0.006 0.005 0.989
0.003 0.069 0.928
0.001 0.007 0.991
0.005 0.004 0.992
0.002 0.225 0.773
0.002 0.001 0.997
0.003 0.050 0.947
0.002 0.219 0.779
0.005 0.130 0.865
0.004 0.012 0.984
0.010 0.016 0.974
0.005 0.008 0.987
0.003 0.055 0.942
0.017 0.007 0.976
0.002 0.004 0.994
0.003 0.133 0.864
0.004 0.011 0.985
0.003 0.042 0.956
0.002 0.013 0.984
0.014 0.004 0.982
0.005 0.019 0.976
0.006 0.006 0.988
0.006 0.084 0.910
0.031 0.017 0.952
0.005 0.008 0.987
0.004 0.056 0.940
0.003 0.050 0.946
0.004 0.010 0.987
0.004 0.038 0.958
0.004 0.006 0.990
0.003 0.004 0.993
0.004 0.022 0.973
0.002 0.003 0.995
0.004 0.149 0.847
0.019 0.009 0.972
0.008 0.021 0.972
0.013 0.008 0.978
0.004 0.005 0.990
0.015 0.010 0.975
0.025 0.039 0.936
0.007 0.040 0.954
0.006 0.047 0.947
0.002 0.017 0.981
0.004 0.013 0.982
0.056 0.011 0.933
0.004 0.007 0.988
0.002 0.067 0.930
0.002 0.002 0.996
0.004 0.008 0.988
0.002 0.130 0.867
0.002 0.011 0.987
0.004 0.008 0.988
0.004 0.005 0.991
0.015 0.034 0.951
0.046 0.007 0.947
0.007 0.109 0.884
0.002 0.004 0.994
0.004 0.040 0.956
0.004 0.013 0.983
0.007 0.003 0.989
0.007 0.990 0.003
0.002 0.996 0.002
0.006 0.975 0.019
0.008 0.976 0.017
0.005 0.991 0.004
0.009 0.985 0.006
0.012 0.973 0.015
0.002 0.995 0.003
0.005 0.986 0.009
0.008 0.989 0.003
0.005 0.988 0.006
0.003 0.966 0.031
0.002 0.992 0.006
0.003 0.995 0.002
0.009 0.988 0.003
0.002 0.996 0.003
0.008 0.989 0.003
0.002 0.989 0.009
0.009 0.980 0.012
0.003 0.992 0.006
0.024 0.970 0.005
0.002 0.994 0.004
0.025 0.968 0.008
0.002 0.981 0.017
0.006 0.982 0.012
0.005 0.987 0.008
0.008 0.968 0.024
0.007 0.984 0.010
0.017 0.976 0.008
0.008 0.985 0.008
0.002 0.994 0.004
0.003 0.917 0.080
0.017 0.980 0.003
0.008 0.988 0.005
0.027 0.942 0.030
0.007 0.985 0.008
0.006 0.983 0.011
0.006 0.947 0.047
0.018 0.975 0.007
0.003 0.993 0.004
0.002 0.995 0.003
0.003 0.986 0.011
0.017 0.004 0.980
0.354 0.012 0.634
0.008 0.003 0.989
0.015 0.980 0.005
0.004 0.993 0.003
0.002 0.992 0.005
0.004 0.994 0.002
0.004 0.986 0.010
0.001 0.995 0.004
0.004 0.994 0.002
0.013 0.969 0.018
0.002 0.993 0.004
0.002 0.995 0.004
0.001 0.987 0.012
0.009 0.982 0.009
0.003 0.986 0.011
0.004 0.984 0.012
0.001 0.997 0.002
0.002 0.996 0.003
0.003 0.994 0.003
0.005 0.984 0.011
0.004 0.994 0.002
0.003 0.990 0.007
0.018 0.975 0.007
0.006 0.986 0.008
0.006 0.990 0.003
0.012 0.985 0.003
0.005 0.992 0.004
0.005 0.986 0.009
0.006 0.969 0.025
0.003 0.994 0.003
0.021 0.966 0.013
0.004 0.984 0.012
0.010 0.986 0.004
0.005 0.980 0.015
0.009 0.981 0.010
0.003 0.994 0.003
0.013 0.979 0.009
0.171 0.018 0.811
0.024 0.237 0.740
0.016 0.050 0.934
0.014 0.116 0.870
0.004 0.986 0.011
0.007 0.978 0.015
0.004 0.988 0.008
0.006 0.974 0.019
0.003 0.994 0.003
0.016 0.960 0.024
0.003 0.994 0.003
0.004 0.983 0.013
0.001 0.996 0.003
0.007 0.981 0.012
0.004 0.983 0.013
0.006 0.990 0.004
0.002 0.991 0.006
0.007 0.987 0.006
0.003 0.995 0.003
0.028 0.963 0.009
0.003 0.993 0.004
0.001 0.997 0.002
0.012 0.979 0.009
0.046 0.939 0.014
0.003 0.982 0.014
0.003 0.988 0.009
0.008 0.984 0.008
0.009 0.988 0.003
0.018 0.974 0.008
0.004 0.992 0.004
0.003 0.993 0.004
0.002 0.996 0.002
0.040 0.033 0.927
0.006 0.069 0.924
0.139 0.007 0.854
0.003 0.017 0.980
0.047 0.002 0.951
0.007 0.004 0.989
0.038 0.056 0.906
0.049 0.039 0.912
0.008 0.045 0.947
0.003 0.987 0.010
0.017 0.941 0.042
0.003 0.991 0.005
0.004 0.987 0.009
0.005 0.992 0.002
0.089 0.899 0.011
0.005 0.993 0.002
0.004 0.994 0.002
0.012 0.980 0.008
0.018 0.973 0.009
0.003 0.990 0.007
0.001 0.996 0.003
0.006 0.990 0.004
0.002 0.994 0.004
0.006 0.972 0.022
0.010 0.004 0.986
0.003 0.237 0.759
0.431 0.003 0.566
0.065 0.006 0.929
0.157 0.008 0.835
0.013 0.082 0.905
0.204 0.013 0.783
0.010 0.143 0.847
0.019 0.020 0.961
0.009 0.008 0.982
0.230 0.006 0.764
0.008 0.133 0.859
0.020 0.155 0.825
0.009 0.002 0.989
0.075 0.006 0.919
0.012 0.179 0.809
0.012 0.050 0.938
0.022 0.272 0.706
0.010 0.029 0.961
0.010 0.010 0.980
0.002 0.003 0.994
0.013 0.169 0.818
0.011 0.398 0.591
0.205 0.003 0.792
0.013 0.029 0.958
0.004 0.125 0.871
0.085 0.009 0.906
0.015 0.004 0.981
0.091 0.002 0.907
0.022 0.055 0.923
0.124 0.004 0.873
0.010 0.096 0.893
0.064 0.019 0.917
0.272 0.005 0.723
0.639 0.003 0.358
0.008 0.006 0.986
0.023 0.008 0.969
0.031 0.005 0.964
0.724 0.026 0.249
0.009 0.257 0.734
0.005 0.160 0.835
0.003 0.003 0.994
0.091 0.166 0.743
0.009 0.224 0.766
0.013 0.274 0.713
0.124 0.149 0.726
0.011 0.020 0.968
0.007 0.040 0.953
0.005 0.056 0.940
0.221 0.010 0.769
0.004 0.345 0.651
0.003 0.011 0.986
0.383 0.204 0.413
0.029 0.222 0.749
0.033 0.048 0.919
0.007 0.215 0.778
0.159 0.056 0.786
0.003 0.003 0.994
0.138 0.171 0.691
0.009 0.105 0.886
0.017 0.041 0.942
0.006 0.072 0.922
0.191 0.005 0.804
0.034 0.021 0.945
0.145 0.103 0.752
0.023 0.214 0.762
0.030 0.003 0.967
0.035 0.007 0.959
0.037 0.062 0.901
0.021 0.005 0.975
0.076 0.008 0.916
0.038 0.003 0.959
0.010 0.313 0.677
0.253 0.003 0.744
0.095 0.002 0.903
0.041 0.511 0.449
0.026 0.161 0.813
0.212 0.016 0.772
0.011 0.033 0.955
0.007 0.051 0.942
0.004 0.006 0.989
0.460 0.009 0.531
0.854 0.003 0.143
0.335 0.006 0.659
0.013 0.006 0.981
0.003 0.119 0.878
0.005 0.151 0.844
0.009 0.007 0.984
0.019 0.136 0.845
0.034 0.104 0.862
0.093 0.030 0.877
0.007 0.003 0.990
0.078 0.423 0.499
0.006 0.041 0.953
0.002 0.056 0.941
0.340 0.234 0.427
0.006 0.008 0.986
0.131 0.075 0.794
0.045 0.015 0.940
0.015 0.009 0.976
0.004 0.016 0.981
0.369 0.006 0.625
0.039 0.006 0.954
0.084 0.002 0.914
0.313 0.028 0.659
0.260 0.004 0.736
0.016 0.012 0.972
0.007 0.041 0.952
0.017 0.086 0.896
0.210 0.002 0.788
0.063 0.004 0.933
0.003 0.004 0.993
0.014 0.598 0.389
0.306 0.222 0.471
0.006 0.078 0.916
0.005 0.235 0.760
0.006 0.438 0.556
0.017 0.140 0.843
0.005 0.098 0.897
0.003 0.237 0.760
0.019 0.198 0.783
0.082 0.234 0.684
0.011 0.160 0.829
0.030 0.002 0.967
0.008 0.237 0.755
0.004 0.195 0.802
0.257 0.286 0.456
0.016 0.354 0.630
0.074 0.070 0.856
0.018 0.549 0.434
0.077 0.208 0.716
0.003 0.281 0.716
0.127 0.280 0.593
0.003 0.295 0.702
0.003 0.015 0.981
0.011 0.138 0.851
0.055 0.065 0.880
0.003 0.008 0.989
0.453 0.054 0.493
0.379 0.003 0.618
0.056 0.012 0.932
0.001 0.135 0.863
0.220 0.021 0.759
0.007 0.049 0.945
0.267 0.109 0.624
0.209 0.203 0.588
0.043 0.046 0.911
0.079 0.007 0.915
0.051 0.269 0.680
0.189 0.251 0.560
0.167 0.010 0.822
0.004 0.082 0.914
0.041 0.270 0.689
0.009 0.004 0.986
0.011 0.002 0.987
0.119 0.013 0.868
0.008 0.349 0.643
0.008 0.427 0.565
0.300 0.095 0.604
0.076 0.005 0.919
0.011 0.101 0.887
0.003 0.277 0.720
0.027 0.194 0.780
0.050 0.439 0.511
0.124 0.337 0.540
0.314 0.096 0.590
0.007 0.074 0.920
0.004 0.014 0.983
0.006 0.005 0.989
0.139 0.022 0.839
0.441 0.090 0.469
0.008 0.005 0.987
0.079 0.103 0.818
0.005 0.001 0.994
0.021 0.132 0.847
0.005 0.009 0.986
0.494 0.139 0.367
0.192 0.064 0.744
0.011 0.028 0.960
0.017 0.018 0.965
0.014 0.038 0.948
0.002 0.005 0.993
0.011 0.006 0.983
0.002 0.001 0.997
0.002 0.003 0.995
0.004 0.003 0.993
0.005 0.004 0.991
0.004 0.003 0.993
0.007 0.002 0.991
0.003 0.005 0.992
0.003 0.003 0.993
0.002 0.002 0.996
0.004 0.003 0.993
0.002 0.003 0.995
0.011 0.016 0.973
0.016 0.004 0.980
0.005 0.005 0.990
0.003 0.002 0.995
0.005 0.003 0.993
0.002 0.003 0.995
0.010 0.002 0.989
0.003 0.003 0.994
0.032 0.016 0.952
0.004 0.002 0.994
0.006 0.161 0.833
0.411 0.034 0.555
0.351 0.003 0.646
0.025 0.494 0.481
0.007 0.066 0.928
0.006 0.277 0.717
0.003 0.432 0.564
0.007 0.277 0.716
0.005 0.440 0.555
0.022 0.178 0.800
0.020 0.120 0.860
0.010 0.323 0.666
0.005 0.039 0.957
0.027 0.940 0.034
0.002 0.994 0.004
0.008 0.986 0.006
0.012 0.984 0.005
0.022 0.966 0.012
0.003 0.995 0.003
0.010 0.002 0.988
0.018 0.002 0.980
0.044 0.003 0.953
0.004 0.001 0.994
0.013 0.003 0.983
0.005 0.003 0.991
0.006 0.005 0.989
0.007 0.002 0.991
0.006 0.001 0.992
0.054 0.004 0.942
0.002 0.004 0.994
0.005 0.003 0.993
0.002 0.002 0.996
0.004 0.004 0.992
0.009 0.007 0.983
0.008 0.004 0.988
0.005 0.002 0.993
0.009 0.026 0.965
0.186 0.007 0.807
0.021 0.002 0.977
0.006 0.002 0.992
0.006 0.004 0.991
0.009 0.002 0.989
0.010 0.020 0.970
0.023 0.006 0.972
0.012 0.004 0.984
0.005 0.023 0.972
0.002 0.001 0.997
0.002 0.001 0.997
0.002 0.008 0.991
0.001 0.001 0.998
0.011 0.003 0.986
0.034 0.008 0.958
0.004 0.005 0.992
0.006 0.001 0.992
0.016 0.007 0.977
0.006 0.003 0.991
0.063 0.005 0.932
0.005 0.002 0.993
0.017 0.002 0.981
0.002 0.005 0.992
0.006 0.002 0.991
0.013 0.003 0.983
0.002 0.006 0.991
0.007 0.007 0.986
0.013 0.003 0.984
0.027 0.007 0.966
0.027 0.039 0.934
0.013 0.006 0.981
0.017 0.008 0.975
0.002 0.013 0.985
0.002 0.011 0.986
0.004 0.004 0.993
0.002 0.007 0.992
0.005 0.007 0.989
0.025 0.004 0.971
0.005 0.010 0.985
0.005 0.004 0.991
0.015 0.008 0.977
0.003 0.005 0.993
0.004 0.002 0.994
0.007 0.003 0.990
0.005 0.005 0.990
0.003 0.005 0.992
0.005 0.002 0.993
0.007 0.005 0.988
0.015 0.007 0.978
0.014 0.001 0.985
0.001 0.007 0.992
0.077 0.004 0.919
0.001 0.004 0.995
0.008 0.002 0.991
0.010 0.002 0.988
0.002 0.992 0.006
0.004 0.986 0.010
0.011 0.982 0.007
0.034 0.962 0.005
0.009 0.949 0.042
0.005 0.991 0.004
0.006 0.991 0.003
0.006 0.986 0.008
0.022 0.965 0.013
0.002 0.995 0.003
0.004 0.992 0.004
0.010 0.975 0.015
0.003 0.994 0.003
0.019 0.960 0.021
0.007 0.988 0.005
0.106 0.887 0.008
0.009 0.987 0.004
0.002 0.971 0.027
0.004 0.994 0.002
0.004 0.986 0.009
0.003 0.995 0.002
0.008 0.968 0.024
0.006 0.988 0.006
0.008 0.989 0.004
0.003 0.983 0.014
0.009 0.978 0.014
0.016 0.971 0.013
0.003 0.993 0.004
0.037 0.951 0.012
0.008 0.988 0.004
0.011 0.980 0.009
0.004 0.972 0.024
0.003 0.963 0.033
0.009 0.984 0.007
0.001 0.925 0.073
0.003 0.989 0.008
0.015 0.964 0.021
0.019 0.969 0.012
0.010 0.982 0.008
0.003 0.986 0.011
0.007 0.980 0.013
0.002 0.995 0.004
0.004 0.985 0.011
0.010 0.983 0.007
0.006 0.979 0.015
0.008 0.982 0.010
0.006 0.991 0.003
0.029 0.955 0.016
0.008 0.977 0.015
0.007 0.986 0.007
0.021 0.975 0.004
0.005 0.991 0.004
0.034 0.948 0.018
0.004 0.993 0.003
0.004 0.986 0.009
0.009 0.951 0.040
0.801 0.007 0.193
0.547 0.099 0.355
0.903 0.037 0.060
0.484 0.007 0.509
0.851 0.001 0.148
0.550 0.007 0.444
0.988 0.005 0.007
0.992 0.003 0.005
0.006 0.500 0.493
0.008 0.662 0.330
0.796 0.016 0.188
0.992 0.002 0.006
0.854 0.021 0.125
0.684 0.021 0.295
0.988 0.005 0.008
0.004 0.533 0.463
0.002 0.338 0.660
0.004 0.730 0.267
0.019 0.592 0.389
0.008 0.671 0.321
0.231 0.376 0.394
0.056 0.717 0.228
0.003 0.550 0.447
0.008 0.506 0.486
0.170 0.374 0.456
0.006 0.469 0.525
0.004 0.650 0.346
0.001 0.631 0.368
0.022 0.293 0.685
0.007 0.601 0.392
0.126 0.442 0.432
0.024 0.899 0.077
0.008 0.584 0.407
0.175 0.388 0.437
0.005 0.677 0.318
0.009 0.729 0.262
0.003 0.661 0.336
0.007 0.573 0.420
0.004 0.648 0.348
0.997 0.001 0.002
0.998 0.001 0.001
0.006 0.663 0.331
0.470 0.259 0.271
0.045 0.282 0.673
0.008 0.722 0.270
0.009 0.503 0.488
0.236 0.228 0.537
0.006 0.565 0.430
0.002 0.634 0.364
0.005 0.506 0.490
0.008 0.469 0.523
0.004 0.409 0.587
0.006 0.337 0.656
0.005 0.682 0.313
0.859 0.011 0.130
0.858 0.006 0.136
0.325 0.004 0.672
0.541 0.131 0.329
0.844 0.125 0.030
0.005 0.528 0.467
0.007 0.705 0.288
0.002 0.612 0.386
0.002 0.579 0.420
0.037 0.748 0.216
0.314 0.306 0.380
0.010 0.684 0.307
0.969 0.012 0.019
0.639 0.008 0.353
0.990 0.003 0.007
0.994 0.002 0.004
0.993 0.003 0.004
0.024 0.973 0.003
0.002 0.991 0.007
0.005 0.987 0.007
0.022 0.962 0.016
0.008 0.973 0.019
0.005 0.993 0.002
0.005 0.914 0.081
0.019 0.964 0.017
0.008 0.973 0.019
0.007 0.981 0.012
0.004 0.987 0.009
0.005 0.990 0.005
0.002 0.993 0.005
0.006 0.967 0.027
0.012 0.962 0.025
0.003 0.991 0.006
0.033 0.963 0.004
0.640 0.007 0.353
0.910 0.004 0.087
0.994 0.001 0.004
0.941 0.004 0.054
0.033 0.941 0.026
0.020 0.936 0.044
0.014 0.916 0.070
0.008 0.925 0.068
0.012 0.966 0.022
0.012 0.976 0.012
0.079 0.907 0.014
0.017 0.975 0.007
0.009 0.779 0.212
0.006 0.983 0.011
0.004 0.986 0.010
0.005 0.986 0.009
0.013 0.980 0.006
0.006 0.990 0.004
0.010 0.975 0.015
0.009 0.980 0.011
0.011 0.980 0.009
0.008 0.987 0.005
0.006 0.953 0.040
0.005 0.986 0.009
0.020 0.970 0.010
0.023 0.534 0.443
0.003 0.499 0.498
0.997 0.001 0.001
0.027 0.710 0.263
0.001 0.602 0.397
0.006 0.724 0.270
0.924 0.036 0.040
0.992 0.002 0.006
0.990 0.003 0.007
0.012 0.971 0.018
0.002 0.995 0.003
0.003 0.993 0.004
0.012 0.968 0.019
0.002 0.989 0.009
0.006 0.990 0.004
0.006 0.989 0.005
0.083 0.896 0.021
0.037 0.947 0.017
0.016 0.919 0.065
0.014 0.978 0.008
0.007 0.981 0.012
0.010 0.932 0.058
0.003 0.995 0.002
0.006 0.981 0.013
0.013 0.970 0.017
0.003 0.991 0.006
0.847 0.140 0.013
0.849 0.021 0.131
0.021 0.432 0.547
0.004 0.619 0.377
0.005 0.711 0.285
0.006 0.971 0.023
0.009 0.986 0.005
0.006 0.990 0.004
0.002 0.996 0.002
0.003 0.990 0.008
0.004 0.989 0.007
0.003 0.988 0.009
0.004 0.982 0.014
0.005 0.982 0.012
0.005 0.991 0.004
0.008 0.955 0.037
0.002 0.992 0.005
0.005 0.981 0.014
0.002 0.996 0.002
0.002 0.997 0.002
0.003 0.994 0.003
0.005 0.952 0.043
0.003 0.994 0.003
0.018 0.964 0.018
0.003 0.995 0.002
0.003 0.002 0.995
0.009 0.001 0.990
0.008 0.003 0.989
0.014 0.005 0.981
0.003 0.004 0.993
0.003 0.003 0.994
0.015 0.004 0.981
0.006 0.014 0.980
0.005 0.002 0.993
0.006 0.002 0.992
0.003 0.003 0.994
0.025 0.006 0.969
0.003 0.003 0.994
0.019 0.002 0.979
0.057 0.920 0.023
0.003 0.231 0.766
0.003 0.250 0.747
0.994 0.002 0.003
0.573 0.006 0.420
0.007 0.797 0.196
0.003 0.400 0.597
0.014 0.614 0.373
0.007 0.474 0.520
0.005 0.545 0.450
0.002 0.579 0.418
0.004 0.750 0.247
0.231 0.531 0.238
0.002 0.758 0.239
0.007 0.589 0.404
0.003 0.709 0.288
0.746 0.004 0.250
0.920 0.003 0.077
0.831 0.007 0.162
0.838 0.003 0.159
0.015 0.647 0.338
0.022 0.521 0.456
0.014 0.692 0.294
0.006 0.551 0.443
0.008 0.360 0.631
0.008 0.510 0.482
0.006 0.648 0.346
0.007 0.398 0.595
0.833 0.150 0.017
0.990 0.003 0.008
0.990 0.003 0.006
0.005 0.445 0.550
0.890 0.002 0.108
0.997 0.002 0.002
0.996 0.002 0.002
0.981 0.006 0.013
0.813 0.183 0.004
0.994 0.003 0.003
0.996 0.001 0.002
0.848 0.004 0.148
0.994 0.003 0.002
0.596 0.011 0.394
0.994 0.003 0.002
0.970 0.013 0.016
0.743 0.013 0.244
0.004 0.468 0.528
0.007 0.534 0.459
0.003 0.992 0.005
0.013 0.981 0.006
0.002 0.992 0.006
0.005 0.991 0.004
0.003 0.995 0.002
0.005 0.992 0.003
0.004 0.991 0.005
0.004 0.987 0.010
0.003 0.990 0.007
0.014 0.976 0.010
0.004 0.991 0.005
0.011 0.985 0.004
0.004 0.986 0.010
0.003 0.992 0.005
0.002 0.995 0.003
0.007 0.985 0.008
0.045 0.951 0.004
0.043 0.914 0.043
0.004 0.988 0.008
0.029 0.905 0.067
0.010 0.961 0.029
0.010 0.984 0.006
0.056 0.934 0.010
0.005 0.973 0.022
0.013 0.980 0.007
0.004 0.990 0.006
0.021 0.952 0.027
0.003 0.959 0.038
0.012 0.977 0.011
0.005 0.988 0.008
0.005 0.985 0.010
0.004 0.993 0.003
0.012 0.975 0.013
0.013 0.968 0.019
0.005 0.991 0.003
0.996 0.001 0.003
0.649 0.005 0.346
0.227 0.050 0.723
0.672 0.005 0.324
0.997 0.002 0.001
0.662 0.007 0.330
0.843 0.082 0.075
0.984 0.006 0.010
0.922 0.072 0.006
0.649 0.008 0.343
0.996 0.001 0.002
0.749 0.007 0.245
0.975 0.005 0.020
0.970 0.007 0.024
0.995 0.001 0.004
0.980 0.007 0.012
0.994 0.004 0.003
0.995 0.001 0.004
0.992 0.001 0.007
0.607 0.005 0.388
0.997 0.001 0.002
0.917 0.061 0.022
0.995 0.001 0.003
0.421 0.013 0.565
0.994 0.002 0.004
0.009 0.269 0.722
0.011 0.226 0.764
0.005 0.007 0.988
0.004 0.036 0.960
0.994 0.003 0.002
0.950 0.046 0.003
0.968 0.026 0.007
0.484 0.019 0.498
0.658 0.004 0.338
0.510 0.009 0.481
0.994 0.003 0.003
0.005 0.985 0.010
0.002 0.995 0.003
0.024 0.973 0.003
0.004 0.978 0.018
0.997 0.001 0.002
0.992 0.002 0.006
0.975 0.004 0.021
0.710 0.005 0.285
0.990 0.005 0.005
0.996 0.001 0.003
0.873 0.121 0.006
0.989 0.005 0.006
0.839 0.002 0.160
0.958 0.011 0.031
0.967 0.010 0.023
0.997 0.001 0.001
0.987 0.005 0.008
0.989 0.002 0.008
0.980 0.007 0.013
0.989 0.003 0.009
0.994 0.002 0.004
0.998 0.001 0.001
0.996 0.002 0.002
0.992 0.002 0.006
0.978 0.017 0.005
0.995 0.002 0.003
0.915 0.037 0.049
0.995 0.001 0.003
0.975 0.007 0.018
0.996 0.001 0.003
0.994 0.002 0.004
0.005 0.116 0.880
0.055 0.131 0.814
0.027 0.344 0.629
0.025 0.179 0.796
0.007 0.197 0.796
0.979 0.003 0.017
0.990 0.004 0.007
0.939 0.013 0.048
0.978 0.011 0.011
0.932 0.003 0.065
0.997 0.001 0.002
0.989 0.007 0.004
0.994 0.001 0.005
0.973 0.008 0.019
0.987 0.005 0.008
0.977 0.008 0.015
0.955 0.018 0.028
0.992 0.003 0.005
0.994 0.002 0.004
0.995 0.002 0.003
0.988 0.003 0.010
0.009 0.066 0.925
0.004 0.160 0.836
0.033 0.199 0.768
0.004 0.225 0.772
0.016 0.151 0.833
0.001 0.245 0.753
0.002 0.158 0.840
0.009 0.144 0.847
0.009 0.099 0.892
0.021 0.185 0.795
0.983 0.003 0.015
0.983 0.006 0.011
0.965 0.029 0.006
0.986 0.008 0.005
0.995 0.002 0.003
0.997 0.001 0.003
0.009 0.035 0.956
0.022 0.051 0.926
0.085 0.184 0.732
0.010 0.288 0.702
0.023 0.229 0.748
0.017 0.358 0.625
0.005 0.086 0.909
0.012 0.108 0.880
0.029 0.213 0.757
0.029 0.206 0.766
0.033 0.119 0.848
0.003 0.176 0.821
0.028 0.222 0.750
0.969 0.015 0.016
0.994 0.002 0.004
0.990 0.003 0.008
0.982 0.003 0.015
0.993 0.003 0.005
0.973 0.011 0.016
0.008 0.306 0.685
0.003 0.353 0.644
0.003 0.315 0.682
0.007 0.069 0.924
0.085 0.232 0.683
0.019 0.209 0.773
0.054 0.234 0.712
0.008 0.061 0.932
0.008 0.215 0.777
0.989 0.002 0.009
0.969 0.024 0.007
0.994 0.001 0.005
0.997 0.001 0.002
0.971 0.011 0.018
0.988 0.008 0.004
0.991 0.004 0.006
0.992 0.003 0.006
0.996 0.001 0.002
0.002 0.228 0.769
0.008 0.289 0.703
0.018 0.296 0.686
0.005 0.122 0.873
0.007 0.166 0.827
0.010 0.239 0.751
0.005 0.338 0.657
0.003 0.236 0.761
0.041 0.217 0.742
0.011 0.239 0.750
0.018 0.350 0.632
0.021 0.325 0.654
0.983 0.006 0.011
0.958 0.017 0.026
0.981 0.005 0.014
0.996 0.002 0.002
0.990 0.004 0.005
0.996 0.002 0.002
0.883 0.051 0.066
0.824 0.037 0.139
0.992 0.004 0.004
0.930 0.015 0.055
0.984 0.005 0.010
0.973 0.008 0.019
0.981 0.013 0.006
0.989 0.002 0.009
0.974 0.012 0.014
0.996 0.002 0.003
0.998 0.001 0.001
0.950 0.014 0.036
0.991 0.003 0.006
0.992 0.002 0.005
0.996 0.002 0.002
0.990 0.003 0.007
0.964 0.014 0.022
0.997 0.001 0.003
0.989 0.002 0.009
0.958 0.034 0.008
0.993 0.002 0.006
0.992 0.003 0.005
0.987 0.003 0.010
0.895 0.003 0.102
0.893 0.031 0.075
0.989 0.003 0.008
0.991 0.001 0.008
0.997 0.001 0.001
0.962 0.007 0.031
0.997 0.001 0.002
0.992 0.004 0.004
0.992 0.004 0.004
0.992 0.003 0.005
0.994 0.002 0.003
0.995 0.002 0.004
0.988 0.006 0.006
0.997 0.002 0.002
0.995 0.003 0.003
0.993 0.003 0.004
0.991 0.004 0.006
0.996 0.002 0.003
0.993 0.003 0.003
0.985 0.009 0.006
0.991 0.003 0.006
0.995 0.003 0.002
0.996 0.001 0.003
0.995 0.003 0.003
0.997 0.002 0.001
0.997 0.001 0.002
0.997 0.001 0.002
0.988 0.005 0.007
0.963 0.015 0.023
0.007 0.485 0.508
0.011 0.304 0.684
0.026 0.397 0.578
0.002 0.421 0.577
0.008 0.179 0.812
0.051 0.040 0.909
0.003 0.168 0.829
0.008 0.166 0.825
0.005 0.181 0.815
0.015 0.210 0.774
0.981 0.005 0.014
0.988 0.002 0.009
0.958 0.003 0.039
0.980 0.006 0.014
0.996 0.001 0.003
0.993 0.002 0.005
0.988 0.007 0.005
0.997 0.002 0.001
0.996 0.001 0.003
0.969 0.009 0.023
0.986 0.009 0.006
0.996 0.002 0.001
0.990 0.005 0.006
0.993 0.002 0.005
0.991 0.003 0.005
0.997 0.002 0.001
0.992 0.006 0.002
0.996 0.001 0.003
0.979 0.005 0.016
0.977 0.004 0.019
0.995 0.002 0.003
0.993 0.003 0.004
0.993 0.004 0.003
0.998 0.001 0.001
0.994 0.002 0.004
0.994 0.003 0.002
0.975 0.002 0.023
0.996 0.001 0.002
0.994 0.001 0.005
0.995 0.001 0.003
0.969 0.018 0.013
0.991 0.003 0.006
0.921 0.012 0.067
0.991 0.006 0.003
0.994 0.002 0.004
0.997 0.001 0.001
0.996 0.001 0.003
0.998 0.001 0.001
0.993 0.003 0.004
0.996 0.002 0.002
0.990 0.005 0.005
0.993 0.002 0.005
0.995 0.001 0.004
0.985 0.012 0.003
0.998 0.001 0.001
0.994 0.003 0.003
0.995 0.001 0.004
0.986 0.006 0.008
0.996 0.002 0.002
0.996 0.002 0.002
0.993 0.003 0.004
0.996 0.001 0.002
0.992 0.004 0.004
0.994 0.002 0.004
0.993 0.004 0.003
0.996 0.001 0.002
0.985 0.006 0.010
0.980 0.004 0.016
0.996 0.002 0.001
0.997 0.002 0.002
0.993 0.003 0.004
0.997 0.002 0.002
0.997 0.001 0.002
0.996 0.002 0.002
0.991 0.003 0.007
0.985 0.003 0.012
0.995 0.002 0.002
0.994 0.002 0.004
0.996 0.002 0.002
0.971 0.023 0.006
0.994 0.003 0.003
0.993 0.003 0.004
0.997 0.002 0.001
0.993 0.004 0.003
0.969 0.003 0.028
0.989 0.002 0.009
0.997 0.001 0.002
0.995 0.002 0.003
0.994 0.002 0.005
0.997 0.001 0.002
0.993 0.002 0.004
0.996 0.001 0.003
0.973 0.005 0.023
0.997 0.001 0.002
0.012 0.217 0.772
0.006 0.377 0.617
0.004 0.207 0.789
0.007 0.273 0.719
0.003 0.186 0.811
0.103 0.031 0.866
0.993 0.002 0.005
0.994 0.003 0.003
0.994 0.001 0.004
0.987 0.007 0.006
0.997 0.001 0.002
0.989 0.005 0.005
0.993 0.005 0.002
0.992 0.004 0.005
0.994 0.002 0.004
0.994 0.003 0.003
0.988 0.003 0.009
0.988 0.002 0.010
0.986 0.003 0.012
0.994 0.003 0.004
0.995 0.002 0.003
0.995 0.002 0.003
0.994 0.003 0.003
0.981 0.006 0.013
0.996 0.002 0.002
0.996 0.001 0.002
0.996 0.001 0.003
0.997 0.001 0.002
0.998 0.001 0.001
0.990 0.004 0.005
0.994 0.003 0.004
0.995 0.002 0.004
0.997 0.001 0.002
0.993 0.004 0.003
0.992 0.002 0.006
0.995 0.001 0.004
0.996 0.002 0.002
0.995 0.002 0.003
0.995 0.001 0.005
0.994 0.002 0.004
0.997 0.001 0.002
0.998 0.001 0.001
0.996 0.002 0.002
0.985 0.006 0.008
0.995 0.003 0.002
0.992 0.002 0.006
0.992 0.005 0.003
0.995 0.002 0.003
0.995 0.002 0.004
0.976 0.005 0.019
0.972 0.010 0.018
0.992 0.002 0.006
0.974 0.013 0.013
0.995 0.002 0.003
0.983 0.007 0.010
0.993 0.004 0.003
0.995 0.002 0.002
0.993 0.003 0.004
0.997 0.001 0.002
0.997 0.001 0.002
0.992 0.003 0.005
0.992 0.002 0.006
0.994 0.002 0.004
0.994 0.002 0.004
0.997 0.002 0.002
0.994 0.002 0.004
0.994 0.003 0.003
0.987 0.003 0.010
0.993 0.002 0.005
0.965 0.019 0.016
0.994 0.002 0.004
0.992 0.004 0.004
0.997 0.001 0.002
0.993 0.003 0.004
0.996 0.002 0.002
0.997 0.001 0.002
0.997 0.001 0.002
0.991 0.007 0.002
0.994 0.004 0.001
0.997 0.002 0.001
0.004 0.227 0.769
0.003 0.166 0.831
0.084 0.307 0.609
0.976 0.006 0.018
0.993 0.003 0.004
0.981 0.003 0.016
0.991 0.003 0.006
0.996 0.002 0.002
0.986 0.006 0.009
0.995 0.003 0.003
0.997 0.001 0.001
0.988 0.007 0.004
0.992 0.004 0.003
0.974 0.010 0.016
0.998 0.001 0.001
0.983 0.008 0.009
0.992 0.003 0.005
0.969 0.012 0.019
0.989 0.006 0.005
0.998 0.001 0.002
0.951 0.005 0.044
0.986 0.008 0.005
0.991 0.004 0.005
0.998 0.001 0.001
0.997 0.001 0.002
0.995 0.002 0.003
0.995 0.002 0.003
0.995 0.002 0.003
0.004 0.226 0.770
0.063 0.384 0.553
0.010 0.305 0.685
0.006 0.158 0.837
0.140 0.545 0.315
0.035 0.333 0.632
0.036 0.272 0.692
0.016 0.486 0.499
0.004 0.406 0.590
0.012 0.323 0.664
0.005 0.393 0.603
0.013 0.294 0.693
0.011 0.444 0.545
0.080 0.095 0.825
0.003 0.162 0.835
0.003 0.191 0.806
0.018 0.175 0.807
0.006 0.004 0.990
0.005 0.266 0.729
0.012 0.289 0.698
0.017 0.258 0.725
0.140 0.357 0.503
0.011 0.310 0.679
0.011 0.403 0.586
0.048 0.366 0.586
0.039 0.336 0.625
0.012 0.267 0.721
0.003 0.291 0.706
0.086 0.161 0.753
0.025 0.271 0.704
0.005 0.362 0.634
0.013 0.334 0.653
0.023 0.350 0.627
0.009 0.294 0.697
0.011 0.247 0.742
0.006 0.347 0.647
0.004 0.363 0.634
0.080 0.225 0.696
0.097 0.228 0.676
0.013 0.296 0.691
0.172 0.202 0.626
0.016 0.373 0.611
0.018 0.310 0.673
0.009 0.248 0.743
0.018 0.291 0.691
0.016 0.338 0.646
0.006 0.440 0.555
0.033 0.224 0.743
0.012 0.367 0.621
0.046 0.410 0.544
0.031 0.333 0.636
0.013 0.392 0.596
0.104 0.257 0.640
0.023 0.304 0.672
0.006 0.253 0.741
0.161 0.124 0.716
0.063 0.357 0.580
0.011 0.414 0.575
0.067 0.173 0.760
0.020 0.320 0.660
0.005 0.300 0.695
0.005 0.252 0.743
0.036 0.366 0.598
0.014 0.310 0.677
0.029 0.368 0.603
0.046 0.288 0.666
0.003 0.035 0.962
0.008 0.358 0.634
0.027 0.226 0.747
0.094 0.284 0.622
0.008 0.320 0.672
0.013 0.210 0.778
0.007 0.225 0.768
0.012 0.150 0.838
0.006 0.354 0.640
0.106 0.431 0.463
0.008 0.271 0.720
0.028 0.331 0.642
0.025 0.313 0.662
0.005 0.220 0.775
0.005 0.339 0.656
0.006 0.238 0.756
0.010 0.365 0.625
0.010 0.325 0.666
0.091 0.291 0.618
0.019 0.224 0.757
0.019 0.399 0.582
0.002 0.165 0.833
0.026 0.560 0.415
0.023 0.240 0.737
0.010 0.086 0.904
0.084 0.199 0.718
0.017 0.255 0.729
0.024 0.258 0.718
0.028 0.201 0.771
0.005 0.250 0.745
0.110 0.213 0.677
0.015 0.342 0.642
0.008 0.272 0.720
0.004 0.327 0.669
0.004 0.253 0.743
0.006 0.280 0.714
0.018 0.257 0.725
0.063 0.349 0.588
0.015 0.224 0.761
0.004 0.287 0.709
0.034 0.237 0.729
0.003 0.228 0.769
0.006 0.311 0.683
0.005 0.128 0.867
0.051 0.335 0.614
0.015 0.423 0.562
0.132 0.403 0.465
0.048 0.470 0.481
0.009 0.381 0.609
0.095 0.205 0.700
0.113 0.377 0.510
0.037 0.372 0.592
0.003 0.483 0.514
0.007 0.343 0.651
0.014 0.427 0.559
0.008 0.469 0.523
0.011 0.311 0.678
0.049 0.430 0.521
0.008 0.411 0.581
0.080 0.397 0.523
0.012 0.288 0.701
0.012 0.417 0.571
0.014 0.502 0.484
0.008 0.445 0.547
0.023 0.295 0.681
0.003 0.288 0.709
0.020 0.369 0.611
0.019 0.228 0.753
0.009 0.352 0.639
0.003 0.288 0.709
0.022 0.354 0.625
0.048 0.245 0.707
0.002 0.224 0.774
0.013 0.316 0.671
0.003 0.394 0.603
0.064 0.365 0.571
0.007 0.449 0.544
0.024 0.469 0.507
0.036 0.226 0.738
0.097 0.299 0.603
0.008 0.366 0.626
0.006 0.275 0.719
0.079 0.089 0.832
0.087 0.391 0.522
0.053 0.224 0.723
0.016 0.375 0.610
0.009 0.348 0.642
0.022 0.243 0.735
0.002 0.271 0.726
0.036 0.232 0.732
0.003 0.335 0.662
0.155 0.092 0.753
0.005 0.146 0.849
0.011 0.270 0.719
0.033 0.160 0.808
0.005 0.282 0.712
0.059 0.328 0.613
0.043 0.215 0.742
0.015 0.138 0.847
0.093 0.203 0.705
0.051 0.280 0.669
0.028 0.265 0.708
0.041 0.227 0.732
0.002 0.269 0.729
0.045 0.144 0.810
0.017 0.167 0.816
0.017 0.369 0.614
0.012 0.433 0.554
0.017 0.511 0.473
0.002 0.419 0.579
0.004 0.354 0.642
0.006 0.335 0.659
0.064 0.327 0.610
0.005 0.229 0.766
0.005 0.335 0.660
0.004 0.327 0.670
0.010 0.291 0.699
0.011 0.544 0.445
0.004 0.442 0.553
0.017 0.202 0.781
0.018 0.399 0.582
0.032 0.297 0.670
0.039 0.383 0.578
0.004 0.419 0.577
0.004 0.431 0.565
0.018 0.264 0.718
0.011 0.268 0.721
0.004 0.341 0.655
0.009 0.211 0.780
0.009 0.377 0.613
0.002 0.365 0.633
0.004 0.289 0.708
0.027 0.305 0.667
0.020 0.205 0.775
0.077 0.406 0.517
0.061 0.263 0.676
0.032 0.263 0.705
0.083 0.316 0.602
0.072 0.314 0.614
0.005 0.189 0.805
0.003 0.161 0.836
0.002 0.482 0.516
0.007 0.274 0.719
0.005 0.211 0.784
0.005 0.263 0.732
0.005 0.303 0.692
0.026 0.264 0.710
0.004 0.366 0.630
0.006 0.321 0.673
0.002 0.148 0.851
0.009 0.353 0.638
0.008 0.209 0.783
0.005 0.427 0.568
0.008 0.305 0.687
0.070 0.161 0.769
0.014 0.311 0.675
0.023 0.379 0.599
0.004 0.172 0.823
0.005 0.220 0.775
0.035 0.314 0.651
0.007 0.308 0.685
0.011 0.372 0.617
0.062 0.318 0.619
0.002 0.251 0.747
0.016 0.401 0.584
0.007 0.107 0.885
0.013 0.324 0.663
0.010 0.328 0.662
0.001 0.428 0.571
0.006 0.408 0.586
0.054 0.161 0.785
0.008 0.331 0.660
0.002 0.383 0.615
0.005 0.397 0.598
0.013 0.264 0.723
0.008 0.232 0.760
0.037 0.329 0.634
0.009 0.363 0.628
0.011 0.202 0.787
0.012 0.225 0.763
0.016 0.290 0.694
0.043 0.248 0.710
0.006 0.309 0.686
0.027 0.332 0.641
0.083 0.210 0.707
0.019 0.248 0.732
0.007 0.333 0.659
0.022 0.335 0.643
0.060 0.202 0.737
0.003 0.401 0.596
0.008 0.339 0.653
0.065 0.271 0.664
0.031 0.333 0.635
0.001 0.310 0.688
0.021 0.381 0.597
0.018 0.288 0.694
0.005 0.187 0.808
0.007 0.374 0.619
0.003 0.228 0.769
0.016 0.310 0.674
0.044 0.267 0.688
0.012 0.422 0.565
0.136 0.348 0.516
0.006 0.433 0.561
0.017 0.311 0.671
0.002 0.338 0.660
0.021 0.382 0.597
0.018 0.328 0.654
0.019 0.262 0.718
0.011 0.285 0.704
0.016 0.562 0.422
0.003 0.376 0.622
0.007 0.340 0.653
0.006 0.424 0.569
0.020 0.247 0.733
0.044 0.364 0.592
0.040 0.416 0.544
0.008 0.369 0.624
0.020 0.473 0.507
0.008 0.457 0.536
0.095 0.219 0.686
0.085 0.153 0.762
0.013 0.433 0.554
0.002 0.282 0.716
0.006 0.430 0.565
0.010 0.360 0.630
0.009 0.354 0.637
0.027 0.222 0.751
0.011 0.223 0.766
0.028 0.294 0.678
0.018 0.300 0.682
0.003 0.302 0.695
0.008 0.218 0.773
0.019 0.311 0.670
0.004 0.319 0.677
0.020 0.319 0.661
0.003 0.184 0.813
0.009 0.192 0.800
0.006 0.256 0.738
0.022 0.390 0.588
0.012 0.228 0.761
0.046 0.372 0.582
0.030 0.190 0.780
0.003 0.403 0.593
0.003 0.011 0.985
0.014 0.002 0.984
0.003 0.014 0.983
0.004 0.003 0.993
0.002 0.002 0.996
0.002 0.005 0.993
0.012 0.005 0.984
0.001 0.006 0.993
0.002 0.001 0.996
0.002 0.005 0.992
0.003 0.006 0.991
0.005 0.010 0.984
0.004 0.003 0.994
0.002 0.012 0.985
0.001 0.006 0.992
0.017 0.002 0.981
0.010 0.001 0.988
0.001 0.007 0.992
0.002 0.009 0.988
0.013 0.006 0.980
0.005 0.005 0.990
0.006 0.010 0.984
0.007 0.003 0.990
0.009 0.003 0.988
0.010 0.007 0.983
0.004 0.009 0.987
0.012 0.004 0.984
0.011 0.004 0.985
0.002 0.003 0.995
0.004 0.006 0.990
0.004 0.003 0.993
0.001 0.007 0.991
0.012 0.008 0.980
0.013 0.003 0.984
0.015 0.003 0.982
0.011 0.010 0.979
0.011 0.004 0.984
0.004 0.002 0.994
0.005 0.017 0.978
0.001 0.002 0.996
0.012 0.003 0.984
0.004 0.010 0.986
0.002 0.003 0.996
0.008 0.003 0.989
0.002 0.024 0.974
0.003 0.003 0.994
0.003 0.004 0.993
0.011 0.002 0.987
0.004 0.002 0.994
0.002 0.003 0.995
0.006 0.006 0.989
0.009 0.016 0.975
0.002 0.003 0.996
0.003 0.004 0.993
0.005 0.014 0.981
0.008 0.027 0.965
0.002 0.001 0.996
0.005 0.002 0.994
0.011 0.010 0.979
0.001 0.002 0.997
0.002 0.003 0.995
0.003 0.012 0.985
0.002 0.007 0.991
0.007 0.004 0.989
0.008 0.004 0.989
0.010 0.002 0.988
0.003 0.007 0.990
0.021 0.003 0.975
0.004 0.006 0.990
0.003 0.002 0.995
0.005 0.003 0.992
0.003 0.013 0.984
0.005 0.001 0.993
0.003 0.009 0.988
0.002 0.002 0.996
0.012 0.008 0.981
0.005 0.004 0.991
0.004 0.002 0.993
0.003 0.006 0.991
0.006 0.008 0.986
0.002 0.006 0.992
0.004 0.003 0.993
0.004 0.002 0.994
0.008 0.003 0.989
0.003 0.004 0.993
0.030 0.004 0.966
0.003 0.009 0.987
0.007 0.005 0.988
0.006 0.004 0.990
0.010 0.006 0.984
0.006 0.007 0.987
0.003 0.005 0.992
0.009 0.013 0.978
0.004 0.002 0.994
0.007 0.042 0.951
0.013 0.006 0.981
0.007 0.003 0.990
0.020 0.002 0.977
0.004 0.002 0.994
0.994 0.003 0.003
0.974 0.004 0.023
0.978 0.007 0.015
0.978 0.011 0.011
0.997 0.002 0.001
0.996 0.002 0.002
0.995 0.001 0.004
0.998 0.001 0.001
0.996 0.002 0.003
0.986 0.003 0.011
0.995 0.001 0.004
0.990 0.004 0.005
0.996 0.002 0.003
0.997 0.001 0.002
0.991 0.002 0.006
0.987 0.005 0.008
0.997 0.001 0.002
0.967 0.019 0.014
0.974 0.004 0.021
0.015 0.977 0.008
0.015 0.971 0.014
0.010 0.972 0.018
0.004 0.986 0.010
0.007 0.982 0.012
0.003 0.872 0.125
0.003 0.987 0.010
0.002 0.993 0.004
0.002 0.994 0.003
0.005 0.984 0.012
0.005 0.991 0.004
0.004 0.980 0.016
0.006 0.972 0.022
0.004 0.985 0.011
0.006 0.985 0.010
0.003 0.995 0.002
0.021 0.942 0.037
0.003 0.994 0.003
0.022 0.946 0.033
0.007 0.976 0.017
0.004 0.992 0.004
0.003 0.996 0.001
0.003 0.989 0.007
0.003 0.988 0.009
0.005 0.820 0.175
0.037 0.942 0.022
0.035 0.933 0.032
0.009 0.984 0.007
0.005 0.977 0.018
0.015 0.926 0.059
0.006 0.983 0.011
0.011 0.979 0.010
0.014 0.976 0.010
0.149 0.834 0.017
0.002 0.993 0.005
0.005 0.988 0.007
0.003 0.994 0.003
0.003 0.995 0.001
0.015 0.969 0.016
0.004 0.991 0.005
0.003 0.962 0.035
0.007 0.982 0.011
0.005 0.974 0.021
0.001 0.995 0.003
0.002 0.996 0.002
0.003 0.991 0.007
0.018 0.967 0.015
0.010 0.980 0.010
0.002 0.993 0.004
0.006 0.986 0.008
0.052 0.876 0.072
0.003 0.994 0.003
0.010 0.976 0.015
0.004 0.988 0.008
0.001 0.996 0.002
0.002 0.991 0.007
0.137 0.825 0.038
0.003 0.990 0.006
0.007 0.950 0.042
0.021 0.968 0.011
0.002 0.993 0.004
0.003 0.975 0.022
0.031 0.952 0.016
0.029 0.967 0.005
0.004 0.991 0.005
0.003 0.994 0.003
0.003 0.994 0.003
0.017 0.977 0.006
0.002 0.989 0.009
0.010 0.767 0.223
0.005 0.985 0.010
0.051 0.920 0.029
0.005 0.985 0.010
0.005 0.987 0.007
0.006 0.897 0.097
0.006 0.982 0.012
0.008 0.977 0.015
0.019 0.947 0.034
0.010 0.978 0.012
0.010 0.986 0.004
0.032 0.932 0.036
0.040 0.940 0.021
0.009 0.984 0.006
0.009 0.983 0.008
0.010 0.979 0.010
0.017 0.977 0.007
0.013 0.974 0.013
0.002 0.993 0.005
0.006 0.948 0.046
0.007 0.975 0.017
0.013 0.927 0.061
0.019 0.950 0.031
0.003 0.993 0.004
0.007 0.970 0.022
0.003 0.987 0.011
0.006 0.973 0.021
0.004 0.993 0.003
0.005 0.992 0.004
0.002 0.996 0.002
0.007 0.977 0.017
0.006 0.989 0.006
0.005 0.986 0.009
0.005 0.990 0.005
0.977 0.006 0.017
0.987 0.004 0.009
0.991 0.003 0.005
0.995 0.002 0.003
0.995 0.002 0.003
0.989 0.002 0.009
0.992 0.006 0.003
0.991 0.002 0.006
0.993 0.003 0.004
0.994 0.004 0.002
0.990 0.002 0.008
0.993 0.001 0.005
0.997 0.002 0.002
0.971 0.025 0.004
0.996 0.002 0.002
0.993 0.003 0.004
0.990 0.002 0.009
0.996 0.003 0.001
0.996 0.001 0.003
0.986 0.004 0.010
0.990 0.003 0.008
0.998 0.001 0.001
0.996 0.002 0.002
0.997 0.001 0.002
0.992 0.005 0.003
0.997 0.001 0.002
0.996 0.002 0.002
0.997 0.002 0.001
0.990 0.003 0.007
0.008 0.958 0.033
0.007 0.932 0.061
0.007 0.967 0.026
0.006 0.982 0.012
0.014 0.836 0.150
0.023 0.954 0.022
0.006 0.986 0.008
0.007 0.970 0.023
0.105 0.881 0.014
0.006 0.971 0.023
0.004 0.992 0.005
0.009 0.778 0.213
0.010 0.986 0.003
0.008 0.905 0.087
0.005 0.988 0.007
0.003 0.992 0.006
0.008 0.972 0.020
0.019 0.958 0.023
0.006 0.987 0.006
0.003 0.987 0.010
0.004 0.964 0.032
0.006 0.984 0.011
0.008 0.988 0.004
0.004 0.988 0.008
0.187 0.799 0.014
0.005 0.990 0.004
0.008 0.782 0.211
0.011 0.910 0.078
0.005 0.991 0.004
0.006 0.985 0.008
0.010 0.982 0.008
0.009 0.769 0.222
0.001 0.995 0.004
0.010 0.982 0.009
0.007 0.940 0.053
0.003 0.990 0.007
0.013 0.975 0.012
0.046 0.941 0.013
0.003 0.981 0.016
0.005 0.849 0.146
0.034 0.958 0.008
0.017 0.962 0.021
0.007 0.975 0.018
0.004 0.989 0.008
0.004 0.988 0.007
0.039 0.916 0.045
0.006 0.992 0.002
0.004 0.988 0.009
0.004 0.908 0.088
0.032 0.951 0.017
0.011 0.966 0.023
0.007 0.985 0.008
0.014 0.929 0.056
0.024 0.961 0.015
0.011 0.923 0.066
0.004 0.973 0.023
0.002 0.982 0.016
0.003 0.982 0.015
0.004 0.987 0.010
0.009 0.988 0.004
0.007 0.987 0.006
0.003 0.968 0.029
0.002 0.953 0.044
0.003 0.985 0.012
0.008 0.917 0.075
0.002 0.992 0.006
0.009 0.976 0.015
0.002 0.978 0.020
0.015 0.977 0.008
0.002 0.993 0.005
0.996 0.003 0.002
0.994 0.002 0.004
0.942 0.005 0.053
0.989 0.002 0.009
0.992 0.004 0.004
0.975 0.008 0.018
0.887 0.011 0.102
0.921 0.009 0.069
0.941 0.032 0.027
0.990 0.002 0.007
0.863 0.010 0.127
0.986 0.003 0.011
0.981 0.006 0.013
0.975 0.015 0.010
0.974 0.014 0.012
0.991 0.003 0.005
0.843 0.010 0.147
0.960 0.004 0.036
0.003 0.988 0.009
0.005 0.990 0.005
0.009 0.989 0.003
0.009 0.968 0.023
0.004 0.985 0.011
0.003 0.994 0.003
0.009 0.953 0.038
0.006 0.989 0.005
0.001 0.995 0.004
0.004 0.980 0.016
0.031 0.949 0.021
0.003 0.983 0.013
0.012 0.982 0.006
0.010 0.899 0.091
0.036 0.950 0.013
0.004 0.962 0.034
0.004 0.972 0.024
0.006 0.981 0.013
0.005 0.992 0.004
0.013 0.962 0.025
0.005 0.990 0.005
0.019 0.969 0.012
0.007 0.946 0.046
0.007 0.985 0.008
0.003 0.973 0.023
0.012 0.976 0.012
0.008 0.965 0.027
0.004 0.940 0.057
0.004 0.980 0.017
0.010 0.962 0.028
0.017 0.974 0.009
0.013 0.979 0.009
0.010 0.954 0.036
0.004 0.985 0.011
0.993 0.003 0.004
0.987 0.004 0.009
0.992 0.002 0.005
0.994 0.002 0.004
0.997 0.001 0.002
0.998 0.001 0.001
0.995 0.002 0.002
0.996 0.001 0.003
0.995 0.003 0.002
0.992 0.004 0.004
0.997 0.002 0.001
0.996 0.001 0.003
0.996 0.001 0.002
0.983 0.005 0.012
0.997 0.001 0.002
0.989 0.004 0.007
0.996 0.002 0.002
0.993 0.002 0.005
0.982 0.007 0.011
0.993 0.002 0.005
0.995 0.002 0.003
0.986 0.009 0.005
0.989 0.004 0.007
0.983 0.004 0.012
0.997 0.001 0.001
0.991 0.002 0.007
0.997 0.001 0.002
0.992 0.004 0.004
0.997 0.002 0.001
0.996 0.001 0.003
0.994 0.001 0.004
0.990 0.003 0.007
0.995 0.002 0.004
0.995 0.003 0.002
0.986 0.004 0.010
0.987 0.005 0.008
0.987 0.006 0.007
0.990 0.003 0.008
0.993 0.001 0.006
0.993 0.003 0.004
0.944 0.028 0.028
0.996 0.001 0.003
0.982 0.009 0.009
0.993 0.003 0.004
0.993 0.003 0.004
0.975 0.005 0.020
0.984 0.007 0.008
0.995 0.001 0.003
0.996 0.002 0.002
0.994 0.003 0.003
0.997 0.001 0.002
0.996 0.002 0.002
0.996 0.001 0.002
0.993 0.004 0.004
0.995 0.003 0.002
0.989 0.005 0.006
0.896 0.005 0.098
0.998 0.001 0.001
0.996 0.002 0.003
0.997 0.001 0.002
0.888 0.015 0.097
0.991 0.002 0.007
0.961 0.012 0.026
0.943 0.030 0.027
0.991 0.005 0.004
0.977 0.015 0.008
0.907 0.004 0.090
0.970 0.010 0.020
0.991 0.007 0.002
0.991 0.004 0.005
0.945 0.021 0.034
0.997 0.001 0.002
0.992 0.003 0.006
0.973 0.006 0.022
0.989 0.004 0.007
0.942 0.044 0.014
0.994 0.002 0.003
0.961 0.008 0.031
0.967 0.012 0.021
0.930 0.007 0.063
0.997 0.001 0.002
0.961 0.013 0.026
0.992 0.002 0.007
0.979 0.006 0.015
0.994 0.003 0.002
0.940 0.011 0.049
0.928 0.053 0.019
0.996 0.002 0.002
0.958 0.009 0.034
0.889 0.009 0.102
0.967 0.029 0.004
0.892 0.015 0.093
0.991 0.003 0.006
0.994 0.002 0.005
0.979 0.007 0.014
0.985 0.005 0.010
0.912 0.003 0.085
0.988 0.007 0.005
