0.005 0.003 0.992
0.004 0.019 0.977
0.008 0.007 0.985
0.004 0.016 0.980
0.003 0.051 0.945
0.021 0.015 0.964
0.002 0.007 0.991
0.001 0.004 0.995
0.005 0.002 0.993
0.013 0.010 0.977
0.005 0.014 0.981
0.006 0.016 0.978
0.008 0.018 0.974
0.004 0.010 0.987
0.008 0.014 0.979
0.002 0.003 0.995
0.007 0.022 0.971
0.004 0.003 0.994
0.003 0.008 0.989
0.019 0.003 0.977
0.016 0.007 0.977
0.003 0.005 0.991
0.004 0.005 0.991
0.017 0.016 0.967
0.002 0.004 0.994
0.003 0.002 0.995
0.007 0.003 0.990
0.004 0.039 0.956
0.004 0.013 0.982
0.037 0.021 0.942
0.002 0.002 0.996
0.006 0.010 0.984
0.023 0.009 0.967
0.009 0.009 0.982
0.007 0.013 0.980
0.017 0.009 0.974
0.003 0.004 0.993
0.010 0.015 0.975
0.006 0.005 0.989
0.001 0.002 0.997
0.017 0.026 0.957
0.010 0.099 0.891
0.090 0.012 0.899
0.067 0.009 0.923
0.005 0.007 0.988
0.002 0.004 0.993
0.011 0.010 0.978
0.110 0.010 0.880
0.007 0.013 0.980
0.003 0.003 0.994
0.001 0.018 0.981
0.007 0.004 0.990
0.010 0.009 0.981
0.009 0.014 0.976
0.002 0.007 0.990
0.007 0.007 0.987
0.003 0.011 0.986
0.002 0.003 0.995
0.005 0.004 0.991
0.044 0.036 0.920
0.090 0.007 0.903
0.005 0.007 0.988
0.036 0.016 0.948
0.013 0.002 0.985
0.005 0.006 0.989
0.040 0.047 0.913
0.005 0.008 0.987
0.003 0.006 0.991
0.002 0.016 0.982
0.008 0.010 0.982
0.003 0.011 0.985
0.002 0.008 0.990
0.007 0.008 0.985
0.020 0.027 0.953
0.008 0.007 0.986
0.011 0.042 0.946
0.004 0.004 0.992
0.009 0.011 0.980
0.019 0.040 0.941
0.007 0.035 0.959
0.005 0.004 0.992
0.006 0.055 0.940
0.008 0.005 0.987
0.008 0.025 0.967
0.004 0.004 0.992
0.012 0.010 0.978
0.003 0.004 0.993
0.015 0.020 0.966
0.003 0.010 0.987
0.005 0.007 0.988
0.007 0.077 0.917
0.012 0.009 0.978
0.005 0.004 0.991
0.006 0.008 0.986
0.006 0.010 0.984
0.003 0.011 0.986
0.003 0.991 0.006
0.003 0.994 0.003
0.016 0.981 0.003
0.003 0.985 0.012
0.002 0.996 0.002
0.003 0.994 0.003
0.003 0.995 0.002
0.004 0.994 0.002
0.003 0.994 0.003
0.005 0.990 0.004
0.008 0.981 0.011
0.007 0.991 0.002
0.018 0.980 0.003
0.003 0.993 0.004
0.004 0.990 0.006
0.043 0.954 0.003
0.002 0.993 0.006
0.004 0.993 0.003
0.006 0.990 0.004
0.004 0.993 0.003
0.003 0.985 0.011
0.004 0.992 0.003
0.019 0.975 0.006
0.003 0.995 0.002
0.005 0.993 0.002
0.005 0.993 0.002
0.002 0.996 0.001
0.003 0.994 0.003
0.006 0.991 0.003
0.004 0.992 0.004
0.003 0.995 0.002
0.004 0.991 0.005
0.004 0.991 0.005
0.006 0.988 0.005
0.009 0.980 0.011
0.013 0.983 0.004
0.006 0.991 0.003
0.033 0.963 0.004
0.034 0.955 0.011
0.003 0.988 0.010
0.002 0.995 0.003
0.002 0.997 0.001
0.004 0.995 0.001
0.005 0.990 0.005
0.005 0.981 0.014
0.003 0.995 0.002
0.007 0.986 0.007
0.003 0.991 0.006
0.012 0.984 0.004
0.003 0.996 0.001
0.019 0.979 0.002
0.003 0.995 0.001
0.005 0.984 0.010
0.014 0.981 0.005
0.002 0.995 0.003
0.010 0.982 0.008
0.004 0.962 0.034
0.008 0.975 0.016
0.003 0.990 0.007
0.002 0.991 0.007
0.020 0.974 0.007
0.007 0.976 0.017
0.005 0.991 0.004
0.020 0.975 0.005
0.007 0.984 0.009
0.002 0.983 0.015
0.032 0.953 0.015
0.003 0.992 0.005
0.013 0.981 0.006
0.009 0.936 0.055
0.004 0.994 0.003
0.009 0.987 0.003
0.003 0.993 0.004
0.002 0.990 0.008
0.003 0.993 0.004
0.003 0.981 0.015
0.015 0.968 0.016
0.002 0.996 0.002
0.009 0.989 0.002
0.004 0.995 0.001
0.030 0.966 0.003
0.003 0.992 0.005
0.003 0.991 0.006
0.003 0.993 0.004
0.003 0.996 0.002
0.011 0.979 0.011
0.007 0.980 0.013
0.006 0.987 0.007
0.009 0.989 0.003
0.002 0.995 0.003
0.009 0.989 0.002
0.002 0.996 0.002
0.006 0.991 0.003
0.002 0.988 0.009
0.003 0.990 0.006
0.003 0.993 0.004
0.003 0.991 0.007
0.005 0.973 0.022
0.001 0.997 0.001
0.014 0.983 0.003
0.009 0.986 0.005
0.006 0.992 0.001
0.003 0.990 0.007
0.007 0.827 0.166
0.002 0.896 0.102
0.002 0.995 0.003
0.006 0.988 0.006
0.006 0.945 0.049
0.003 0.920 0.077
0.002 0.873 0.125
0.006 0.940 0.054
0.004 0.957 0.039
0.007 0.938 0.055
0.001 0.994 0.004
0.003 0.974 0.023
0.009 0.858 0.134
0.010 0.973 0.017
0.005 0.936 0.059
0.004 0.979 0.016
0.005 0.989 0.006
0.004 0.973 0.023
0.002 0.978 0.020
0.013 0.952 0.034
0.003 0.992 0.005
0.007 0.990 0.003
0.006 0.983 0.011
0.004 0.933 0.062
0.004 0.985 0.011
0.004 0.994 0.002
0.001 0.773 0.226
0.005 0.993 0.003
0.001 0.965 0.033
0.009 0.770 0.221
0.002 0.841 0.157
0.007 0.984 0.009
0.008 0.980 0.012
0.006 0.984 0.010
0.004 0.939 0.056
0.022 0.972 0.006
0.002 0.989 0.009
0.004 0.869 0.127
0.001 0.982 0.017
0.003 0.956 0.041
0.005 0.982 0.013
0.013 0.983 0.004
0.006 0.977 0.018
0.005 0.990 0.005
0.003 0.938 0.059
0.040 0.953 0.007
0.008 0.984 0.008
0.005 0.958 0.037
0.004 0.940 0.056
0.010 0.980 0.010
0.005 0.960 0.035
0.002 0.991 0.007
0.002 0.991 0.007
0.004 0.974 0.023
0.001 0.998 0.001
0.004 0.833 0.163
0.015 0.973 0.012
0.006 0.982 0.013
0.018 0.974 0.008
0.007 0.987 0.007
0.024 0.962 0.014
0.041 0.898 0.061
0.006 0.952 0.042
0.017 0.924 0.059
0.002 0.977 0.020
0.006 0.987 0.007
0.047 0.939 0.014
0.005 0.988 0.007
0.004 0.924 0.072
0.002 0.993 0.004
0.006 0.989 0.005
0.003 0.880 0.117
0.002 0.982 0.016
0.003 0.986 0.011
0.003 0.988 0.010
0.011 0.964 0.025
0.030 0.962 0.008
0.010 0.876 0.114
0.003 0.992 0.005
0.004 0.976 0.020
0.007 0.986 0.007
0.002 0.996 0.002
0.008 0.007 0.986
0.005 0.002 0.994
0.006 0.030 0.964
0.007 0.017 0.977
0.014 0.003 0.983
0.007 0.008 0.986
0.008 0.029 0.963
0.003 0.001 0.996
0.004 0.010 0.986
0.009 0.002 0.989
0.007 0.007 0.986
0.002 0.020 0.977
0.003 0.010 0.987
0.002 0.006 0.992
0.005 0.007 0.987
0.003 0.003 0.994
0.009 0.003 0.988
0.005 0.005 0.990
0.005 0.004 0.991
0.003 0.005 0.992
0.014 0.007 0.979
0.004 0.008 0.988
0.026 0.011 0.962
0.001 0.019 0.980
0.007 0.013 0.980
0.007 0.010 0.983
0.012 0.023 0.965
0.003 0.012 0.984
0.013 0.007 0.980
0.014 0.009 0.977
0.001 0.002 0.997
0.005 0.074 0.920
0.015 0.006 0.979
0.004 0.002 0.994
0.036 0.039 0.925
0.005 0.005 0.990
0.004 0.011 0.985
0.004 0.042 0.954
0.021 0.006 0.973
0.006 0.004 0.991
0.002 0.002 0.996
0.002 0.012 0.985
0.017 0.979 0.003
0.356 0.598 0.046
0.007 0.990 0.003
0.017 0.022 0.962
0.003 0.002 0.994
0.006 0.007 0.987
0.002 0.004 0.994
0.002 0.012 0.986
0.001 0.004 0.995
0.003 0.005 0.993
0.011 0.021 0.968
0.003 0.005 0.992
0.003 0.003 0.994
0.002 0.016 0.982
0.011 0.011 0.978
0.003 0.010 0.987
0.003 0.012 0.986
0.001 0.001 0.998
0.002 0.006 0.992
0.001 0.005 0.993
0.005 0.011 0.985
0.002 0.002 0.996
0.004 0.005 0.991
0.013 0.006 0.981
0.004 0.005 0.990
0.002 0.008 0.990
0.012 0.002 0.986
0.003 0.004 0.993
0.005 0.003 0.991
0.009 0.021 0.969
0.004 0.007 0.988
0.016 0.012 0.971
0.002 0.006 0.993
0.005 0.007 0.988
0.005 0.020 0.975
0.006 0.007 0.987
0.003 0.002 0.995
0.008 0.009 0.983
0.169 0.816 0.015
0.024 0.743 0.233
0.012 0.954 0.034
0.024 0.877 0.099
0.003 0.009 0.988
0.005 0.018 0.977
0.007 0.006 0.987
0.008 0.011 0.982
0.002 0.006 0.993
0.030 0.035 0.935
0.004 0.002 0.994
0.004 0.005 0.991
0.001 0.003 0.996
0.006 0.014 0.980
0.005 0.010 0.985
0.005 0.003 0.992
0.003 0.002 0.995
0.002 0.004 0.993
0.004 0.005 0.991
0.041 0.008 0.951
0.006 0.003 0.992
0.003 0.002 0.995
0.017 0.006 0.977
0.060 0.003 0.936
0.002 0.008 0.989
0.007 0.009 0.984
0.010 0.008 0.982
0.007 0.003 0.990
0.011 0.008 0.980
0.005 0.005 0.990
0.002 0.003 0.995
0.001 0.003 0.995
0.059 0.915 0.026
0.005 0.953 0.042
0.130 0.843 0.027
0.007 0.974 0.019
0.037 0.960 0.003
0.005 0.991 0.004
0.055 0.867 0.078
0.048 0.930 0.022
0.005 0.946 0.049
0.002 0.012 0.987
0.020 0.046 0.934
0.003 0.009 0.988
0.003 0.003 0.993
0.006 0.002 0.992
0.070 0.019 0.912
0.003 0.005 0.992
0.002 0.002 0.996
0.009 0.007 0.984
0.011 0.011 0.978
0.002 0.004 0.993
0.004 0.002 0.994
0.005 0.010 0.984
0.002 0.002 0.995
0.009 0.017 0.974
0.010 0.988 0.002
0.008 0.747 0.245
0.414 0.571 0.015
0.069 0.925 0.007
0.145 0.846 0.009
0.024 0.867 0.109
0.197 0.784 0.019
0.002 0.833 0.165
0.021 0.966 0.012
0.021 0.970 0.009
0.237 0.761 0.002
0.018 0.854 0.128
0.015 0.820 0.165
0.012 0.986 0.002
0.068 0.924 0.007
0.025 0.799 0.176
0.010 0.951 0.040
0.040 0.690 0.270
0.008 0.973 0.019
0.015 0.978 0.007
0.002 0.993 0.005
0.007 0.830 0.162
0.011 0.602 0.387
0.206 0.791 0.002
0.011 0.966 0.023
0.021 0.850 0.130
0.086 0.907 0.006
0.011 0.983 0.006
0.104 0.884 0.012
0.015 0.908 0.078
0.129 0.866 0.005
0.012 0.892 0.096
0.070 0.911 0.019
0.301 0.693 0.007
0.636 0.360 0.004
0.007 0.986 0.008
0.021 0.973 0.007
0.052 0.943 0.005
0.729 0.261 0.011
0.005 0.745 0.250
0.006 0.824 0.170
0.004 0.990 0.005
0.120 0.762 0.119
0.011 0.748 0.242
0.010 0.708 0.282
0.150 0.699 0.152
0.021 0.966 0.013
0.009 0.947 0.044
0.007 0.964 0.029
0.231 0.762 0.007
0.002 0.639 0.359
0.007 0.988 0.005
0.404 0.390 0.206
0.051 0.722 0.227
0.048 0.915 0.037
0.017 0.762 0.221
0.166 0.783 0.051
0.003 0.992 0.005
0.141 0.694 0.165
0.012 0.879 0.109
0.021 0.951 0.028
0.010 0.919 0.071
0.183 0.815 0.003
0.015 0.931 0.055
0.148 0.709 0.143
0.022 0.753 0.225
0.046 0.951 0.003
0.067 0.928 0.005
0.026 0.876 0.098
0.029 0.968 0.003
0.097 0.896 0.007
0.034 0.960 0.006
0.008 0.673 0.319
0.246 0.749 0.005
0.113 0.885 0.003
0.032 0.468 0.500
0.027 0.807 0.166
0.209 0.779 0.012
0.015 0.954 0.032
0.019 0.928 0.053
0.005 0.991 0.005
0.471 0.522 0.008
0.850 0.149 0.002
0.336 0.660 0.004
0.009 0.980 0.011
0.002 0.898 0.100
0.003 0.850 0.147
0.007 0.987 0.006
0.024 0.831 0.145
0.044 0.840 0.116
0.067 0.911 0.022
0.012 0.986 0.002
0.134 0.458 0.408
0.008 0.900 0.092
0.002 0.963 0.035
0.336 0.452 0.213
0.002 0.987 0.011
0.132 0.803 0.066
0.035 0.955 0.010
0.005 0.984 0.011
0.007 0.980 0.013
0.384 0.610 0.006
0.048 0.948 0.004
0.072 0.925 0.002
0.309 0.680 0.011
0.277 0.715 0.008
0.015 0.972 0.013
0.004 0.961 0.035
0.012 0.922 0.066
0.192 0.801 0.007
0.075 0.920 0.004
0.003 0.994 0.003
0.002 0.416 0.583
0.306 0.454 0.240
0.007 0.918 0.075
0.006 0.766 0.228
0.003 0.563 0.433
0.024 0.852 0.124
0.019 0.906 0.075
0.006 0.747 0.248
0.011 0.771 0.218
0.082 0.702 0.216
0.003 0.819 0.177
0.051 0.943 0.007
0.002 0.767 0.231
0.003 0.779 0.217
0.260 0.450 0.290
0.025 0.607 0.369
0.073 0.851 0.075
0.011 0.444 0.545
0.062 0.709 0.229
0.004 0.705 0.291
0.134 0.594 0.273
0.004 0.712 0.283
0.004 0.970 0.027
0.004 0.867 0.129
0.063 0.887 0.049
0.005 0.988 0.007
0.456 0.516 0.029
0.390 0.607 0.003
0.050 0.942 0.008
0.001 0.861 0.138
0.228 0.742 0.031
0.006 0.923 0.071
0.255 0.633 0.113
0.223 0.583 0.194
0.046 0.921 0.033
0.071 0.920 0.009
0.028 0.704 0.268
0.179 0.565 0.256
0.156 0.834 0.010
0.003 0.898 0.099
0.033 0.687 0.281
0.009 0.988 0.003
0.011 0.984 0.005
0.121 0.869 0.010
0.012 0.639 0.349
0.005 0.557 0.438
0.291 0.613 0.096
0.095 0.887 0.019
0.011 0.890 0.100
0.001 0.721 0.278
0.023 0.794 0.184
0.039 0.535 0.426
0.134 0.510 0.355
0.322 0.602 0.076
0.004 0.946 0.050
0.003 0.986 0.011
0.008 0.986 0.005
0.185 0.798 0.016
0.452 0.473 0.075
0.010 0.983 0.007
0.090 0.780 0.130
0.011 0.986 0.002
0.012 0.848 0.140
0.003 0.990 0.007
0.493 0.366 0.140
0.187 0.756 0.057
0.015 0.967 0.019
0.013 0.963 0.024
0.010 0.970 0.020
0.004 0.990 0.006
0.010 0.985 0.005
0.003 0.994 0.003
0.003 0.995 0.002
0.003 0.996 0.002
0.003 0.995 0.002
0.003 0.994 0.003
0.002 0.995 0.003
0.002 0.996 0.002
0.004 0.992 0.004
0.004 0.995 0.001
0.004 0.993 0.003
0.001 0.996 0.003
0.011 0.972 0.017
0.016 0.979 0.004
0.005 0.992 0.003
0.001 0.996 0.003
0.011 0.985 0.004
0.002 0.997 0.001
0.010 0.986 0.004
0.003 0.994 0.003
0.025 0.960 0.015
0.004 0.994 0.002
0.005 0.834 0.161
0.411 0.571 0.018
0.364 0.625 0.012
0.016 0.479 0.506
0.006 0.935 0.059
0.006 0.718 0.275
0.002 0.560 0.438
0.008 0.703 0.288
0.002 0.539 0.458
0.017 0.795 0.188
0.019 0.862 0.119
0.026 0.661 0.313
0.007 0.964 0.029
0.037 0.050 0.913
0.003 0.005 0.992
0.012 0.003 0.985
0.010 0.002 0.988
0.017 0.009 0.973
0.002 0.002 0.996
0.013 0.985 0.002
0.028 0.970 0.002
0.030 0.966 0.005
0.003 0.995 0.002
0.012 0.980 0.008
0.005 0.994 0.001
0.005 0.992 0.003
0.009 0.989 0.002
0.009 0.990 0.002
0.055 0.939 0.006
0.005 0.988 0.007
0.005 0.993 0.002
0.001 0.998 0.001
0.004 0.992 0.004
0.005 0.990 0.005
0.008 0.991 0.002
0.004 0.992 0.004
0.007 0.960 0.033
0.190 0.801 0.009
0.022 0.975 0.003
0.007 0.992 0.001
0.005 0.993 0.002
0.008 0.989 0.002
0.013 0.971 0.016
0.016 0.980 0.004
0.011 0.980 0.009
0.003 0.968 0.030
0.002 0.996 0.002
0.001 0.996 0.002
0.002 0.993 0.005
0.003 0.995 0.002
0.007 0.985 0.008
0.020 0.975 0.005
0.002 0.994 0.004
0.008 0.991 0.002
0.014 0.976 0.010
0.008 0.986 0.006
0.078 0.917 0.005
0.006 0.992 0.002
0.014 0.984 0.002
0.001 0.995 0.004
0.006 0.990 0.005
0.010 0.986 0.004
0.003 0.992 0.005
0.010 0.984 0.006
0.013 0.983 0.004
0.028 0.965 0.008
0.021 0.941 0.038
0.023 0.975 0.002
0.029 0.965 0.006
0.003 0.987 0.010
0.002 0.991 0.006
0.007 0.990 0.003
0.004 0.991 0.005
0.002 0.993 0.004
0.022 0.974 0.004
0.005 0.991 0.004
0.006 0.990 0.003
0.012 0.981 0.007
0.003 0.992 0.005
0.007 0.988 0.005
0.005 0.991 0.004
0.012 0.983 0.005
0.004 0.993 0.003
0.004 0.994 0.002
0.012 0.986 0.002
0.022 0.975 0.003
0.015 0.983 0.003
0.002 0.989 0.009
0.058 0.939 0.004
0.002 0.993 0.006
0.008 0.991 0.001
0.008 0.989 0.003
0.006 0.009 0.985
0.009 0.008 0.983
0.009 0.008 0.983
0.026 0.003 0.971
0.008 0.023 0.969
0.002 0.002 0.996
0.004 0.003 0.994
0.009 0.010 0.982
0.017 0.020 0.963
0.002 0.002 0.996
0.003 0.008 0.989
0.008 0.015 0.977
0.002 0.005 0.993
0.028 0.012 0.960
0.012 0.003 0.984
0.086 0.010 0.905
0.006 0.003 0.991
0.003 0.025 0.972
0.003 0.003 0.993
0.006 0.005 0.989
0.001 0.003 0.995
0.016 0.019 0.964
0.004 0.003 0.993
0.003 0.004 0.992
0.002 0.032 0.966
0.012 0.022 0.966
0.007 0.006 0.987
0.003 0.004 0.993
0.046 0.011 0.943
0.013 0.009 0.979
0.012 0.014 0.974
0.002 0.016 0.982
0.003 0.021 0.976
0.007 0.003 0.990
0.004 0.045 0.951
0.005 0.004 0.991
0.017 0.013 0.970
0.018 0.014 0.968
0.012 0.011 0.977
0.002 0.014 0.984
0.004 0.005 0.991
0.003 0.004 0.993
0.005 0.007 0.988
0.009 0.004 0.988
0.006 0.022 0.972
0.011 0.012 0.978
0.005 0.010 0.985
0.034 0.019 0.947
0.007 0.006 0.987
0.005 0.004 0.990
0.022 0.009 0.970
0.008 0.007 0.985
0.022 0.016 0.962
0.003 0.008 0.989
0.004 0.010 0.987
0.008 0.040 0.952
0.817 0.181 0.002
0.542 0.346 0.111
0.881 0.094 0.025
0.492 0.493 0.015
0.860 0.139 0.001
0.567 0.423 0.010
0.986 0.010 0.005
0.992 0.004 0.004
0.009 0.505 0.485
0.007 0.352 0.641
0.795 0.173 0.032
0.991 0.007 0.002
0.859 0.113 0.028
0.682 0.297 0.020
0.991 0.004 0.005
0.002 0.477 0.521
0.003 0.672 0.326
0.004 0.262 0.735
0.019 0.381 0.600
0.008 0.314 0.678
0.218 0.411 0.371
0.063 0.204 0.733
0.002 0.450 0.547
0.005 0.485 0.510
0.181 0.424 0.394
0.004 0.533 0.463
0.006 0.355 0.639
0.002 0.374 0.624
0.014 0.685 0.301
0.016 0.400 0.585
0.129 0.416 0.455
0.043 0.056 0.901
0.014 0.404 0.582
0.164 0.438 0.398
0.011 0.329 0.659
0.004 0.276 0.720
0.002 0.358 0.639
0.007 0.405 0.588
0.002 0.360 0.638
0.997 0.002 0.001
0.997 0.002 0.001
0.005 0.317 0.678
0.463 0.306 0.230
0.028 0.690 0.281
0.006 0.274 0.719
0.006 0.483 0.511
0.250 0.491 0.259
0.003 0.415 0.581
0.007 0.370 0.623
0.004 0.503 0.493
0.006 0.521 0.473
0.002 0.584 0.414
0.012 0.643 0.345
0.003 0.301 0.696
0.875 0.112 0.013
0.857 0.138 0.005
0.318 0.679 0.003
0.538 0.319 0.143
0.836 0.047 0.118
0.003 0.489 0.508
0.008 0.278 0.714
0.003 0.391 0.606
0.001 0.402 0.596
0.019 0.220 0.761
0.286 0.407 0.306
0.003 0.307 0.690
0.971 0.016 0.014
0.641 0.350 0.009
0.993 0.005 0.002
0.991 0.006 0.003
0.990 0.006 0.004
0.024 0.010 0.966
0.005 0.009 0.986
0.004 0.017 0.979
0.021 0.011 0.968
0.007 0.024 0.969
0.003 0.003 0.994
0.013 0.101 0.886
0.029 0.017 0.953
0.006 0.014 0.979
0.009 0.009 0.982
0.003 0.011 0.986
0.004 0.010 0.986
0.003 0.009 0.988
0.007 0.021 0.973
0.007 0.050 0.943
0.005 0.004 0.990
0.036 0.004 0.960
0.640 0.351 0.008
0.912 0.081 0.008
0.996 0.002 0.002
0.948 0.042 0.011
0.035 0.024 0.941
0.024 0.035 0.940
0.014 0.070 0.916
0.009 0.070 0.921
0.011 0.028 0.961
0.010 0.023 0.967
0.080 0.013 0.907
0.031 0.011 0.958
0.005 0.235 0.760
0.005 0.011 0.984
0.004 0.019 0.977
0.008 0.011 0.981
0.010 0.005 0.985
0.006 0.004 0.990
0.017 0.024 0.959
0.007 0.025 0.968
0.007 0.015 0.978
0.008 0.010 0.982
0.008 0.032 0.961
0.005 0.007 0.987
0.018 0.012 0.969
0.014 0.446 0.540
0.005 0.479 0.516
0.997 0.002 0.001
0.045 0.232 0.723
0.003 0.383 0.614
0.002 0.270 0.727
0.923 0.039 0.037
0.993 0.005 0.002
0.990 0.007 0.003
0.014 0.033 0.953
0.003 0.003 0.995
0.003 0.004 0.993
0.007 0.031 0.962
0.003 0.008 0.989
0.006 0.003 0.991
0.007 0.005 0.987
0.072 0.049 0.879
0.040 0.013 0.947
0.034 0.033 0.933
0.023 0.005 0.972
0.005 0.010 0.985
0.008 0.077 0.914
0.002 0.004 0.994
0.017 0.015 0.968
0.013 0.032 0.955
0.003 0.004 0.993
0.842 0.043 0.115
0.855 0.130 0.014
0.020 0.556 0.424
0.003 0.374 0.623
0.005 0.288 0.707
0.005 0.022 0.973
0.004 0.006 0.989
0.002 0.005 0.993
0.002 0.002 0.996
0.002 0.007 0.991
0.005 0.012 0.983
0.003 0.008 0.990
0.005 0.008 0.987
0.008 0.012 0.980
0.006 0.003 0.991
0.010 0.053 0.937
0.005 0.002 0.993
0.007 0.011 0.982
0.002 0.003 0.995
0.002 0.002 0.996
0.005 0.005 0.991
0.008 0.032 0.960
0.003 0.007 0.990
0.021 0.014 0.965
0.002 0.002 0.996
0.003 0.995 0.002
0.011 0.985 0.004
0.006 0.992 0.002
0.012 0.985 0.003
0.004 0.993 0.003
0.003 0.995 0.001
0.016 0.982 0.002
0.012 0.971 0.017
0.005 0.993 0.002
0.003 0.994 0.003
0.002 0.994 0.004
0.019 0.976 0.005
0.004 0.994 0.002
0.038 0.958 0.004
0.075 0.024 0.901
0.003 0.768 0.229
0.006 0.739 0.255
0.994 0.003 0.003
0.556 0.439 0.005
0.005 0.216 0.779
0.008 0.594 0.398
0.006 0.369 0.625
0.002 0.534 0.464
0.013 0.430 0.557
0.002 0.385 0.613
0.003 0.234 0.763
0.233 0.240 0.526
0.006 0.244 0.750
0.007 0.415 0.578
0.007 0.284 0.709
0.729 0.268 0.003
0.906 0.092 0.002
0.827 0.165 0.008
0.838 0.160 0.002
0.007 0.355 0.638
0.010 0.463 0.527
0.005 0.324 0.671
0.003 0.433 0.564
0.011 0.640 0.349
0.005 0.491 0.504
0.006 0.339 0.655
0.015 0.596 0.389
0.828 0.012 0.160
0.991 0.005 0.003
0.991 0.005 0.004
0.004 0.558 0.439
0.879 0.120 0.001
0.996 0.002 0.002
0.996 0.003 0.002
0.986 0.010 0.005
0.792 0.060 0.148
0.993 0.004 0.003
0.996 0.002 0.002
0.843 0.152 0.005
0.991 0.007 0.002
0.592 0.391 0.016
0.995 0.003 0.002
0.976 0.012 0.011
0.737 0.253 0.010
0.004 0.523 0.473
0.004 0.453 0.543
0.002 0.011 0.987
0.007 0.010 0.983
0.003 0.007 0.990
0.004 0.005 0.991
0.002 0.002 0.996
0.004 0.004 0.992
0.007 0.005 0.988
0.004 0.006 0.990
0.008 0.008 0.984
0.009 0.036 0.955
0.003 0.004 0.993
0.017 0.005 0.978
0.003 0.005 0.993
0.004 0.005 0.991
0.002 0.004 0.994
0.006 0.005 0.989
0.040 0.005 0.956
0.032 0.048 0.920
0.002 0.012 0.986
0.024 0.066 0.910
0.017 0.019 0.964
0.014 0.006 0.980
0.055 0.024 0.921
0.004 0.016 0.980
0.028 0.004 0.968
0.006 0.004 0.990
0.053 0.019 0.928
0.003 0.046 0.950
0.015 0.008 0.978
0.005 0.011 0.984
0.003 0.007 0.990
0.006 0.003 0.991
0.008 0.013 0.980
0.015 0.032 0.953
0.005 0.004 0.991
0.996 0.002 0.002
0.652 0.332 0.016
0.248 0.736 0.016
0.677 0.319 0.004
0.997 0.001 0.002
0.664 0.332 0.004
0.823 0.119 0.058
0.984 0.009 0.007
0.919 0.001 0.079
0.661 0.331 0.009
0.997 0.002 0.001
0.759 0.237 0.004
0.976 0.016 0.008
0.961 0.034 0.006
0.995 0.004 0.002
0.985 0.007 0.008
0.994 0.004 0.002
0.996 0.003 0.001
0.991 0.007 0.002
0.615 0.383 0.002
0.996 0.002 0.002
0.922 0.024 0.054
0.994 0.004 0.002
0.419 0.557 0.025
0.996 0.002 0.002
0.008 0.718 0.274
0.009 0.751 0.239
0.010 0.972 0.018
0.003 0.968 0.029
0.997 0.001 0.001
0.955 0.003 0.041
0.963 0.012 0.025
0.478 0.497 0.025
0.647 0.345 0.008
0.521 0.473 0.007
0.995 0.003 0.002
0.010 0.012 0.978
0.002 0.005 0.993
0.019 0.007 0.974
0.005 0.008 0.987
0.995 0.003 0.001
0.990 0.008 0.002
0.985 0.012 0.003
0.704 0.290 0.006
0.990 0.004 0.007
0.995 0.004 0.001
0.866 0.011 0.123
0.989 0.008 0.003
0.838 0.160 0.002
0.970 0.018 0.012
0.963 0.028 0.008
0.997 0.002 0.001
0.987 0.008 0.005
0.976 0.020 0.004
0.980 0.014 0.006
0.985 0.010 0.005
0.994 0.004 0.002
0.998 0.001 0.001
0.997 0.002 0.001
0.992 0.006 0.002
0.976 0.006 0.017
0.994 0.003 0.003
0.923 0.019 0.057
0.995 0.003 0.002
0.968 0.026 0.005
0.996 0.003 0.001
0.995 0.003 0.002
0.004 0.881 0.116
0.059 0.807 0.134
0.019 0.646 0.336
0.023 0.805 0.172
0.005 0.788 0.207
0.981 0.017 0.002
0.986 0.011 0.003
0.940 0.048 0.012
0.976 0.016 0.008
0.942 0.052 0.007
0.997 0.002 0.001
0.990 0.003 0.006
0.995 0.004 0.001
0.970 0.022 0.008
0.984 0.012 0.004
0.976 0.015 0.009
0.955 0.028 0.018
0.990 0.008 0.002
0.992 0.006 0.002
0.995 0.003 0.001
0.986 0.010 0.004
0.004 0.924 0.071
0.004 0.825 0.171
0.048 0.768 0.184
0.002 0.780 0.218
0.015 0.834 0.151
0.003 0.755 0.242
0.005 0.841 0.154
0.004 0.859 0.137
0.016 0.890 0.094
0.026 0.798 0.176
0.976 0.017 0.008
0.981 0.013 0.006
0.963 0.011 0.026
0.986 0.005 0.009
0.995 0.003 0.002
0.997 0.002 0.001
0.011 0.974 0.014
0.017 0.917 0.065
0.099 0.722 0.179
0.009 0.689 0.302
0.012 0.763 0.225
0.017 0.642 0.341
0.008 0.907 0.085
0.022 0.901 0.077
0.008 0.798 0.195
0.027 0.763 0.210
0.008 0.860 0.132
0.005 0.819 0.177
0.023 0.766 0.210
0.960 0.017 0.023
0.993 0.006 0.001
0.994 0.004 0.002
0.978 0.017 0.005
0.996 0.002 0.002
0.974 0.020 0.006
0.007 0.692 0.301
0.002 0.654 0.344
0.002 0.690 0.309
0.004 0.941 0.056
0.049 0.707 0.244
0.013 0.786 0.201
0.104 0.674 0.221
0.006 0.934 0.061
0.002 0.783 0.215
0.996 0.003 0.001
0.962 0.003 0.035
0.997 0.002 0.001
0.997 0.001 0.002
0.973 0.017 0.010
0.988 0.005 0.007
0.990 0.004 0.006
0.994 0.005 0.002
0.996 0.002 0.002
0.003 0.759 0.238
0.006 0.717 0.277
0.013 0.684 0.303
0.007 0.854 0.139
0.008 0.847 0.145
0.006 0.758 0.236
0.003 0.667 0.330
0.001 0.768 0.231
0.013 0.771 0.216
0.029 0.734 0.236
0.032 0.629 0.339
0.057 0.622 0.321
0.982 0.012 0.005
0.950 0.029 0.021
0.987 0.007 0.006
0.995 0.003 0.002
0.992 0.004 0.005
0.995 0.003 0.002
0.895 0.077 0.029
0.815 0.174 0.011
0.993 0.002 0.004
0.937 0.045 0.018
0.983 0.006 0.011
0.980 0.015 0.006
0.987 0.003 0.010
0.985 0.013 0.002
0.983 0.007 0.010
0.996 0.002 0.002
0.998 0.002 0.001
0.954 0.038 0.008
0.992 0.006 0.002
0.991 0.006 0.002
0.997 0.002 0.001
0.987 0.010 0.004
0.961 0.030 0.009
0.996 0.003 0.001
0.986 0.013 0.002
0.949 0.012 0.040
0.995 0.002 0.003
0.990 0.008 0.002
0.989 0.007 0.004
0.889 0.108 0.003
0.889 0.077 0.034
0.991 0.006 0.003
0.992 0.006 0.002
0.998 0.001 0.001
0.964 0.021 0.015
0.998 0.001 0.001
0.991 0.003 0.007
0.992 0.003 0.005
0.992 0.003 0.005
0.995 0.003 0.003
0.996 0.002 0.002
0.989 0.007 0.004
0.996 0.002 0.002
0.996 0.002 0.002
0.993 0.005 0.002
0.995 0.003 0.003
0.995 0.002 0.003
0.995 0.003 0.002
0.987 0.004 0.009
0.991 0.006 0.002
0.995 0.002 0.003
0.996 0.003 0.001
0.995 0.002 0.003
0.996 0.002 0.002
0.997 0.002 0.001
0.994 0.002 0.003
0.989 0.005 0.006
0.961 0.021 0.018
0.006 0.497 0.496
0.011 0.698 0.291
0.017 0.586 0.397
0.005 0.561 0.434
0.009 0.800 0.191
0.035 0.924 0.041
0.014 0.820 0.166
0.003 0.829 0.168
0.010 0.813 0.176
0.036 0.760 0.204
0.973 0.020 0.007
0.988 0.008 0.003
0.972 0.022 0.005
0.979 0.018 0.003
0.997 0.002 0.001
0.994 0.004 0.003
0.982 0.003 0.014
0.997 0.001 0.002
0.993 0.005 0.002
0.973 0.023 0.004
0.978 0.015 0.007
0.993 0.004 0.003
0.990 0.005 0.005
0.992 0.005 0.002
0.992 0.006 0.002
0.997 0.002 0.002
0.990 0.002 0.008
0.996 0.002 0.001
0.974 0.023 0.003
0.982 0.014 0.004
0.995 0.004 0.001
0.995 0.002 0.004
0.996 0.001 0.003
0.998 0.002 0.001
0.993 0.004 0.003
0.993 0.002 0.005
0.973 0.025 0.002
0.993 0.003 0.004
0.992 0.007 0.001
0.992 0.005 0.003
0.966 0.015 0.019
0.989 0.006 0.005
0.919 0.063 0.018
0.992 0.003 0.005
0.992 0.006 0.003
0.998 0.001 0.001
0.997 0.002 0.002
0.998 0.001 0.001
0.995 0.004 0.001
0.997 0.001 0.002
0.992 0.004 0.004
0.994 0.002 0.003
0.997 0.002 0.001
0.984 0.003 0.014
0.997 0.002 0.001
0.994 0.003 0.003
0.996 0.003 0.001
0.991 0.004 0.005
0.997 0.001 0.001
0.997 0.002 0.001
0.989 0.008 0.003
0.997 0.001 0.002
0.992 0.003 0.005
0.994 0.004 0.002
0.994 0.004 0.002
0.998 0.001 0.001
0.987 0.009 0.004
0.975 0.019 0.006
0.996 0.001 0.002
0.995 0.003 0.002
0.994 0.004 0.002
0.997 0.002 0.001
0.997 0.002 0.002
0.996 0.002 0.002
0.991 0.004 0.005
0.987 0.010 0.003
0.996 0.002 0.002
0.994 0.004 0.002
0.996 0.002 0.001
0.968 0.011 0.021
0.994 0.003 0.003
0.994 0.004 0.002
0.998 0.002 0.001
0.991 0.004 0.005
0.981 0.016 0.003
0.984 0.011 0.005
0.997 0.002 0.001
0.992 0.006 0.002
0.994 0.004 0.002
0.996 0.002 0.002
0.992 0.006 0.002
0.998 0.001 0.001
0.962 0.030 0.008
0.997 0.001 0.002
0.004 0.768 0.228
0.011 0.610 0.379
0.010 0.771 0.219
0.006 0.731 0.263
0.002 0.801 0.197
0.097 0.881 0.023
0.993 0.006 0.002
0.997 0.001 0.002
0.993 0.005 0.002
0.988 0.003 0.010
0.996 0.002 0.001
0.992 0.006 0.003
0.991 0.003 0.006
0.995 0.003 0.002
0.992 0.006 0.002
0.993 0.003 0.004
0.988 0.008 0.004
0.978 0.017 0.005
0.990 0.007 0.003
0.991 0.004 0.005
0.996 0.002 0.002
0.993 0.005 0.002
0.994 0.004 0.001
0.984 0.009 0.007
0.997 0.001 0.002
0.994 0.004 0.002
0.997 0.002 0.001
0.997 0.002 0.001
0.998 0.001 0.001
0.990 0.006 0.004
0.993 0.004 0.003
0.995 0.003 0.002
0.997 0.002 0.001
0.996 0.002 0.002
0.990 0.007 0.003
0.994 0.003 0.004
0.995 0.003 0.002
0.995 0.002 0.003
0.989 0.009 0.002
0.996 0.002 0.002
0.998 0.001 0.001
0.997 0.001 0.001
0.997 0.002 0.001
0.986 0.011 0.003
0.992 0.005 0.002
0.994 0.004 0.001
0.994 0.003 0.003
0.996 0.002 0.002
0.991 0.006 0.002
0.977 0.017 0.007
0.968 0.024 0.008
0.995 0.004 0.002
0.967 0.018 0.015
0.997 0.001 0.002
0.988 0.005 0.007
0.989 0.008 0.003
0.995 0.003 0.002
0.993 0.004 0.003
0.996 0.003 0.001
0.997 0.002 0.001
0.993 0.005 0.002
0.994 0.005 0.001
0.994 0.003 0.003
0.994 0.003 0.003
0.995 0.003 0.002
0.996 0.003 0.002
0.988 0.007 0.005
0.983 0.014 0.003
0.995 0.003 0.002
0.970 0.011 0.019
0.994 0.002 0.004
0.990 0.006 0.004
0.996 0.003 0.002
0.990 0.007 0.004
0.997 0.002 0.001
0.997 0.002 0.001
0.996 0.002 0.002
0.988 0.004 0.008
0.992 0.002 0.006
0.997 0.002 0.001
0.005 0.752 0.243
0.005 0.845 0.150
0.095 0.603 0.302
0.969 0.024 0.007
0.994 0.004 0.003
0.990 0.007 0.003
0.993 0.003 0.004
0.996 0.002 0.002
0.993 0.003 0.004
0.996 0.002 0.002
0.998 0.001 0.001
0.985 0.009 0.006
0.992 0.005 0.002
0.971 0.018 0.011
0.998 0.002 0.001
0.975 0.017 0.008
0.991 0.006 0.003
0.961 0.030 0.009
0.990 0.003 0.007
0.996 0.002 0.002
0.946 0.051 0.003
0.990 0.005 0.005
0.991 0.005 0.004
0.996 0.003 0.001
0.997 0.002 0.001
0.994 0.005 0.002
0.996 0.002 0.002
0.994 0.003 0.003
0.007 0.749 0.244
0.026 0.593 0.382
0.014 0.684 0.302
0.014 0.807 0.179
0.127 0.306 0.568
0.029 0.639 0.333
0.021 0.703 0.276
0.023 0.490 0.488
0.004 0.591 0.405
0.031 0.652 0.318
0.009 0.612 0.378
0.016 0.684 0.301
0.008 0.554 0.438
0.052 0.840 0.108
0.003 0.838 0.160
0.004 0.808 0.188
0.019 0.816 0.164
0.007 0.988 0.004
0.005 0.731 0.264
0.008 0.696 0.296
0.002 0.753 0.245
0.103 0.540 0.357
0.013 0.670 0.318
0.016 0.581 0.403
0.059 0.573 0.368
0.024 0.633 0.343
0.010 0.746 0.245
0.014 0.698 0.287
0.055 0.805 0.140
0.045 0.671 0.284
0.014 0.609 0.378
0.007 0.647 0.346
0.064 0.585 0.351
0.020 0.683 0.298
0.022 0.734 0.244
0.004 0.672 0.324
0.003 0.633 0.364
0.089 0.680 0.231
0.113 0.661 0.226
0.011 0.703 0.286
0.178 0.606 0.216
0.036 0.614 0.350
0.015 0.686 0.299
0.006 0.744 0.250
0.008 0.694 0.298
0.012 0.669 0.319
0.003 0.556 0.441
0.027 0.731 0.242
0.012 0.608 0.380
0.056 0.567 0.377
0.012 0.645 0.343
0.060 0.563 0.377
0.108 0.640 0.252
0.011 0.693 0.296
0.016 0.737 0.247
0.147 0.738 0.115
0.094 0.564 0.342
0.011 0.583 0.406
0.050 0.762 0.188
0.038 0.668 0.294
0.005 0.700 0.295
0.003 0.749 0.248
0.005 0.636 0.359
0.010 0.682 0.308
0.025 0.589 0.386
0.078 0.645 0.278
0.004 0.969 0.027
0.007 0.620 0.373
0.061 0.713 0.226
0.069 0.634 0.297
0.002 0.673 0.326
0.007 0.788 0.205
0.005 0.779 0.216
0.011 0.859 0.130
0.003 0.650 0.346
0.092 0.489 0.419
0.003 0.724 0.273
0.008 0.663 0.330
0.013 0.690 0.297
0.007 0.757 0.236
0.008 0.636 0.356
0.011 0.739 0.249
0.008 0.640 0.352
0.018 0.666 0.316
0.079 0.642 0.279
0.029 0.757 0.214
0.004 0.594 0.402
0.001 0.854 0.144
0.025 0.434 0.541
0.035 0.733 0.232
0.009 0.948 0.043
0.138 0.677 0.186
0.013 0.747 0.240
0.004 0.743 0.253
0.071 0.753 0.177
0.013 0.751 0.237
0.075 0.717 0.208
0.029 0.611 0.360
0.008 0.724 0.268
0.011 0.675 0.314
0.004 0.737 0.259
0.006 0.716 0.278
0.009 0.753 0.238
0.077 0.560 0.363
0.006 0.764 0.230
0.003 0.712 0.286
0.067 0.716 0.217
0.008 0.764 0.228
0.008 0.687 0.305
0.004 0.869 0.127
0.092 0.578 0.329
0.004 0.581 0.415
0.152 0.439 0.409
0.050 0.490 0.460
0.005 0.614 0.382
0.093 0.687 0.220
0.124 0.500 0.376
0.037 0.585 0.378
0.007 0.514 0.479
0.008 0.646 0.346
0.010 0.566 0.424
0.015 0.520 0.466
0.020 0.682 0.298
0.081 0.474 0.446
0.014 0.582 0.404
0.078 0.520 0.402
0.004 0.704 0.293
0.009 0.562 0.429
0.009 0.499 0.491
0.008 0.529 0.463
0.014 0.677 0.308
0.002 0.716 0.282
0.020 0.603 0.377
0.033 0.742 0.225
0.009 0.638 0.353
0.008 0.690 0.302
0.019 0.628 0.353
0.070 0.689 0.242
0.004 0.773 0.223
0.022 0.683 0.295
0.018 0.602 0.380
0.078 0.557 0.365
0.008 0.543 0.449
0.026 0.512 0.463
0.071 0.704 0.226
0.077 0.619 0.303
0.010 0.634 0.356
0.009 0.713 0.278
0.070 0.867 0.063
0.055 0.540 0.404
0.107 0.688 0.206
0.016 0.614 0.370
0.004 0.657 0.340
0.044 0.728 0.228
0.003 0.728 0.269
0.076 0.707 0.217
0.003 0.653 0.345
0.137 0.709 0.154
0.008 0.860 0.132
0.013 0.742 0.245
0.011 0.876 0.113
0.012 0.717 0.272
0.025 0.645 0.330
0.034 0.739 0.227
0.014 0.844 0.143
0.117 0.684 0.198
0.050 0.685 0.265
0.027 0.717 0.255
0.025 0.734 0.241
0.008 0.729 0.264
0.032 0.826 0.142
0.017 0.817 0.166
0.015 0.636 0.349
0.029 0.529 0.442
0.015 0.473 0.512
0.001 0.577 0.421
0.008 0.642 0.350
0.017 0.643 0.340
0.105 0.562 0.333
0.005 0.784 0.211
0.003 0.669 0.329
0.004 0.668 0.328
0.008 0.691 0.301
0.013 0.451 0.536
0.001 0.561 0.438
0.015 0.769 0.216
0.015 0.570 0.415
0.010 0.685 0.305
0.056 0.574 0.370
0.009 0.575 0.416
0.005 0.556 0.439
0.033 0.700 0.267
0.005 0.717 0.278
0.003 0.664 0.332
0.009 0.777 0.214
0.012 0.615 0.372
0.008 0.644 0.349
0.014 0.700 0.286
0.023 0.675 0.302
0.035 0.749 0.216
0.044 0.539 0.417
0.031 0.700 0.270
0.030 0.723 0.248
0.061 0.616 0.323
0.077 0.608 0.315
0.008 0.809 0.183
0.009 0.866 0.125
0.006 0.515 0.480
0.011 0.706 0.283
0.003 0.779 0.219
0.005 0.727 0.267
0.006 0.683 0.311
0.007 0.712 0.281
0.005 0.613 0.382
0.008 0.661 0.332
0.005 0.832 0.163
0.010 0.647 0.344
0.029 0.762 0.209
0.013 0.577 0.410
0.004 0.699 0.296
0.079 0.764 0.156
0.009 0.669 0.322
0.041 0.585 0.374
0.003 0.860 0.137
0.008 0.766 0.226
0.020 0.673 0.307
0.012 0.678 0.310
0.014 0.623 0.363
0.039 0.649 0.312
0.004 0.729 0.267
0.012 0.591 0.396
0.010 0.858 0.131
0.022 0.661 0.317
0.026 0.639 0.335
0.005 0.562 0.433
0.009 0.589 0.402
0.049 0.772 0.179
0.007 0.660 0.333
0.002 0.629 0.369
0.013 0.597 0.390
0.009 0.715 0.276
0.008 0.783 0.209
0.015 0.665 0.320
0.010 0.630 0.360
0.004 0.814 0.183
0.027 0.762 0.211
0.015 0.703 0.282
0.050 0.714 0.236
0.007 0.678 0.315
0.010 0.665 0.325
0.084 0.698 0.218
0.010 0.730 0.260
0.005 0.665 0.330
0.018 0.650 0.332
0.064 0.733 0.203
0.005 0.607 0.387
0.007 0.649 0.344
0.091 0.622 0.288
0.048 0.589 0.363
0.004 0.706 0.289
0.020 0.592 0.388
0.014 0.692 0.294
0.004 0.804 0.192
0.008 0.620 0.372
0.003 0.758 0.239
0.005 0.681 0.314
0.032 0.708 0.260
0.014 0.574 0.411
0.082 0.563 0.355
0.006 0.571 0.424
0.009 0.680 0.311
0.002 0.646 0.352
0.028 0.593 0.379
0.036 0.651 0.313
0.014 0.711 0.274
0.008 0.709 0.283
0.004 0.449 0.547
0.015 0.613 0.371
0.009 0.655 0.336
0.013 0.556 0.431
0.022 0.739 0.239
0.021 0.619 0.360
0.037 0.554 0.409
0.004 0.630 0.366
0.006 0.513 0.481
0.002 0.542 0.455
0.051 0.736 0.214
0.081 0.765 0.155
0.016 0.549 0.435
0.002 0.711 0.287
0.004 0.549 0.447
0.010 0.625 0.365
0.016 0.626 0.357
0.055 0.722 0.223
0.011 0.782 0.207
0.018 0.687 0.295
0.015 0.679 0.306
0.003 0.701 0.296
0.008 0.771 0.220
0.017 0.668 0.315
0.008 0.677 0.316
0.002 0.678 0.320
0.003 0.835 0.162
0.024 0.788 0.189
0.021 0.715 0.264
0.011 0.590 0.398
0.006 0.767 0.227
0.062 0.574 0.365
0.037 0.774 0.190
0.011 0.602 0.387
0.004 0.984 0.012
0.010 0.987 0.003
0.002 0.972 0.026
0.001 0.993 0.005
0.003 0.996 0.001
0.002 0.985 0.013
0.017 0.977 0.006
0.003 0.990 0.007
0.005 0.993 0.002
0.002 0.991 0.007
0.003 0.991 0.006
0.006 0.982 0.012
0.004 0.993 0.003
0.005 0.987 0.008
0.002 0.993 0.005
0.006 0.992 0.002
0.014 0.984 0.002
0.002 0.995 0.003
0.002 0.992 0.006
0.009 0.984 0.008
0.005 0.989 0.006
0.006 0.984 0.011
0.009 0.988 0.004
0.004 0.990 0.006
0.020 0.968 0.011
0.002 0.989 0.008
0.008 0.987 0.005
0.011 0.982 0.007
0.002 0.994 0.004
0.003 0.989 0.008
0.006 0.991 0.004
0.002 0.988 0.011
0.010 0.978 0.012
0.010 0.985 0.005
0.006 0.993 0.001
0.006 0.986 0.007
0.010 0.987 0.004
0.003 0.992 0.005
0.006 0.984 0.010
0.002 0.994 0.004
0.011 0.986 0.003
0.004 0.988 0.008
0.007 0.990 0.004
0.016 0.982 0.002
0.002 0.979 0.020
0.002 0.996 0.003
0.002 0.992 0.005
0.025 0.972 0.003
0.003 0.995 0.002
0.003 0.996 0.002
0.011 0.982 0.007
0.013 0.974 0.013
0.001 0.997 0.002
0.005 0.994 0.001
0.007 0.980 0.013
0.003 0.976 0.020
0.002 0.995 0.003
0.003 0.994 0.003
0.008 0.986 0.006
0.002 0.995 0.002
0.004 0.994 0.002
0.006 0.988 0.006
0.004 0.987 0.009
0.007 0.983 0.010
0.008 0.989 0.003
0.004 0.991 0.004
0.005 0.988 0.008
0.012 0.986 0.002
0.004 0.986 0.010
0.005 0.993 0.002
0.004 0.993 0.003
0.005 0.988 0.007
0.007 0.991 0.002
0.004 0.979 0.017
0.002 0.995 0.002
0.010 0.984 0.006
0.004 0.993 0.004
0.004 0.991 0.005
0.003 0.995 0.002
0.004 0.988 0.008
0.002 0.993 0.005
0.003 0.995 0.002
0.003 0.994 0.004
0.007 0.989 0.004
0.005 0.992 0.003
0.026 0.971 0.003
0.003 0.976 0.021
0.008 0.986 0.007
0.011 0.978 0.011
0.014 0.983 0.004
0.004 0.988 0.007
0.003 0.994 0.003
0.015 0.978 0.007
0.003 0.992 0.006
0.006 0.967 0.027
0.016 0.982 0.002
0.008 0.989 0.003
0.041 0.954 0.005
0.006 0.993 0.001
0.995 0.004 0.001
0.974 0.019 0.007
0.969 0.026 0.005
0.977 0.013 0.009
0.997 0.001 0.001
0.996 0.003 0.001
0.997 0.003 0.001
0.996 0.002 0.002
0.994 0.004 0.002
0.987 0.010 0.003
0.995 0.002 0.003
0.987 0.007 0.006
0.995 0.004 0.001
0.996 0.002 0.001
0.996 0.003 0.001
0.984 0.009 0.008
0.997 0.002 0.002
0.972 0.010 0.019
0.975 0.021 0.004
0.014 0.015 0.971
0.022 0.018 0.960
0.006 0.015 0.978
0.008 0.006 0.986
0.008 0.005 0.988
0.004 0.120 0.876
0.003 0.011 0.987
0.003 0.002 0.996
0.005 0.003 0.992
0.005 0.020 0.975
0.006 0.006 0.988
0.004 0.012 0.984
0.002 0.015 0.983
0.007 0.014 0.979
0.010 0.012 0.979
0.004 0.003 0.993
0.016 0.032 0.952
0.007 0.003 0.990
0.021 0.025 0.954
0.012 0.009 0.979
0.003 0.006 0.991
0.003 0.002 0.995
0.002 0.006 0.991
0.004 0.007 0.990
0.003 0.196 0.801
0.045 0.030 0.924
0.041 0.024 0.935
0.012 0.012 0.976
0.004 0.011 0.985
0.012 0.029 0.958
0.003 0.015 0.982
0.005 0.013 0.982
0.006 0.010 0.984
0.152 0.016 0.832
0.004 0.003 0.993
0.003 0.004 0.993
0.004 0.003 0.993
0.005 0.003 0.992
0.010 0.019 0.971
0.005 0.012 0.983
0.005 0.032 0.963
0.003 0.009 0.989
0.005 0.023 0.972
0.001 0.002 0.997
0.001 0.002 0.997
0.004 0.007 0.989
0.012 0.004 0.983
0.008 0.012 0.980
0.005 0.005 0.990
0.004 0.006 0.990
0.021 0.107 0.871
0.004 0.010 0.987
0.008 0.012 0.979
0.008 0.006 0.986
0.002 0.004 0.994
0.003 0.005 0.991
0.133 0.023 0.844
0.004 0.009 0.987
0.004 0.065 0.931
0.017 0.009 0.975
0.002 0.003 0.995
0.004 0.013 0.984
0.051 0.010 0.939
0.020 0.013 0.966
0.004 0.006 0.989
0.001 0.004 0.995
0.005 0.006 0.989
0.007 0.005 0.988
0.004 0.004 0.992
0.009 0.220 0.771
0.013 0.017 0.970
0.046 0.033 0.921
0.002 0.005 0.992
0.006 0.022 0.972
0.014 0.090 0.896
0.006 0.007 0.987
0.004 0.008 0.988
0.022 0.034 0.944
0.004 0.025 0.971
0.012 0.002 0.986
0.023 0.031 0.946
0.026 0.010 0.964
0.006 0.016 0.978
0.010 0.012 0.979
0.014 0.015 0.971
0.010 0.004 0.986
0.017 0.009 0.974
0.002 0.002 0.996
0.012 0.030 0.957
0.007 0.016 0.977
0.026 0.032 0.942
0.022 0.035 0.943
0.004 0.002 0.994
0.007 0.020 0.973
0.003 0.005 0.991
0.005 0.014 0.981
0.003 0.004 0.993
0.003 0.004 0.992
0.002 0.004 0.994
0.006 0.019 0.975
0.004 0.005 0.991
0.003 0.013 0.984
0.002 0.003 0.995
0.970 0.019 0.010
0.989 0.009 0.002
0.991 0.005 0.004
0.993 0.003 0.003
0.996 0.002 0.002
0.991 0.006 0.003
0.994 0.003 0.003
0.993 0.005 0.002
0.994 0.004 0.002
0.994 0.002 0.003
0.989 0.006 0.005
0.992 0.004 0.004
0.997 0.002 0.001
0.974 0.003 0.023
0.992 0.005 0.003
0.994 0.004 0.002
0.994 0.004 0.002
0.996 0.002 0.002
0.996 0.002 0.002
0.986 0.009 0.005
0.989 0.006 0.005
0.998 0.002 0.001
0.998 0.001 0.001
0.998 0.001 0.001
0.991 0.007 0.003
0.996 0.003 0.001
0.992 0.006 0.002
0.997 0.001 0.002
0.991 0.006 0.002
0.009 0.019 0.971
0.004 0.119 0.876
0.010 0.021 0.969
0.005 0.009 0.986
0.005 0.181 0.814
0.024 0.017 0.959
0.004 0.006 0.990
0.010 0.016 0.974
0.116 0.005 0.879
0.009 0.018 0.972
0.005 0.004 0.991
0.011 0.196 0.793
0.009 0.005 0.986
0.006 0.089 0.905
0.004 0.007 0.989
0.005 0.007 0.989
0.008 0.025 0.966
0.029 0.022 0.950
0.003 0.022 0.975
0.005 0.011 0.984
0.006 0.028 0.966
0.004 0.003 0.993
0.004 0.006 0.990
0.001 0.008 0.991
0.195 0.007 0.798
0.003 0.005 0.992
0.005 0.244 0.751
0.008 0.090 0.902
0.003 0.005 0.992
0.003 0.002 0.995
0.014 0.016 0.971
0.029 0.204 0.768
0.001 0.003 0.996
0.009 0.009 0.983
0.011 0.035 0.954
0.004 0.007 0.989
0.012 0.016 0.973
0.038 0.013 0.949
0.010 0.015 0.975
0.004 0.156 0.840
0.026 0.018 0.956
0.034 0.017 0.949
0.007 0.018 0.975
0.005 0.010 0.985
0.007 0.018 0.975
0.040 0.025 0.934
0.004 0.013 0.983
0.002 0.004 0.994
0.004 0.069 0.926
0.043 0.013 0.944
0.021 0.021 0.959
0.004 0.016 0.980
0.012 0.027 0.961
0.012 0.018 0.969
0.016 0.060 0.923
0.005 0.017 0.978
0.001 0.029 0.970
0.003 0.008 0.989
0.003 0.005 0.992
0.010 0.004 0.986
0.011 0.013 0.976
0.002 0.030 0.968
0.003 0.029 0.968
0.005 0.011 0.984
0.005 0.050 0.945
0.004 0.009 0.987
0.011 0.006 0.983
0.001 0.025 0.974
0.020 0.007 0.973
0.002 0.004 0.994
0.994 0.003 0.003
0.993 0.005 0.002
0.941 0.048 0.011
0.995 0.003 0.002
0.994 0.002 0.004
0.973 0.018 0.010
0.866 0.131 0.004
0.923 0.067 0.009
0.932 0.038 0.030
0.989 0.007 0.004
0.870 0.117 0.012
0.976 0.020 0.004
0.983 0.012 0.005
0.981 0.008 0.011
0.974 0.009 0.016
0.993 0.005 0.002
0.842 0.152 0.006
0.965 0.032 0.003
0.002 0.012 0.986
0.006 0.004 0.990
0.009 0.005 0.986
0.009 0.028 0.963
0.004 0.006 0.990
0.006 0.007 0.987
0.010 0.033 0.956
0.004 0.002 0.994
0.002 0.004 0.994
0.004 0.021 0.975
0.034 0.015 0.951
0.004 0.011 0.985
0.005 0.005 0.989
0.009 0.051 0.940
0.036 0.018 0.946
0.005 0.030 0.965
0.005 0.036 0.959
0.011 0.009 0.980
0.005 0.007 0.989
0.011 0.020 0.969
0.009 0.005 0.986
0.018 0.011 0.971
0.004 0.059 0.937
0.008 0.008 0.985
0.004 0.034 0.963
0.010 0.008 0.982
0.008 0.021 0.971
0.006 0.042 0.952
0.004 0.011 0.985
0.009 0.037 0.954
0.016 0.009 0.975
0.018 0.011 0.971
0.010 0.034 0.957
0.004 0.010 0.986
0.993 0.005 0.002
0.988 0.008 0.004
0.992 0.005 0.003
0.996 0.002 0.002
0.998 0.001 0.001
0.996 0.003 0.001
0.994 0.004 0.002
0.992 0.006 0.002
0.996 0.002 0.002
0.996 0.001 0.003
0.998 0.002 0.001
0.996 0.003 0.001
0.997 0.002 0.001
0.982 0.013 0.005
0.997 0.002 0.001
0.995 0.003 0.002
0.996 0.002 0.002
0.994 0.003 0.003
0.981 0.011 0.007
0.993 0.006 0.001
0.996 0.003 0.001
0.984 0.011 0.005
0.989 0.008 0.003
0.984 0.012 0.005
0.993 0.004 0.003
0.992 0.004 0.003
0.997 0.002 0.001
0.992 0.005 0.003
0.997 0.002 0.001
0.997 0.002 0.001
0.996 0.002 0.001
0.986 0.009 0.005
0.996 0.003 0.001
0.993 0.004 0.003
0.985 0.010 0.005
0.985 0.009 0.006
0.986 0.005 0.009
0.986 0.011 0.002
0.993 0.005 0.002
0.995 0.003 0.002
0.953 0.034 0.013
0.997 0.002 0.001
0.986 0.008 0.007
0.997 0.001 0.002
0.994 0.004 0.002
0.979 0.016 0.005
0.982 0.010 0.008
0.996 0.002 0.002
0.995 0.003 0.003
0.996 0.003 0.002
0.996 0.003 0.001
0.994 0.004 0.001
0.994 0.004 0.002
0.995 0.002 0.003
0.994 0.003 0.003
0.989 0.006 0.005
0.911 0.085 0.004
0.998 0.001 0.001
0.994 0.004 0.002
0.997 0.002 0.001
0.869 0.120 0.012
0.996 0.001 0.002
0.967 0.013 0.021
0.940 0.036 0.024
0.982 0.015 0.003
0.975 0.018 0.007
0.913 0.079 0.007
0.967 0.019 0.014
0.993 0.002 0.005
0.992 0.005 0.003
0.941 0.032 0.026
0.996 0.003 0.001
0.991 0.005 0.004
0.970 0.024 0.006
0.985 0.010 0.005
0.939 0.023 0.038
0.994 0.004 0.003
0.963 0.030 0.007
0.951 0.036 0.013
0.934 0.043 0.023
0.997 0.002 0.001
0.963 0.025 0.012
0.991 0.006 0.003
0.986 0.008 0.005
0.994 0.004 0.003
0.930 0.062 0.007
0.929 0.027 0.044
0.996 0.002 0.001
0.961 0.032 0.006
0.902 0.082 0.017
0.961 0.008 0.031
0.894 0.098 0.008
0.993 0.005 0.003
0.989 0.008 0.002
0.983 0.010 0.007
0.981 0.013 0.006
0.930 0.066 0.004
0.990 0.007 0.003
