0.990 0.005 0.005
0.968 0.007 0.025
0.992 0.004 0.004
0.980 0.006 0.014
0.942 0.005 0.053
0.969 0.018 0.014
0.989 0.003 0.008
0.991 0.006 0.003
0.990 0.004 0.005
0.982 0.006 0.012
0.978 0.011 0.011
0.987 0.006 0.007
0.967 0.012 0.021
0.988 0.004 0.008
0.963 0.008 0.029
0.994 0.002 0.004
0.970 0.014 0.016
0.992 0.003 0.005
0.992 0.002 0.006
0.971 0.023 0.006
0.970 0.022 0.007
0.978 0.005 0.017
0.993 0.003 0.004
0.970 0.011 0.019
0.993 0.004 0.003
0.995 0.002 0.003
0.994 0.003 0.002
0.955 0.007 0.038
0.979 0.007 0.014
0.960 0.030 0.010
0.992 0.005 0.002
0.973 0.006 0.021
0.963 0.025 0.012
0.984 0.007 0.009
0.980 0.004 0.016
0.960 0.019 0.021
0.992 0.003 0.005
0.983 0.011 0.006
0.993 0.003 0.004
0.996 0.001 0.003
0.948 0.032 0.019
0.892 0.007 0.101
0.908 0.054 0.037
0.904 0.071 0.025
0.989 0.003 0.008
0.985 0.003 0.012
0.982 0.011 0.007
0.905 0.088 0.007
0.991 0.003 0.006
0.993 0.005 0.002
0.969 0.002 0.028
0.994 0.003 0.003
0.979 0.010 0.011
0.976 0.007 0.016
0.993 0.003 0.005
0.989 0.005 0.006
0.984 0.003 0.013
0.993 0.003 0.003
0.989 0.005 0.005
0.915 0.045 0.040
0.915 0.058 0.027
0.990 0.003 0.006
0.950 0.032 0.018
0.983 0.015 0.003
0.991 0.004 0.005
0.892 0.029 0.078
0.988 0.003 0.009
0.987 0.002 0.011
0.991 0.004 0.005
0.986 0.011 0.003
0.979 0.003 0.018
0.986 0.002 0.011
0.985 0.008 0.007
0.920 0.012 0.068
0.987 0.004 0.009
0.941 0.012 0.047
0.985 0.010 0.005
0.984 0.005 0.011
0.940 0.031 0.029
0.950 0.005 0.045
0.992 0.004 0.004
0.949 0.003 0.048
0.986 0.006 0.008
0.966 0.009 0.025
0.995 0.003 0.002
0.974 0.014 0.013
0.993 0.003 0.004
0.972 0.010 0.019
0.992 0.003 0.005
0.989 0.005 0.005
0.929 0.013 0.057
0.984 0.007 0.009
0.989 0.007 0.004
0.981 0.006 0.013
0.976 0.019 0.005
0.980 0.002 0.017
0.008 0.003 0.988
0.002 0.005 0.993
0.002 0.007 0.991
0.011 0.004 0.985
0.003 0.003 0.994
0.001 0.005 0.994
0.003 0.003 0.994
0.005 0.006 0.989
0.002 0.002 0.996
0.002 0.005 0.993
0.012 0.012 0.976
0.004 0.006 0.990
0.003 0.019 0.978
0.004 0.002 0.994
0.002 0.003 0.995
0.001 0.035 0.963
0.006 0.002 0.992
0.004 0.003 0.993
0.003 0.009 0.989
0.004 0.004 0.993
0.008 0.006 0.985
0.002 0.005 0.993
0.007 0.024 0.969
0.003 0.004 0.993
0.004 0.006 0.990
0.001 0.003 0.996
0.003 0.004 0.993
0.004 0.002 0.994
0.003 0.005 0.992
0.004 0.001 0.994
0.003 0.003 0.994
0.009 0.002 0.989
0.004 0.004 0.992
0.006 0.006 0.989
0.007 0.007 0.987
0.008 0.007 0.986
0.003 0.003 0.994
0.005 0.028 0.966
0.011 0.025 0.964
0.006 0.003 0.990
0.005 0.002 0.993
0.001 0.008 0.991
0.001 0.005 0.994
0.002 0.013 0.985
0.009 0.005 0.986
0.003 0.002 0.995
0.004 0.010 0.986
0.003 0.004 0.993
0.006 0.011 0.983
0.001 0.002 0.997
0.003 0.009 0.988
0.001 0.005 0.993
0.013 0.008 0.979
0.009 0.011 0.980
0.003 0.002 0.995
0.008 0.008 0.984
0.069 0.004 0.927
0.019 0.005 0.976
0.006 0.002 0.992
0.004 0.003 0.994
0.008 0.012 0.980
0.019 0.004 0.976
0.005 0.004 0.991
0.006 0.013 0.980
0.015 0.010 0.976
0.007 0.004 0.989
0.018 0.017 0.965
0.020 0.002 0.978
0.009 0.013 0.978
0.034 0.012 0.954
0.004 0.002 0.994
0.005 0.005 0.989
0.003 0.002 0.994
0.004 0.002 0.994
0.005 0.002 0.993
0.010 0.005 0.985
0.006 0.009 0.984
0.002 0.005 0.994
0.003 0.010 0.987
0.004 0.005 0.990
0.002 0.024 0.974
0.002 0.002 0.996
0.005 0.004 0.992
0.004 0.002 0.994
0.002 0.003 0.995
0.010 0.006 0.984
0.012 0.002 0.986
0.012 0.005 0.983
0.003 0.007 0.989
0.003 0.001 0.996
0.002 0.010 0.988
0.002 0.002 0.996
0.004 0.003 0.993
0.006 0.002 0.992
0.002 0.002 0.996
0.005 0.005 0.991
0.007 0.004 0.989
0.016 0.007 0.977
0.002 0.002 0.996
0.002 0.007 0.991
0.005 0.007 0.988
0.003 0.005 0.992
0.006 0.004 0.990
0.178 0.006 0.816
0.084 0.004 0.912
0.002 0.003 0.995
0.005 0.012 0.983
0.036 0.003 0.961
0.084 0.007 0.909
0.119 0.004 0.876
0.043 0.008 0.949
0.029 0.006 0.965
0.065 0.010 0.925
0.005 0.002 0.993
0.025 0.003 0.972
0.127 0.008 0.866
0.016 0.007 0.977
0.027 0.005 0.968
0.009 0.005 0.987
0.008 0.007 0.985
0.026 0.003 0.970
0.014 0.002 0.984
0.033 0.024 0.942
0.003 0.005 0.992
0.005 0.008 0.987
0.006 0.008 0.986
0.042 0.002 0.956
0.004 0.004 0.992
0.003 0.002 0.995
0.227 0.003 0.770
0.002 0.004 0.995
0.029 0.002 0.969
0.216 0.003 0.781
0.126 0.007 0.867
0.011 0.005 0.985
0.010 0.011 0.979
0.008 0.007 0.985
0.090 0.005 0.904
0.010 0.007 0.983
0.005 0.002 0.993
0.147 0.004 0.849
0.015 0.004 0.981
0.041 0.003 0.956
0.010 0.003 0.986
0.005 0.014 0.981
0.024 0.006 0.971
0.005 0.005 0.990
0.063 0.005 0.933
0.010 0.043 0.946
0.003 0.004 0.993
0.024 0.003 0.973
0.063 0.002 0.935
0.008 0.006 0.986
0.044 0.005 0.951
0.005 0.004 0.991
0.009 0.005 0.986
0.012 0.001 0.986
0.003 0.002 0.996
0.154 0.006 0.840
0.020 0.015 0.965
0.010 0.005 0.985
0.006 0.012 0.982
0.009 0.004 0.988
0.013 0.022 0.964
0.055 0.029 0.916
0.047 0.007 0.946
0.046 0.008 0.946
0.022 0.004 0.975
0.012 0.005 0.984
0.015 0.049 0.936
0.009 0.002 0.990
0.065 0.002 0.933
0.002 0.004 0.994
0.010 0.004 0.986
0.113 0.002 0.886
0.015 0.003 0.982
0.012 0.004 0.984
0.006 0.003 0.990
0.034 0.010 0.956
0.010 0.033 0.958
0.130 0.011 0.859
0.005 0.001 0.994
0.019 0.002 0.979
0.009 0.007 0.984
0.002 0.005 0.992
0.987 0.010 0.003
0.994 0.003 0.003
0.974 0.005 0.021
0.976 0.006 0.018
0.987 0.010 0.002
0.982 0.009 0.009
0.978 0.009 0.013
0.996 0.003 0.001
0.985 0.004 0.011
0.990 0.007 0.003
0.985 0.003 0.012
0.974 0.005 0.021
0.989 0.002 0.009
0.994 0.003 0.003
0.993 0.003 0.004
0.994 0.004 0.003
0.983 0.011 0.005
0.991 0.002 0.006
0.983 0.009 0.009
0.994 0.002 0.004
0.982 0.011 0.007
0.983 0.004 0.012
0.964 0.030 0.006
0.983 0.004 0.013
0.981 0.011 0.008
0.983 0.006 0.011
0.971 0.006 0.023
0.981 0.006 0.013
0.976 0.020 0.004
0.983 0.009 0.008
0.996 0.002 0.002
0.911 0.003 0.086
0.979 0.017 0.003
0.991 0.004 0.005
0.924 0.041 0.035
0.987 0.005 0.008
0.982 0.002 0.017
0.944 0.005 0.051
0.980 0.012 0.008
0.987 0.006 0.007
0.994 0.003 0.004
0.989 0.003 0.008
0.004 0.021 0.975
0.025 0.348 0.626
0.004 0.005 0.991
0.960 0.022 0.018
0.995 0.003 0.002
0.988 0.005 0.007
0.993 0.004 0.003
0.984 0.004 0.012
0.997 0.001 0.001
0.994 0.002 0.004
0.972 0.009 0.018
0.989 0.003 0.009
0.994 0.002 0.003
0.985 0.002 0.013
0.979 0.010 0.011
0.994 0.002 0.005
0.989 0.005 0.006
0.997 0.001 0.002
0.992 0.002 0.006
0.994 0.002 0.004
0.994 0.002 0.004
0.995 0.002 0.002
0.993 0.002 0.005
0.973 0.014 0.013
0.983 0.006 0.011
0.990 0.003 0.008
0.987 0.010 0.004
0.992 0.004 0.004
0.990 0.003 0.007
0.975 0.005 0.020
0.992 0.005 0.003
0.970 0.019 0.011
0.994 0.002 0.004
0.987 0.006 0.007
0.986 0.003 0.011
0.978 0.007 0.015
0.993 0.003 0.004
0.982 0.006 0.012
0.013 0.150 0.838
0.221 0.028 0.751
0.038 0.012 0.950
0.100 0.028 0.872
0.987 0.002 0.011
0.971 0.008 0.021
0.989 0.004 0.007
0.983 0.006 0.011
0.996 0.002 0.002
0.958 0.025 0.017
0.996 0.003 0.002
0.991 0.003 0.006
0.991 0.002 0.007
0.985 0.003 0.012
0.983 0.007 0.010
0.990 0.006 0.004
0.991 0.004 0.005
0.988 0.005 0.008
0.989 0.005 0.006
0.956 0.024 0.020
0.989 0.005 0.006
0.993 0.004 0.003
0.986 0.004 0.009
0.954 0.029 0.017
0.993 0.003 0.004
0.991 0.004 0.006
0.981 0.009 0.010
0.990 0.005 0.005
0.980 0.011 0.009
0.987 0.005 0.008
0.992 0.003 0.004
0.996 0.001 0.003
0.030 0.044 0.925
0.056 0.006 0.938
0.017 0.117 0.866
0.023 0.005 0.972
0.004 0.039 0.957
0.004 0.007 0.989
0.069 0.036 0.895
0.035 0.035 0.930
0.042 0.006 0.952
0.989 0.004 0.007
0.927 0.024 0.049
0.992 0.003 0.005
0.992 0.003 0.006
0.990 0.008 0.002
0.894 0.089 0.017
0.995 0.003 0.003
0.994 0.003 0.003
0.982 0.013 0.006
0.983 0.010 0.008
0.996 0.002 0.002
0.994 0.002 0.004
0.987 0.005 0.008
0.991 0.003 0.006
0.972 0.007 0.022
0.002 0.011 0.987
0.243 0.020 0.737
0.008 0.423 0.570
0.007 0.076 0.917
0.011 0.153 0.836
0.059 0.013 0.928
0.007 0.207 0.786
0.157 0.006 0.837
0.012 0.015 0.973
0.007 0.014 0.978
0.002 0.217 0.781
0.139 0.006 0.855
0.157 0.024 0.819
0.003 0.012 0.985
0.008 0.068 0.924
0.180 0.004 0.816
0.041 0.006 0.953
0.270 0.034 0.697
0.016 0.009 0.975
0.008 0.010 0.982
0.003 0.004 0.993
0.159 0.016 0.825
0.403 0.005 0.592
0.003 0.201 0.796
0.014 0.008 0.977
0.118 0.019 0.863
0.007 0.094 0.899
0.004 0.010 0.987
0.003 0.085 0.912
0.082 0.010 0.908
0.008 0.127 0.865
0.068 0.019 0.913
0.019 0.102 0.878
0.004 0.287 0.708
0.005 0.640 0.356
0.003 0.006 0.991
0.010 0.013 0.977
0.004 0.041 0.955
0.008 0.717 0.275
0.241 0.008 0.752
0.163 0.004 0.833
0.004 0.002 0.994
0.162 0.069 0.769
0.228 0.012 0.761
0.274 0.009 0.717
0.151 0.125 0.725
0.010 0.010 0.980
0.044 0.016 0.941
0.039 0.006 0.955
0.008 0.211 0.781
0.341 0.003 0.656
0.006 0.005 0.989
0.180 0.382 0.438
0.213 0.052 0.734
0.030 0.031 0.939
0.225 0.003 0.772
0.039 0.143 0.818
0.004 0.003 0.993
0.161 0.132 0.707
0.128 0.013 0.859
0.025 0.024 0.951
0.069 0.008 0.923
0.003 0.196 0.800
0.041 0.012 0.948
0.131 0.145 0.723
0.211 0.011 0.778
0.003 0.024 0.973
0.005 0.067 0.928
0.062 0.026 0.912
0.004 0.023 0.973
0.010 0.060 0.929
0.005 0.037 0.959
0.321 0.008 0.671
0.005 0.255 0.741
0.001 0.117 0.881
0.483 0.024 0.494
0.157 0.021 0.822
0.012 0.184 0.804
0.023 0.008 0.969
0.054 0.016 0.930
0.005 0.005 0.989
0.005 0.457 0.537
0.002 0.863 0.135
0.007 0.334 0.659
0.010 0.015 0.975
0.100 0.003 0.897
0.155 0.001 0.844
0.005 0.003 0.992
0.116 0.031 0.853
0.089 0.039 0.872
0.018 0.077 0.905
0.003 0.003 0.994
0.433 0.122 0.445
0.053 0.006 0.941
0.063 0.003 0.934
0.228 0.342 0.430
0.011 0.004 0.985
0.083 0.132 0.785
0.007 0.027 0.966
0.018 0.007 0.975
0.017 0.006 0.977
0.009 0.374 0.617
0.006 0.055 0.939
0.001 0.064 0.935
0.021 0.320 0.658
0.007 0.270 0.723
0.017 0.012 0.971
0.025 0.006 0.969
0.043 0.028 0.929
0.005 0.202 0.794
0.003 0.082 0.915
0.005 0.002 0.993
0.595 0.003 0.402
0.218 0.307 0.474
0.071 0.003 0.925
0.237 0.003 0.760
0.440 0.007 0.554
0.141 0.019 0.840
0.082 0.010 0.908
0.250 0.008 0.742
0.211 0.006 0.782
0.213 0.087 0.700
0.163 0.004 0.833
0.004 0.042 0.954
0.246 0.001 0.753
0.196 0.002 0.802
0.283 0.233 0.484
0.348 0.020 0.631
0.057 0.091 0.852
0.552 0.006 0.442
0.208 0.078 0.714
0.278 0.005 0.718
0.279 0.116 0.605
0.278 0.008 0.713
0.020 0.003 0.977
0.130 0.007 0.862
0.035 0.057 0.908
0.002 0.007 0.991
0.025 0.458 0.517
0.003 0.383 0.614
0.017 0.056 0.927
0.119 0.002 0.879
0.023 0.226 0.751
0.039 0.007 0.954
0.092 0.258 0.650
0.184 0.217 0.599
0.020 0.032 0.948
0.005 0.066 0.928
0.283 0.046 0.671
0.244 0.176 0.581
0.003 0.163 0.834
0.095 0.002 0.903
0.281 0.022 0.697
0.006 0.016 0.978
0.005 0.009 0.985
0.007 0.127 0.866
0.362 0.007 0.631
0.422 0.002 0.576
0.085 0.288 0.626
0.009 0.079 0.913
0.063 0.015 0.922
0.272 0.004 0.724
0.204 0.020 0.776
0.425 0.059 0.516
0.342 0.108 0.550
0.086 0.319 0.595
0.073 0.008 0.919
0.018 0.003 0.979
0.008 0.008 0.985
0.029 0.163 0.809
0.062 0.435 0.503
0.012 0.009 0.978
0.129 0.109 0.761
0.004 0.007 0.989
0.136 0.013 0.852
0.007 0.006 0.988
0.121 0.489 0.390
0.109 0.171 0.720
0.032 0.009 0.959
0.009 0.019 0.971
0.030 0.008 0.962
0.007 0.002 0.991
0.005 0.008 0.987
0.002 0.003 0.995
0.003 0.006 0.991
0.003 0.004 0.994
0.003 0.002 0.995
0.002 0.002 0.996
0.002 0.008 0.989
0.003 0.002 0.995
0.003 0.003 0.994
0.001 0.002 0.997
0.002 0.001 0.997
0.003 0.002 0.995
0.022 0.008 0.970
0.002 0.015 0.983
0.006 0.009 0.985
0.002 0.002 0.997
0.002 0.013 0.986
0.002 0.002 0.996
0.004 0.016 0.980
0.004 0.003 0.993
0.013 0.018 0.970
0.001 0.002 0.996
0.155 0.011 0.834
0.013 0.412 0.576
0.010 0.354 0.636
0.506 0.014 0.480
0.065 0.010 0.925
0.287 0.006 0.707
0.416 0.004 0.580
0.271 0.007 0.722
0.440 0.003 0.557
0.205 0.017 0.779
0.106 0.021 0.873
0.319 0.026 0.655
0.035 0.007 0.958
0.924 0.028 0.048
0.994 0.003 0.003
0.986 0.009 0.005
0.990 0.007 0.003
0.980 0.009 0.011
0.994 0.003 0.003
0.002 0.015 0.983
0.002 0.029 0.969
0.003 0.019 0.978
0.002 0.003 0.995
0.003 0.009 0.989
0.002 0.008 0.990
0.002 0.004 0.993
0.002 0.006 0.992
0.001 0.012 0.987
0.007 0.073 0.920
0.005 0.004 0.991
0.002 0.003 0.995
0.001 0.002 0.997
0.004 0.003 0.993
0.002 0.006 0.992
0.005 0.010 0.985
0.002 0.002 0.996
0.020 0.008 0.971
0.009 0.191 0.800
0.004 0.023 0.974
0.002 0.004 0.995
0.003 0.005 0.992
0.002 0.010 0.988
0.010 0.008 0.981
0.004 0.026 0.971
0.003 0.005 0.992
0.041 0.003 0.955
0.002 0.002 0.996
0.002 0.002 0.996
0.004 0.003 0.993
0.002 0.002 0.996
0.008 0.012 0.980
0.007 0.039 0.954
0.002 0.002 0.995
0.002 0.009 0.989
0.009 0.021 0.970
0.006 0.010 0.984
0.003 0.093 0.904
0.004 0.003 0.993
0.001 0.015 0.984
0.003 0.002 0.995
0.004 0.005 0.991
0.005 0.012 0.983
0.005 0.001 0.994
0.003 0.007 0.990
0.003 0.008 0.989
0.011 0.048 0.940
0.033 0.023 0.944
0.003 0.010 0.986
0.005 0.030 0.965
0.006 0.003 0.991
0.005 0.002 0.993
0.005 0.004 0.991
0.005 0.002 0.993
0.003 0.005 0.992
0.005 0.026 0.968
0.006 0.008 0.986
0.004 0.004 0.993
0.005 0.008 0.987
0.004 0.005 0.991
0.005 0.006 0.990
0.007 0.004 0.988
0.005 0.011 0.985
0.005 0.002 0.993
0.005 0.006 0.989
0.005 0.008 0.988
0.003 0.019 0.978
0.003 0.009 0.988
0.017 0.004 0.979
0.002 0.079 0.920
0.003 0.002 0.996
0.002 0.005 0.993
0.004 0.004 0.991
0.979 0.007 0.014
0.989 0.005 0.006
0.978 0.015 0.007
0.969 0.025 0.006
0.966 0.006 0.028
0.993 0.003 0.004
0.996 0.001 0.002
0.987 0.005 0.008
0.971 0.012 0.016
0.996 0.002 0.002
0.986 0.002 0.011
0.978 0.007 0.015
0.992 0.002 0.005
0.954 0.031 0.015
0.984 0.012 0.004
0.902 0.093 0.005
0.991 0.004 0.005
0.970 0.003 0.027
0.997 0.002 0.001
0.987 0.006 0.006
0.997 0.001 0.002
0.972 0.017 0.011
0.989 0.003 0.008
0.992 0.005 0.003
0.981 0.003 0.016
0.958 0.008 0.034
0.985 0.008 0.007
0.992 0.002 0.005
0.955 0.040 0.006
0.987 0.005 0.008
0.980 0.012 0.007
0.980 0.001 0.018
0.977 0.002 0.022
0.985 0.006 0.009
0.927 0.004 0.069
0.992 0.003 0.004
0.969 0.014 0.016
0.973 0.016 0.011
0.983 0.009 0.008
0.984 0.004 0.012
0.984 0.005 0.012
0.994 0.002 0.004
0.985 0.002 0.013
0.985 0.012 0.003
0.989 0.003 0.008
0.979 0.012 0.009
0.991 0.005 0.004
0.966 0.020 0.014
0.984 0.007 0.009
0.987 0.006 0.007
0.981 0.014 0.005
0.993 0.004 0.003
0.968 0.017 0.015
0.995 0.002 0.003
0.990 0.004 0.006
0.972 0.008 0.020
0.006 0.804 0.190
0.114 0.557 0.330
0.019 0.889 0.093
0.009 0.489 0.502
0.001 0.863 0.136
0.003 0.546 0.451
0.007 0.982 0.011
0.003 0.993 0.003
0.496 0.009 0.495
0.640 0.004 0.356
0.019 0.801 0.181
0.003 0.989 0.008
0.018 0.855 0.127
0.033 0.696 0.271
0.004 0.989 0.007
0.514 0.003 0.484
0.347 0.002 0.651
0.732 0.009 0.259
0.601 0.010 0.390
0.673 0.004 0.323
0.377 0.227 0.396
0.738 0.047 0.215
0.554 0.002 0.443
0.522 0.004 0.474
0.399 0.181 0.421
0.453 0.002 0.545
0.631 0.002 0.366
0.640 0.002 0.358
0.309 0.016 0.676
0.592 0.002 0.406
0.456 0.128 0.417
0.898 0.027 0.075
0.579 0.016 0.404
0.402 0.179 0.418
0.654 0.005 0.341
0.704 0.011 0.286
0.641 0.002 0.357
0.563 0.012 0.425
0.637 0.002 0.361
0.001 0.997 0.002
0.001 0.997 0.002
0.667 0.006 0.327
0.245 0.458 0.297
0.287 0.024 0.689
0.718 0.005 0.277
0.502 0.012 0.486
0.253 0.243 0.504
0.572 0.004 0.424
0.624 0.002 0.374
0.493 0.002 0.505
0.461 0.010 0.528
0.405 0.002 0.593
0.334 0.004 0.663
0.700 0.004 0.296
0.010 0.864 0.127
0.007 0.854 0.139
0.005 0.327 0.667
0.146 0.543 0.311
0.108 0.843 0.049
0.514 0.004 0.482
0.707 0.002 0.291
0.592 0.004 0.404
0.573 0.001 0.426
0.743 0.017 0.241
0.323 0.283 0.394
0.677 0.009 0.315
0.012 0.965 0.023
0.003 0.645 0.352
0.002 0.995 0.003
0.004 0.988 0.007
0.002 0.991 0.006
0.976 0.016 0.008
0.993 0.003 0.004
0.988 0.002 0.010
0.946 0.038 0.016
0.974 0.007 0.019
0.995 0.002 0.003
0.893 0.008 0.099
0.971 0.020 0.009
0.951 0.005 0.044
0.983 0.005 0.012
0.989 0.005 0.006
0.992 0.003 0.005
0.989 0.004 0.007
0.967 0.005 0.028
0.977 0.008 0.015
0.990 0.004 0.005
0.967 0.030 0.004
0.012 0.649 0.338
0.008 0.913 0.079
0.001 0.996 0.003
0.003 0.942 0.055
0.935 0.034 0.031
0.940 0.035 0.025
0.925 0.008 0.067
0.881 0.007 0.112
0.957 0.014 0.029
0.970 0.012 0.018
0.913 0.076 0.011
0.951 0.045 0.004
0.759 0.008 0.233
0.986 0.006 0.008
0.985 0.006 0.009
0.981 0.003 0.016
0.981 0.010 0.009
0.987 0.008 0.005
0.966 0.013 0.021
0.976 0.005 0.019
0.986 0.008 0.006
0.977 0.014 0.009
0.962 0.007 0.031
0.990 0.006 0.004
0.969 0.012 0.018
0.534 0.018 0.447
0.508 0.001 0.491
0.001 0.996 0.003
0.705 0.043 0.252
0.598 0.002 0.400
0.723 0.010 0.267
0.038 0.928 0.034
0.002 0.993 0.006
0.003 0.987 0.010
0.955 0.013 0.032
0.995 0.001 0.003
0.996 0.003 0.002
0.964 0.012 0.024
0.993 0.003 0.005
0.990 0.006 0.004
0.990 0.004 0.005
0.882 0.053 0.066
0.944 0.028 0.027
0.912 0.043 0.045
0.971 0.020 0.009
0.986 0.004 0.010
0.939 0.012 0.050
0.996 0.003 0.002
0.976 0.012 0.012
0.980 0.009 0.011
0.989 0.006 0.005
0.134 0.848 0.019
0.006 0.835 0.159
0.418 0.009 0.572
0.612 0.005 0.383
0.699 0.006 0.295
0.954 0.008 0.038
0.984 0.009 0.007
0.991 0.004 0.004
0.997 0.001 0.001
0.989 0.003 0.008
0.986 0.007 0.007
0.992 0.003 0.005
0.985 0.004 0.012
0.987 0.003 0.011
0.993 0.003 0.004
0.962 0.008 0.030
0.993 0.003 0.004
0.967 0.011 0.022
0.996 0.002 0.002
0.997 0.001 0.002
0.996 0.001 0.003
0.957 0.006 0.037
0.994 0.001 0.005
0.968 0.023 0.009
0.993 0.004 0.003
0.002 0.002 0.996
0.002 0.012 0.986
0.002 0.005 0.993
0.003 0.014 0.982
0.005 0.003 0.992
0.002 0.002 0.996
0.002 0.014 0.984
0.012 0.008 0.979
0.002 0.008 0.990
0.002 0.006 0.992
0.003 0.002 0.996
0.013 0.022 0.965
0.001 0.004 0.994
0.003 0.043 0.955
0.934 0.053 0.013
0.232 0.001 0.767
0.246 0.002 0.752
0.002 0.997 0.001
0.003 0.564 0.433
0.797 0.005 0.198
0.388 0.003 0.609
0.606 0.008 0.386
0.475 0.006 0.519
0.547 0.013 0.441
0.590 0.002 0.408
0.744 0.005 0.251
0.505 0.226 0.269
0.743 0.006 0.251
0.584 0.004 0.412
0.711 0.002 0.287
0.002 0.738 0.260
0.004 0.918 0.078
0.012 0.834 0.155
0.004 0.833 0.163
0.627 0.006 0.367
0.518 0.014 0.468
0.685 0.008 0.308
0.559 0.004 0.437
0.349 0.006 0.645
0.509 0.003 0.487
0.668 0.009 0.323
0.371 0.038 0.591
0.153 0.830 0.017
0.002 0.991 0.006
0.003 0.992 0.004
0.444 0.004 0.552
0.003 0.884 0.113
0.002 0.996 0.002
0.002 0.995 0.003
0.003 0.984 0.013
0.144 0.797 0.059
0.002 0.994 0.004
0.001 0.996 0.003
0.005 0.848 0.147
0.003 0.991 0.005
0.006 0.586 0.408
0.002 0.995 0.003
0.012 0.962 0.027
0.012 0.732 0.256
0.476 0.003 0.521
0.553 0.002 0.445
0.989 0.004 0.007
0.969 0.019 0.012
0.992 0.002 0.006
0.987 0.007 0.005
0.995 0.003 0.002
0.994 0.003 0.003
0.987 0.004 0.009
0.986 0.010 0.004
0.989 0.005 0.006
0.965 0.008 0.027
0.989 0.005 0.006
0.977 0.015 0.007
0.988 0.005 0.007
0.990 0.006 0.004
0.994 0.003 0.003
0.983 0.008 0.009
0.963 0.031 0.005
0.893 0.050 0.057
0.985 0.004 0.011
0.939 0.010 0.052
0.964 0.022 0.014
0.973 0.012 0.015
0.919 0.054 0.026
0.958 0.003 0.039
0.972 0.020 0.007
0.990 0.006 0.004
0.949 0.026 0.025
0.967 0.004 0.029
0.972 0.015 0.012
0.986 0.004 0.009
0.988 0.003 0.009
0.993 0.003 0.004
0.977 0.008 0.015
0.953 0.011 0.036
0.990 0.006 0.004
0.001 0.995 0.004
0.005 0.659 0.336
0.023 0.229 0.748
0.003 0.670 0.327
0.001 0.998 0.001
0.003 0.662 0.335
0.069 0.838 0.093
0.008 0.986 0.005
0.083 0.915 0.002
0.005 0.664 0.330
0.001 0.997 0.002
0.003 0.755 0.242
0.006 0.969 0.025
0.003 0.974 0.023
0.001 0.997 0.002
0.007 0.983 0.011
0.003 0.995 0.002
0.001 0.995 0.004
0.001 0.992 0.007
0.007 0.600 0.393
0.002 0.997 0.001
0.050 0.911 0.039
0.002 0.994 0.004
0.016 0.413 0.571
0.002 0.995 0.003
0.267 0.005 0.727
0.218 0.007 0.775
0.008 0.008 0.984
0.033 0.003 0.964
0.003 0.994 0.003
0.039 0.952 0.010
0.025 0.965 0.010
0.037 0.486 0.477
0.004 0.650 0.346
0.011 0.515 0.474
0.002 0.996 0.002
0.985 0.006 0.009
0.994 0.003 0.003
0.975 0.019 0.006
0.990 0.005 0.006
0.001 0.996 0.002
0.001 0.993 0.006
0.003 0.986 0.011
0.003 0.704 0.293
0.008 0.986 0.006
0.001 0.995 0.004
0.117 0.872 0.011
0.003 0.987 0.010
0.002 0.835 0.162
0.012 0.967 0.021
0.009 0.974 0.017
0.001 0.997 0.002
0.005 0.983 0.012
0.002 0.983 0.015
0.008 0.974 0.018
0.003 0.983 0.014
0.002 0.994 0.004
0.001 0.998 0.001
0.001 0.996 0.003
0.003 0.995 0.003
0.014 0.977 0.009
0.002 0.994 0.003
0.052 0.925 0.023
0.002 0.994 0.005
0.007 0.970 0.022
0.001 0.997 0.002
0.001 0.996 0.003
0.122 0.005 0.873
0.112 0.054 0.835
0.330 0.011 0.659
0.168 0.037 0.795
0.207 0.006 0.787
0.003 0.980 0.017
0.002 0.990 0.008
0.012 0.924 0.064
0.008 0.976 0.016
0.008 0.948 0.045
0.001 0.998 0.001
0.009 0.986 0.005
0.001 0.995 0.004
0.004 0.980 0.017
0.002 0.977 0.021
0.009 0.973 0.018
0.021 0.955 0.024
0.003 0.991 0.006
0.002 0.994 0.004
0.001 0.997 0.002
0.004 0.989 0.008
0.074 0.003 0.923
0.127 0.008 0.865
0.188 0.029 0.783
0.221 0.002 0.776
0.144 0.024 0.832
0.225 0.004 0.772
0.162 0.007 0.831
0.134 0.005 0.861
0.110 0.023 0.867
0.199 0.009 0.793
0.004 0.973 0.023
0.003 0.982 0.014
0.030 0.962 0.007
0.010 0.986 0.005
0.002 0.994 0.004
0.001 0.997 0.002
0.019 0.014 0.967
0.060 0.015 0.925
0.183 0.063 0.755
0.278 0.011 0.711
0.220 0.009 0.771
0.357 0.032 0.611
0.066 0.009 0.924
0.111 0.013 0.876
0.179 0.011 0.811
0.203 0.016 0.781
0.119 0.041 0.840
0.137 0.005 0.858
0.211 0.019 0.770
0.013 0.976 0.011
0.002 0.995 0.003
0.002 0.993 0.005
0.003 0.983 0.014
0.002 0.995 0.003
0.010 0.970 0.020
0.316 0.015 0.670
0.355 0.003 0.642
0.310 0.007 0.683
0.072 0.006 0.922
0.252 0.099 0.649
0.198 0.006 0.796
0.231 0.087 0.682
0.056 0.011 0.933
0.227 0.006 0.767
0.001 0.994 0.005
0.030 0.966 0.004
0.001 0.997 0.002
0.001 0.998 0.001
0.005 0.977 0.018
0.004 0.989 0.006
0.004 0.993 0.004
0.002 0.994 0.004
0.003 0.995 0.002
0.235 0.008 0.757
0.278 0.007 0.715
0.285 0.018 0.698
0.141 0.009 0.850
0.154 0.009 0.838
0.231 0.002 0.768
0.331 0.008 0.660
0.227 0.001 0.772
0.223 0.018 0.758
0.229 0.030 0.741
0.329 0.030 0.641
0.328 0.013 0.659
0.003 0.980 0.017
0.014 0.953 0.033
0.006 0.986 0.007
0.002 0.996 0.002
0.002 0.992 0.006
0.002 0.995 0.003
0.058 0.893 0.049
0.018 0.811 0.172
0.004 0.993 0.004
0.013 0.923 0.064
0.007 0.982 0.011
0.006 0.981 0.013
0.011 0.983 0.006
0.003 0.991 0.006
0.008 0.984 0.008
0.002 0.994 0.004
0.002 0.997 0.001
0.009 0.950 0.041
0.005 0.987 0.008
0.002 0.994 0.004
0.002 0.996 0.002
0.005 0.989 0.005
0.009 0.954 0.037
0.001 0.996 0.003
0.003 0.991 0.007
0.018 0.969 0.013
0.004 0.994 0.002
0.002 0.990 0.008
0.004 0.992 0.005
0.002 0.887 0.112
0.054 0.901 0.045
0.002 0.991 0.006
0.002 0.995 0.003
0.001 0.998 0.001
0.017 0.959 0.023
0.001 0.998 0.001
0.006 0.990 0.004
0.004 0.993 0.003
0.004 0.989 0.007
0.002 0.993 0.005
0.001 0.996 0.004
0.004 0.991 0.005
0.003 0.995 0.002
0.002 0.993 0.004
0.002 0.989 0.010
0.003 0.992 0.005
0.003 0.996 0.002
0.004 0.994 0.002
0.007 0.990 0.003
0.002 0.991 0.007
0.002 0.995 0.002
0.001 0.995 0.003
0.002 0.996 0.002
0.002 0.997 0.001
0.001 0.997 0.003
0.001 0.997 0.002
0.005 0.991 0.004
0.018 0.967 0.015
0.485 0.010 0.505
0.290 0.008 0.702
0.415 0.020 0.566
0.438 0.007 0.555
0.215 0.005 0.781
0.040 0.023 0.936
0.167 0.014 0.819
0.147 0.005 0.848
0.180 0.006 0.814
0.189 0.022 0.789
0.004 0.978 0.018
0.002 0.988 0.010
0.004 0.965 0.030
0.005 0.982 0.012
0.001 0.997 0.002
0.002 0.994 0.004
0.010 0.984 0.005
0.001 0.998 0.001
0.002 0.997 0.002
0.004 0.975 0.021
0.007 0.976 0.017
0.002 0.994 0.003
0.005 0.992 0.003
0.001 0.995 0.004
0.003 0.993 0.005
0.002 0.995 0.004
0.005 0.992 0.002
0.002 0.997 0.002
0.006 0.982 0.012
0.003 0.976 0.021
0.001 0.995 0.004
0.004 0.994 0.003
0.004 0.993 0.003
0.001 0.997 0.002
0.003 0.994 0.003
0.004 0.993 0.002
0.002 0.964 0.034
0.001 0.994 0.005
0.001 0.994 0.005
0.001 0.995 0.004
0.017 0.974 0.009
0.005 0.989 0.005
0.016 0.917 0.067
0.004 0.994 0.003
0.002 0.996 0.002
0.001 0.998 0.001
0.001 0.996 0.003
0.001 0.998 0.002
0.002 0.994 0.003
0.002 0.996 0.002
0.004 0.991 0.005
0.002 0.995 0.004
0.002 0.993 0.005
0.009 0.987 0.004
0.001 0.998 0.001
0.002 0.995 0.002
0.002 0.994 0.004
0.005 0.992 0.003
0.001 0.998 0.001
0.002 0.996 0.002
0.003 0.993 0.003
0.001 0.997 0.002
0.004 0.990 0.006
0.002 0.995 0.003
0.003 0.992 0.005
0.001 0.995 0.004
0.005 0.978 0.017
0.008 0.968 0.024
0.002 0.995 0.003
0.002 0.996 0.002
0.002 0.991 0.007
0.002 0.997 0.001
0.002 0.997 0.001
0.002 0.993 0.005
0.003 0.992 0.006
0.003 0.986 0.011
0.002 0.997 0.001
0.002 0.993 0.005
0.003 0.995 0.003
0.023 0.971 0.006
0.002 0.996 0.002
0.002 0.995 0.003
0.003 0.995 0.002
0.005 0.992 0.004
0.004 0.976 0.020
0.002 0.986 0.011
0.001 0.997 0.002
0.003 0.992 0.005
0.002 0.994 0.004
0.001 0.996 0.002
0.002 0.997 0.002
0.001 0.996 0.003
0.005 0.965 0.030
0.001 0.998 0.001
0.210 0.006 0.784
0.366 0.011 0.623
0.205 0.012 0.783
0.270 0.004 0.727
0.191 0.004 0.806
0.007 0.116 0.876
0.002 0.987 0.011
0.002 0.997 0.001
0.002 0.994 0.004
0.006 0.987 0.006
0.002 0.995 0.003
0.005 0.992 0.003
0.005 0.987 0.007
0.004 0.991 0.006
0.002 0.995 0.003
0.002 0.996 0.002
0.003 0.988 0.009
0.004 0.982 0.015
0.003 0.983 0.014
0.003 0.990 0.006
0.004 0.993 0.004
0.001 0.996 0.002
0.003 0.993 0.004
0.008 0.984 0.008
0.001 0.996 0.003
0.001 0.997 0.002
0.002 0.996 0.003
0.002 0.995 0.003
0.001 0.997 0.001
0.005 0.988 0.007
0.002 0.994 0.004
0.001 0.997 0.002
0.002 0.997 0.001
0.003 0.995 0.002
0.003 0.991 0.006
0.002 0.995 0.003
0.002 0.996 0.002
0.003 0.994 0.003
0.001 0.993 0.006
0.002 0.996 0.002
0.001 0.997 0.002
0.001 0.997 0.002
0.001 0.996 0.002
0.005 0.982 0.013
0.003 0.994 0.003
0.002 0.995 0.003
0.005 0.991 0.004
0.001 0.997 0.002
0.002 0.994 0.004
0.004 0.972 0.023
0.010 0.980 0.010
0.003 0.991 0.006
0.010 0.970 0.021
0.002 0.996 0.002
0.010 0.984 0.006
0.003 0.989 0.008
0.002 0.997 0.002
0.004 0.992 0.004
0.002 0.996 0.002
0.001 0.998 0.001
0.002 0.993 0.005
0.001 0.996 0.003
0.002 0.995 0.003
0.003 0.993 0.004
0.003 0.994 0.004
0.002 0.994 0.004
0.004 0.989 0.007
0.004 0.989 0.007
0.002 0.996 0.002
0.023 0.970 0.008
0.002 0.994 0.004
0.003 0.990 0.007
0.002 0.997 0.001
0.002 0.995 0.003
0.001 0.995 0.003
0.001 0.997 0.002
0.001 0.994 0.004
0.008 0.987 0.005
0.003 0.994 0.003
0.001 0.997 0.002
0.238 0.002 0.759
0.174 0.004 0.822
0.299 0.122 0.580
0.004 0.968 0.027
0.002 0.995 0.003
0.004 0.985 0.011
0.002 0.993 0.005
0.002 0.996 0.002
0.003 0.990 0.006
0.002 0.995 0.003
0.002 0.997 0.002
0.004 0.988 0.007
0.002 0.991 0.007
0.009 0.971 0.020
0.001 0.998 0.001
0.006 0.979 0.015
0.002 0.992 0.006
0.009 0.975 0.016
0.006 0.990 0.003
0.001 0.997 0.002
0.003 0.938 0.059
0.007 0.987 0.006
0.002 0.990 0.008
0.001 0.996 0.002
0.001 0.997 0.002
0.001 0.996 0.003
0.001 0.994 0.005
0.003 0.994 0.003
0.252 0.005 0.743
0.402 0.024 0.573
0.295 0.009 0.697
0.148 0.014 0.838
0.553 0.126 0.322
0.331 0.034 0.635
0.276 0.004 0.720
0.478 0.009 0.513
0.419 0.006 0.575
0.311 0.021 0.668
0.381 0.007 0.612
0.309 0.007 0.685
0.441 0.004 0.555
0.098 0.066 0.836
0.160 0.001 0.838
0.195 0.006 0.799
0.157 0.011 0.832
0.011 0.010 0.979
0.281 0.002 0.717
0.299 0.003 0.698
0.230 0.019 0.750
0.366 0.110 0.524
0.315 0.016 0.669
0.398 0.013 0.589
0.372 0.068 0.560
0.332 0.018 0.650
0.264 0.003 0.733
0.286 0.011 0.703
0.143 0.095 0.761
0.257 0.046 0.697
0.378 0.016 0.606
0.339 0.008 0.653
0.362 0.021 0.617
0.305 0.007 0.688
0.240 0.026 0.734
0.328 0.002 0.669
0.367 0.003 0.630
0.226 0.060 0.714
0.250 0.058 0.692
0.270 0.013 0.717
0.220 0.172 0.608
0.366 0.028 0.607
0.311 0.008 0.681
0.235 0.005 0.761
0.300 0.018 0.682
0.321 0.007 0.672
0.429 0.011 0.561
0.248 0.014 0.738
0.371 0.013 0.615
0.389 0.047 0.564
0.330 0.026 0.644
0.387 0.017 0.597
0.271 0.068 0.662
0.298 0.038 0.664
0.274 0.007 0.719
0.087 0.119 0.794
0.359 0.033 0.608
0.399 0.005 0.595
0.182 0.056 0.762
0.308 0.030 0.662
0.283 0.022 0.695
0.264 0.005 0.731
0.350 0.031 0.619
0.319 0.013 0.668
0.372 0.062 0.567
0.276 0.057 0.667
0.022 0.004 0.975
0.372 0.019 0.610
0.236 0.065 0.699
0.282 0.097 0.621
0.324 0.004 0.673
0.201 0.010 0.789
0.213 0.008 0.779
0.119 0.011 0.870
0.355 0.004 0.641
0.432 0.063 0.504
0.283 0.002 0.715
0.329 0.028 0.643
0.302 0.016 0.682
0.237 0.003 0.760
0.349 0.004 0.647
0.245 0.011 0.744
0.369 0.003 0.627
0.318 0.016 0.666
0.267 0.082 0.651
0.230 0.035 0.735
0.392 0.039 0.568
0.171 0.008 0.821
0.543 0.004 0.453
0.220 0.044 0.736
0.093 0.012 0.895
0.212 0.128 0.660
0.232 0.018 0.750
0.254 0.013 0.734
0.195 0.052 0.753
0.250 0.004 0.745
0.221 0.095 0.684
0.357 0.011 0.632
0.278 0.006 0.716
0.306 0.008 0.686
0.242 0.005 0.753
0.290 0.010 0.700
0.256 0.023 0.720
0.348 0.066 0.586
0.220 0.008 0.773
0.277 0.002 0.721
0.212 0.024 0.764
0.217 0.002 0.782
0.310 0.007 0.683
0.094 0.003 0.903
0.303 0.116 0.581
0.422 0.029 0.549
0.415 0.089 0.496
0.457 0.037 0.506
0.361 0.008 0.631
0.209 0.102 0.688
0.389 0.028 0.583
0.384 0.058 0.558
0.485 0.002 0.513
0.353 0.003 0.644
0.427 0.004 0.569
0.467 0.004 0.529
0.307 0.018 0.675
0.432 0.034 0.533
0.407 0.016 0.576
0.409 0.088 0.503
0.287 0.006 0.707
0.426 0.014 0.560
0.486 0.008 0.506
0.448 0.007 0.545
0.300 0.020 0.680
0.276 0.005 0.720
0.375 0.028 0.596
0.220 0.075 0.706
0.345 0.009 0.645
0.296 0.015 0.689
0.352 0.014 0.634
0.263 0.053 0.684
0.233 0.010 0.757
0.294 0.023 0.683
0.374 0.013 0.612
0.385 0.031 0.584
0.454 0.011 0.535
0.467 0.038 0.494
0.223 0.032 0.744
0.317 0.045 0.638
0.346 0.007 0.647
0.270 0.005 0.725
0.071 0.088 0.841
0.397 0.051 0.552
0.200 0.122 0.678
0.374 0.015 0.612
0.350 0.008 0.642
0.249 0.017 0.734
0.266 0.002 0.732
0.225 0.028 0.747
0.347 0.006 0.647
0.160 0.105 0.735
0.142 0.003 0.855
0.260 0.016 0.724
0.132 0.022 0.846
0.274 0.010 0.717
0.323 0.034 0.643
0.222 0.030 0.748
0.138 0.045 0.817
0.214 0.084 0.702
0.290 0.030 0.680
0.263 0.033 0.705
0.238 0.019 0.742
0.287 0.009 0.705
0.151 0.017 0.832
0.148 0.017 0.835
0.366 0.006 0.628
0.428 0.022 0.549
0.517 0.010 0.472
0.429 0.003 0.569
0.349 0.005 0.646
0.338 0.016 0.647
0.336 0.060 0.605
0.238 0.005 0.756
0.337 0.003 0.660
0.324 0.004 0.673
0.302 0.010 0.688
0.539 0.016 0.445
0.450 0.004 0.546
0.217 0.009 0.774
0.407 0.011 0.582
0.307 0.015 0.678
0.376 0.041 0.583
0.406 0.007 0.588
0.418 0.005 0.577
0.272 0.013 0.715
0.274 0.020 0.706
0.335 0.004 0.661
0.225 0.010 0.764
0.378 0.006 0.616
0.349 0.015 0.636
0.280 0.019 0.700
0.300 0.020 0.680
0.204 0.046 0.750
0.400 0.064 0.535
0.280 0.019 0.702
0.241 0.052 0.707
0.317 0.075 0.608
0.316 0.087 0.597
0.179 0.005 0.816
0.176 0.007 0.817
0.470 0.006 0.525
0.281 0.005 0.714
0.207 0.003 0.790
0.270 0.007 0.724
0.289 0.008 0.703
0.295 0.026 0.680
0.374 0.003 0.623
0.336 0.008 0.657
0.153 0.004 0.843
0.355 0.045 0.600
0.199 0.015 0.786
0.406 0.005 0.589
0.307 0.006 0.687
0.164 0.038 0.799
0.319 0.017 0.664
0.379 0.028 0.592
0.152 0.003 0.846
0.229 0.004 0.768
0.326 0.020 0.655
0.326 0.005 0.669
0.384 0.011 0.605
0.300 0.054 0.647
0.267 0.004 0.729
0.391 0.005 0.604
0.080 0.013 0.907
0.305 0.008 0.687
0.326 0.011 0.663
0.431 0.008 0.562
0.393 0.014 0.593
0.147 0.056 0.797
0.332 0.006 0.662
0.369 0.006 0.625
0.394 0.007 0.599
0.276 0.017 0.707
0.232 0.006 0.762
0.313 0.044 0.643
0.365 0.015 0.620
0.178 0.006 0.816
0.217 0.007 0.775
0.273 0.008 0.718
0.241 0.083 0.676
0.298 0.004 0.697
0.313 0.027 0.661
0.222 0.097 0.680
0.253 0.010 0.737
0.315 0.013 0.672
0.309 0.007 0.684
0.212 0.061 0.727
0.405 0.009 0.587
0.332 0.005 0.663
0.302 0.024 0.674
0.345 0.026 0.628
0.312 0.006 0.682
0.371 0.022 0.607
0.273 0.018 0.709
0.166 0.010 0.824
0.381 0.004 0.615
0.238 0.009 0.752
0.306 0.006 0.688
0.247 0.042 0.711
0.410 0.015 0.574
0.347 0.106 0.547
0.435 0.004 0.561
0.310 0.010 0.680
0.337 0.005 0.658
0.372 0.051 0.577
0.314 0.026 0.660
0.268 0.020 0.713
0.284 0.005 0.711
0.567 0.007 0.426
0.373 0.007 0.620
0.352 0.005 0.642
0.434 0.008 0.558
0.240 0.030 0.730
0.356 0.026 0.618
0.411 0.037 0.552
0.395 0.010 0.595
0.491 0.008 0.501
0.460 0.004 0.536
0.216 0.060 0.724
0.150 0.052 0.798
0.448 0.011 0.541
0.262 0.001 0.737
0.441 0.004 0.555
0.366 0.006 0.627
0.345 0.002 0.653
0.221 0.051 0.728
0.231 0.011 0.758
0.297 0.035 0.668
0.311 0.004 0.684
0.301 0.005 0.694
0.216 0.005 0.779
0.301 0.010 0.690
0.312 0.007 0.681
0.324 0.025 0.651
0.180 0.003 0.817
0.199 0.010 0.790
0.264 0.020 0.717
0.407 0.016 0.577
0.206 0.007 0.787
0.372 0.034 0.593
0.206 0.018 0.776
0.397 0.006 0.597
0.007 0.004 0.989
0.002 0.009 0.989
0.019 0.003 0.978
0.002 0.004 0.994
0.002 0.006 0.992
0.004 0.004 0.992
0.006 0.013 0.981
0.005 0.001 0.994
0.001 0.002 0.997
0.009 0.002 0.989
0.007 0.003 0.990
0.014 0.008 0.978
0.002 0.006 0.992
0.002 0.002 0.996
0.003 0.002 0.996
0.003 0.005 0.992
0.003 0.005 0.992
0.003 0.002 0.995
0.007 0.002 0.992
0.005 0.009 0.986
0.003 0.008 0.989
0.009 0.008 0.984
0.002 0.007 0.991
0.003 0.010 0.987
0.009 0.013 0.978
0.010 0.004 0.987
0.005 0.015 0.980
0.009 0.007 0.984
0.001 0.002 0.996
0.008 0.003 0.990
0.003 0.009 0.987
0.008 0.002 0.991
0.010 0.010 0.980
0.004 0.011 0.985
0.002 0.012 0.986
0.005 0.012 0.983
0.006 0.007 0.987
0.002 0.002 0.996
0.006 0.003 0.991
0.004 0.003 0.994
0.006 0.012 0.983
0.008 0.004 0.988
0.002 0.003 0.995
0.002 0.008 0.990
0.017 0.003 0.980
0.003 0.003 0.994
0.003 0.003 0.994
0.002 0.020 0.978
0.002 0.005 0.993
0.004 0.004 0.992
0.006 0.006 0.988
0.008 0.012 0.980
0.001 0.002 0.997
0.002 0.005 0.994
0.021 0.004 0.975
0.018 0.010 0.972
0.002 0.003 0.995
0.002 0.004 0.994
0.007 0.008 0.986
0.001 0.004 0.995
0.003 0.002 0.995
0.008 0.002 0.990
0.008 0.002 0.990
0.004 0.003 0.993
0.003 0.007 0.990
0.003 0.006 0.992
0.012 0.002 0.986
0.002 0.018 0.980
0.003 0.003 0.994
0.004 0.003 0.993
0.002 0.004 0.994
0.009 0.003 0.988
0.001 0.006 0.992
0.012 0.002 0.986
0.001 0.002 0.997
0.006 0.008 0.986
0.005 0.004 0.991
0.005 0.002 0.992
0.006 0.002 0.992
0.005 0.003 0.991
0.003 0.003 0.995
0.002 0.004 0.994
0.003 0.004 0.993
0.005 0.006 0.988
0.002 0.005 0.993
0.005 0.025 0.970
0.013 0.004 0.983
0.004 0.008 0.987
0.005 0.009 0.987
0.006 0.014 0.979
0.006 0.005 0.989
0.004 0.003 0.993
0.010 0.012 0.978
0.001 0.002 0.997
0.021 0.011 0.968
0.002 0.018 0.979
0.003 0.008 0.989
0.002 0.027 0.971
0.003 0.004 0.994
0.001 0.996 0.003
0.007 0.980 0.014
0.007 0.964 0.029
0.008 0.979 0.014
0.001 0.997 0.002
0.001 0.997 0.001
0.002 0.995 0.003
0.001 0.997 0.002
0.002 0.993 0.005
0.001 0.990 0.009
0.003 0.994 0.003
0.004 0.991 0.006
0.002 0.994 0.005
0.001 0.996 0.003
0.001 0.995 0.003
0.005 0.989 0.007
0.002 0.995 0.003
0.015 0.979 0.006
0.003 0.978 0.019
0.975 0.011 0.013
0.969 0.019 0.013
0.973 0.009 0.019
0.984 0.007 0.009
0.987 0.007 0.006
0.891 0.002 0.107
0.991 0.003 0.006
0.994 0.003 0.004
0.994 0.003 0.002
0.986 0.003 0.011
0.989 0.006 0.005
0.986 0.005 0.009
0.982 0.005 0.013
0.985 0.008 0.007
0.982 0.007 0.012
0.991 0.004 0.005
0.956 0.026 0.019
0.990 0.006 0.004
0.953 0.021 0.026
0.983 0.011 0.006
0.987 0.002 0.011
0.994 0.003 0.004
0.990 0.006 0.004
0.982 0.004 0.014
0.805 0.006 0.189
0.949 0.029 0.022
0.924 0.023 0.054
0.982 0.014 0.004
0.979 0.006 0.015
0.927 0.017 0.056
0.987 0.003 0.010
0.983 0.006 0.011
0.982 0.008 0.011
0.843 0.134 0.023
0.994 0.004 0.002
0.982 0.002 0.016
0.995 0.002 0.002
0.996 0.002 0.002
0.973 0.010 0.016
0.990 0.003 0.007
0.962 0.003 0.034
0.982 0.008 0.010
0.978 0.004 0.017
0.996 0.002 0.002
0.997 0.001 0.002
0.991 0.002 0.007
0.977 0.018 0.005
0.972 0.006 0.022
0.992 0.003 0.004
0.992 0.002 0.005
0.862 0.030 0.108
0.993 0.004 0.003
0.985 0.008 0.007
0.986 0.010 0.004
0.991 0.003 0.005
0.989 0.003 0.008
0.847 0.118 0.035
0.990 0.004 0.006
0.970 0.005 0.025
0.976 0.012 0.012
0.995 0.003 0.002
0.980 0.005 0.015
0.937 0.048 0.015
0.961 0.023 0.015
0.990 0.006 0.004
0.988 0.002 0.009
0.993 0.004 0.004
0.979 0.008 0.013
0.989 0.001 0.010
0.771 0.006 0.223
0.982 0.008 0.010
0.929 0.042 0.030
0.978 0.004 0.018
0.977 0.006 0.018
0.900 0.020 0.081
0.988 0.005 0.007
0.988 0.004 0.008
0.954 0.014 0.032
0.984 0.008 0.007
0.986 0.008 0.005
0.948 0.028 0.025
0.942 0.045 0.013
0.980 0.006 0.014
0.988 0.004 0.008
0.987 0.005 0.008
0.978 0.011 0.011
0.974 0.016 0.011
0.997 0.001 0.002
0.972 0.010 0.017
0.978 0.004 0.018
0.940 0.010 0.049
0.950 0.017 0.033
0.992 0.003 0.005
0.973 0.007 0.020
0.989 0.005 0.006
0.972 0.008 0.019
0.990 0.005 0.005
0.990 0.004 0.007
0.993 0.003 0.004
0.974 0.005 0.021
0.991 0.003 0.006
0.988 0.003 0.009
0.991 0.002 0.007
0.008 0.970 0.023
0.003 0.990 0.008
0.004 0.993 0.003
0.002 0.995 0.003
0.002 0.996 0.002
0.003 0.987 0.010
0.004 0.991 0.005
0.005 0.990 0.005
0.002 0.996 0.002
0.003 0.994 0.003
0.004 0.991 0.005
0.004 0.991 0.006
0.001 0.997 0.002
0.026 0.971 0.003
0.002 0.996 0.002
0.002 0.994 0.003
0.001 0.994 0.004
0.003 0.996 0.001
0.002 0.995 0.003
0.004 0.990 0.006
0.002 0.991 0.007
0.002 0.997 0.001
0.002 0.997 0.002
0.001 0.998 0.001
0.002 0.995 0.003
0.001 0.993 0.006
0.003 0.995 0.002
0.002 0.997 0.001
0.002 0.997 0.001
0.963 0.011 0.026
0.914 0.003 0.083
0.980 0.005 0.015
0.977 0.006 0.016
0.820 0.011 0.169
0.962 0.021 0.017
0.987 0.008 0.005
0.978 0.004 0.017
0.896 0.092 0.013
0.967 0.005 0.028
0.994 0.004 0.002
0.800 0.008 0.191
0.994 0.003 0.002
0.917 0.010 0.073
0.992 0.003 0.005
0.993 0.002 0.004
0.981 0.008 0.011
0.954 0.024 0.022
0.978 0.006 0.016
0.984 0.003 0.013
0.944 0.007 0.049
0.992 0.003 0.005
0.985 0.007 0.008
0.991 0.003 0.006
0.807 0.182 0.011
0.994 0.002 0.003
0.764 0.002 0.235
0.916 0.014 0.070
0.988 0.006 0.006
0.991 0.006 0.003
0.985 0.008 0.007
0.756 0.012 0.232
0.997 0.001 0.002
0.987 0.009 0.003
0.937 0.008 0.055
0.992 0.003 0.005
0.968 0.014 0.018
0.943 0.039 0.017
0.965 0.008 0.027
0.855 0.004 0.141
0.963 0.026 0.011
0.965 0.014 0.021
0.987 0.006 0.007
0.989 0.003 0.008
0.980 0.006 0.014
0.916 0.030 0.055
0.991 0.006 0.003
0.988 0.004 0.008
0.946 0.004 0.050
0.946 0.043 0.011
0.967 0.008 0.025
0.984 0.002 0.014
0.948 0.009 0.043
0.958 0.022 0.020
0.923 0.012 0.064
0.980 0.004 0.015
0.978 0.001 0.021
0.990 0.002 0.008
0.984 0.003 0.013
0.984 0.005 0.011
0.986 0.008 0.005
0.968 0.003 0.030
0.949 0.007 0.044
0.993 0.002 0.005
0.922 0.004 0.074
0.991 0.003 0.005
0.983 0.006 0.010
0.976 0.002 0.022
0.965 0.026 0.009
0.995 0.002 0.004
0.003 0.996 0.002
0.003 0.994 0.003
0.004 0.933 0.062
0.002 0.989 0.009
0.004 0.993 0.003
0.010 0.970 0.020
0.012 0.887 0.100
0.012 0.934 0.054
0.034 0.943 0.023
0.004 0.988 0.008
0.019 0.875 0.106
0.005 0.988 0.007
0.007 0.969 0.024
0.011 0.982 0.007
0.009 0.980 0.011
0.002 0.995 0.004
0.017 0.856 0.127
0.002 0.963 0.036
0.993 0.002 0.005
0.990 0.005 0.005
0.989 0.010 0.001
0.967 0.011 0.023
0.988 0.006 0.006
0.991 0.004 0.005
0.949 0.009 0.042
0.991 0.004 0.005
0.996 0.001 0.003
0.988 0.003 0.008
0.946 0.037 0.016
0.992 0.003 0.005
0.985 0.005 0.009
0.937 0.008 0.055
0.958 0.023 0.019
0.975 0.009 0.016
0.966 0.005 0.029
0.981 0.007 0.012
0.991 0.004 0.005
0.966 0.011 0.023
0.983 0.010 0.007
0.968 0.023 0.010
0.937 0.006 0.056
0.985 0.008 0.007
0.981 0.003 0.017
0.980 0.013 0.007
0.973 0.007 0.020
0.946 0.003 0.052
0.983 0.004 0.013
0.966 0.010 0.025
0.971 0.021 0.008
0.976 0.012 0.011
0.943 0.005 0.052
0.986 0.002 0.011
0.002 0.992 0.006
0.005 0.991 0.004
0.007 0.988 0.005
0.002 0.994 0.004
0.001 0.998 0.001
0.000 0.998 0.002
0.005 0.993 0.002
0.002 0.993 0.005
0.002 0.995 0.003
0.003 0.994 0.003
0.001 0.997 0.002
0.002 0.995 0.003
0.001 0.995 0.004
0.003 0.991 0.006
0.001 0.998 0.001
0.003 0.994 0.003
0.001 0.997 0.002
0.002 0.996 0.002
0.007 0.983 0.010
0.002 0.996 0.002
0.002 0.995 0.004
0.006 0.988 0.007
0.003 0.991 0.006
0.009 0.968 0.024
0.002 0.995 0.003
0.006 0.990 0.004
0.001 0.997 0.002
0.003 0.993 0.004
0.002 0.995 0.004
0.001 0.997 0.001
0.002 0.997 0.001
0.003 0.986 0.010
0.002 0.996 0.002
0.003 0.993 0.005
0.004 0.981 0.015
0.004 0.988 0.007
0.006 0.989 0.006
0.002 0.981 0.017
0.001 0.995 0.004
0.002 0.996 0.003
0.011 0.942 0.048
0.001 0.996 0.003
0.005 0.985 0.009
0.002 0.996 0.002
0.002 0.993 0.006
0.005 0.982 0.014
0.007 0.984 0.009
0.002 0.996 0.002
0.003 0.994 0.003
0.002 0.997 0.001
0.001 0.995 0.004
0.001 0.997 0.002
0.002 0.995 0.003
0.002 0.996 0.002
0.002 0.996 0.002
0.003 0.990 0.007
0.005 0.913 0.082
0.001 0.997 0.002
0.002 0.996 0.002
0.001 0.995 0.004
0.016 0.880 0.104
0.002 0.994 0.004
0.017 0.967 0.016
0.024 0.940 0.036
0.005 0.986 0.010
0.011 0.978 0.011
0.004 0.907 0.089
0.011 0.970 0.019
0.003 0.993 0.003
0.002 0.996 0.001
0.038 0.946 0.016
0.001 0.996 0.003
0.002 0.992 0.005
0.004 0.973 0.023
0.004 0.987 0.009
0.041 0.938 0.020
0.003 0.995 0.002
0.008 0.971 0.021
0.018 0.953 0.029
0.007 0.935 0.058
0.001 0.997 0.002
0.012 0.963 0.025
0.005 0.988 0.007
0.013 0.981 0.006
0.004 0.992 0.004
0.016 0.952 0.032
0.048 0.934 0.018
0.003 0.995 0.002
0.009 0.959 0.032
0.019 0.905 0.076
0.025 0.965 0.010
0.006 0.889 0.105
0.002 0.993 0.005
0.002 0.993 0.005
0.008 0.983 0.009
0.005 0.989 0.005
0.003 0.920 0.078
0.005 0.987 0.008
