0.991 0.003 0.007
0.965 0.030 0.005
0.988 0.003 0.009
0.984 0.008 0.008
0.948 0.048 0.005
0.968 0.023 0.009
0.987 0.010 0.002
0.993 0.003 0.004
0.993 0.003 0.004
0.983 0.007 0.010
0.985 0.008 0.007
0.984 0.010 0.005
0.967 0.028 0.005
0.990 0.006 0.004
0.967 0.025 0.008
0.995 0.003 0.002
0.971 0.014 0.015
0.993 0.004 0.003
0.993 0.006 0.002
0.982 0.005 0.014
0.969 0.011 0.020
0.979 0.013 0.007
0.988 0.007 0.004
0.978 0.010 0.011
0.993 0.004 0.002
0.997 0.001 0.002
0.995 0.002 0.003
0.956 0.037 0.007
0.980 0.013 0.007
0.951 0.009 0.041
0.994 0.004 0.002
0.984 0.011 0.006
0.965 0.015 0.020
0.983 0.013 0.004
0.986 0.009 0.005
0.966 0.017 0.017
0.995 0.002 0.002
0.983 0.009 0.008
0.992 0.007 0.002
0.997 0.002 0.001
0.966 0.012 0.021
0.890 0.104 0.005
0.893 0.027 0.080
0.921 0.016 0.063
0.993 0.003 0.004
0.983 0.014 0.003
0.977 0.012 0.011
0.871 0.007 0.122
0.985 0.008 0.008
0.994 0.003 0.003
0.974 0.024 0.002
0.988 0.003 0.009
0.976 0.017 0.007
0.978 0.012 0.010
0.991 0.006 0.003
0.987 0.007 0.005
0.988 0.009 0.003
0.994 0.004 0.002
0.991 0.005 0.004
0.906 0.050 0.044
0.886 0.012 0.102
0.990 0.007 0.003
0.948 0.011 0.042
0.983 0.005 0.012
0.991 0.007 0.002
0.908 0.060 0.033
0.987 0.009 0.004
0.990 0.006 0.004
0.988 0.010 0.003
0.984 0.008 0.008
0.987 0.008 0.005
0.987 0.010 0.004
0.983 0.007 0.011
0.941 0.043 0.016
0.988 0.009 0.003
0.944 0.045 0.011
0.986 0.006 0.008
0.978 0.012 0.009
0.954 0.019 0.027
0.936 0.059 0.005
0.995 0.004 0.001
0.959 0.037 0.005
0.983 0.005 0.012
0.970 0.024 0.006
0.993 0.004 0.003
0.956 0.022 0.022
0.994 0.004 0.002
0.977 0.015 0.008
0.989 0.008 0.003
0.988 0.005 0.008
0.902 0.092 0.006
0.988 0.006 0.006
0.989 0.003 0.008
0.991 0.006 0.003
0.978 0.007 0.015
0.981 0.015 0.003
0.007 0.991 0.002
0.003 0.994 0.002
0.005 0.980 0.016
0.009 0.987 0.004
0.004 0.993 0.003
0.001 0.996 0.003
0.005 0.992 0.003
0.002 0.992 0.006
0.002 0.995 0.003
0.004 0.988 0.008
0.006 0.983 0.010
0.004 0.988 0.009
0.003 0.984 0.013
0.006 0.991 0.003
0.003 0.992 0.005
0.002 0.969 0.029
0.007 0.991 0.002
0.003 0.995 0.002
0.003 0.991 0.006
0.001 0.996 0.003
0.004 0.990 0.006
0.002 0.994 0.004
0.007 0.970 0.023
0.004 0.991 0.005
0.002 0.993 0.004
0.001 0.996 0.003
0.002 0.996 0.002
0.003 0.995 0.002
0.005 0.991 0.004
0.002 0.994 0.003
0.002 0.995 0.003
0.008 0.990 0.003
0.003 0.992 0.005
0.005 0.989 0.006
0.003 0.982 0.015
0.007 0.981 0.012
0.003 0.992 0.005
0.010 0.975 0.016
0.007 0.951 0.042
0.010 0.987 0.003
0.003 0.996 0.002
0.003 0.988 0.009
0.001 0.994 0.004
0.002 0.991 0.007
0.010 0.987 0.003
0.003 0.996 0.001
0.002 0.990 0.008
0.005 0.993 0.002
0.004 0.988 0.008
0.001 0.997 0.003
0.002 0.989 0.008
0.002 0.995 0.003
0.008 0.982 0.010
0.007 0.989 0.004
0.001 0.996 0.002
0.012 0.980 0.007
0.083 0.912 0.005
0.011 0.984 0.006
0.005 0.992 0.003
0.007 0.990 0.002
0.007 0.971 0.021
0.011 0.985 0.004
0.006 0.991 0.003
0.006 0.978 0.017
0.010 0.985 0.005
0.004 0.993 0.003
0.017 0.953 0.030
0.013 0.985 0.002
0.012 0.968 0.021
0.035 0.958 0.007
0.003 0.995 0.002
0.004 0.992 0.003
0.003 0.996 0.001
0.014 0.984 0.002
0.004 0.994 0.002
0.008 0.986 0.006
0.011 0.981 0.008
0.002 0.992 0.006
0.002 0.989 0.009
0.003 0.992 0.005
0.003 0.983 0.014
0.005 0.993 0.002
0.005 0.991 0.004
0.005 0.991 0.003
0.002 0.992 0.006
0.005 0.988 0.007
0.015 0.980 0.004
0.011 0.982 0.008
0.003 0.992 0.005
0.004 0.995 0.002
0.001 0.983 0.015
0.002 0.996 0.002
0.006 0.990 0.004
0.011 0.986 0.003
0.007 0.990 0.002
0.004 0.993 0.003
0.007 0.989 0.004
0.020 0.975 0.005
0.002 0.996 0.002
0.004 0.987 0.009
0.005 0.989 0.006
0.002 0.992 0.005
0.006 0.992 0.002
0.167 0.828 0.005
0.090 0.907 0.002
0.002 0.994 0.003
0.006 0.980 0.014
0.062 0.936 0.002
0.093 0.903 0.003
0.139 0.859 0.002
0.052 0.943 0.005
0.031 0.964 0.005
0.061 0.931 0.008
0.005 0.991 0.004
0.026 0.973 0.002
0.127 0.857 0.015
0.008 0.975 0.017
0.030 0.968 0.002
0.015 0.980 0.004
0.007 0.989 0.005
0.023 0.972 0.004
0.008 0.990 0.003
0.032 0.954 0.014
0.003 0.995 0.002
0.004 0.983 0.012
0.006 0.990 0.004
0.082 0.915 0.003
0.010 0.988 0.002
0.003 0.994 0.003
0.227 0.771 0.002
0.002 0.995 0.004
0.034 0.961 0.005
0.212 0.783 0.005
0.147 0.848 0.005
0.008 0.983 0.009
0.014 0.973 0.014
0.011 0.983 0.006
0.066 0.928 0.006
0.011 0.980 0.009
0.007 0.992 0.001
0.110 0.886 0.004
0.017 0.979 0.005
0.031 0.967 0.002
0.010 0.985 0.005
0.004 0.982 0.014
0.020 0.972 0.008
0.007 0.987 0.006
0.083 0.913 0.004
0.011 0.957 0.032
0.015 0.982 0.003
0.048 0.949 0.004
0.035 0.962 0.003
0.007 0.985 0.008
0.047 0.947 0.007
0.003 0.991 0.006
0.006 0.992 0.002
0.026 0.970 0.003
0.004 0.993 0.002
0.152 0.843 0.005
0.009 0.964 0.027
0.011 0.983 0.007
0.008 0.979 0.013
0.008 0.987 0.006
0.012 0.971 0.018
0.055 0.920 0.025
0.047 0.946 0.007
0.068 0.915 0.017
0.008 0.989 0.003
0.010 0.986 0.005
0.009 0.923 0.068
0.006 0.989 0.004
0.070 0.927 0.003
0.002 0.995 0.003
0.005 0.992 0.003
0.105 0.891 0.004
0.010 0.987 0.002
0.010 0.989 0.001
0.006 0.991 0.003
0.029 0.960 0.011
0.012 0.966 0.022
0.100 0.887 0.013
0.010 0.989 0.001
0.021 0.976 0.003
0.012 0.982 0.006
0.002 0.992 0.007
0.986 0.006 0.008
0.992 0.004 0.004
0.982 0.013 0.004
0.978 0.014 0.008
0.990 0.003 0.007
0.976 0.011 0.013
0.977 0.017 0.006
0.996 0.002 0.002
0.989 0.007 0.003
0.988 0.003 0.009
0.987 0.010 0.004
0.968 0.029 0.002
0.985 0.012 0.003
0.995 0.003 0.002
0.991 0.004 0.006
0.996 0.003 0.001
0.984 0.004 0.012
0.991 0.006 0.003
0.981 0.008 0.011
0.990 0.006 0.004
0.971 0.005 0.025
0.988 0.010 0.002
0.970 0.008 0.023
0.991 0.006 0.003
0.982 0.004 0.014
0.982 0.012 0.006
0.960 0.033 0.006
0.977 0.019 0.004
0.984 0.007 0.009
0.985 0.008 0.008
0.994 0.005 0.001
0.932 0.061 0.007
0.986 0.007 0.007
0.990 0.002 0.008
0.959 0.015 0.026
0.989 0.004 0.007
0.984 0.013 0.003
0.947 0.047 0.006
0.977 0.003 0.020
0.988 0.007 0.006
0.992 0.005 0.003
0.987 0.009 0.004
0.008 0.978 0.014
0.030 0.614 0.356
0.005 0.992 0.003
0.966 0.018 0.016
0.994 0.002 0.004
0.987 0.011 0.002
0.990 0.007 0.003
0.981 0.017 0.002
0.996 0.002 0.001
0.996 0.002 0.002
0.968 0.020 0.012
0.988 0.010 0.003
0.994 0.003 0.003
0.987 0.010 0.002
0.975 0.016 0.009
0.991 0.006 0.003
0.984 0.014 0.002
0.996 0.003 0.001
0.989 0.008 0.003
0.994 0.005 0.001
0.990 0.006 0.004
0.996 0.002 0.002
0.993 0.005 0.002
0.977 0.007 0.015
0.988 0.006 0.005
0.991 0.007 0.002
0.982 0.002 0.016
0.990 0.005 0.005
0.988 0.010 0.003
0.972 0.015 0.012
0.990 0.007 0.003
0.966 0.015 0.020
0.983 0.014 0.003
0.988 0.005 0.006
0.978 0.018 0.003
0.976 0.016 0.008
0.987 0.011 0.002
0.985 0.004 0.011
0.007 0.829 0.164
0.241 0.732 0.027
0.025 0.959 0.016
0.116 0.873 0.011
0.987 0.012 0.001
0.978 0.017 0.005
0.993 0.005 0.002
0.980 0.015 0.005
0.996 0.002 0.002
0.955 0.018 0.028
0.995 0.003 0.003
0.991 0.004 0.005
0.996 0.003 0.001
0.983 0.014 0.003
0.980 0.015 0.005
0.991 0.005 0.004
0.988 0.008 0.004
0.988 0.006 0.006
0.991 0.004 0.005
0.960 0.017 0.023
0.994 0.003 0.003
0.995 0.003 0.002
0.982 0.011 0.007
0.945 0.015 0.041
0.985 0.011 0.004
0.986 0.009 0.005
0.975 0.008 0.017
0.988 0.004 0.007
0.976 0.009 0.014
0.996 0.003 0.002
0.995 0.003 0.002
0.995 0.004 0.002
0.023 0.932 0.045
0.044 0.949 0.007
0.010 0.846 0.144
0.025 0.969 0.006
0.006 0.963 0.031
0.002 0.990 0.008
0.081 0.865 0.054
0.028 0.931 0.041
0.029 0.968 0.003
0.981 0.015 0.004
0.918 0.061 0.021
0.990 0.005 0.004
0.991 0.003 0.006
0.992 0.003 0.005
0.895 0.020 0.084
0.992 0.004 0.004
0.997 0.002 0.001
0.982 0.006 0.011
0.984 0.008 0.008
0.989 0.006 0.005
0.996 0.002 0.002
0.989 0.008 0.003
0.994 0.004 0.002
0.963 0.031 0.005
0.003 0.989 0.008
0.247 0.744 0.009
0.005 0.561 0.434
0.005 0.934 0.061
0.009 0.839 0.152
0.084 0.903 0.014
0.010 0.803 0.187
0.177 0.818 0.005
0.021 0.963 0.016
0.005 0.984 0.011
0.005 0.761 0.234
0.135 0.853 0.011
0.155 0.832 0.012
0.002 0.977 0.021
0.008 0.927 0.065
0.184 0.794 0.022
0.044 0.951 0.006
0.288 0.688 0.024
0.020 0.972 0.009
0.009 0.978 0.013
0.004 0.994 0.002
0.180 0.809 0.011
0.378 0.607 0.016
0.005 0.778 0.218
0.030 0.960 0.010
0.127 0.855 0.018
0.006 0.909 0.085
0.005 0.981 0.014
0.004 0.891 0.105
0.092 0.899 0.010
0.006 0.897 0.097
0.093 0.886 0.021
0.015 0.886 0.099
0.004 0.719 0.278
0.001 0.371 0.628
0.007 0.989 0.004
0.008 0.976 0.016
0.006 0.947 0.048
0.015 0.265 0.720
0.269 0.727 0.004
0.170 0.825 0.006
0.002 0.996 0.002
0.159 0.753 0.089
0.216 0.781 0.003
0.279 0.713 0.008
0.151 0.741 0.107
0.014 0.963 0.023
0.050 0.938 0.012
0.040 0.953 0.006
0.003 0.762 0.235
0.338 0.660 0.002
0.003 0.994 0.004
0.194 0.412 0.395
0.240 0.746 0.014
0.024 0.947 0.030
0.216 0.779 0.005
0.053 0.782 0.165
0.006 0.990 0.004
0.156 0.726 0.119
0.125 0.858 0.016
0.023 0.956 0.020
0.080 0.909 0.011
0.004 0.821 0.175
0.025 0.941 0.034
0.104 0.750 0.146
0.215 0.759 0.026
0.002 0.971 0.027
0.005 0.953 0.043
0.058 0.902 0.040
0.004 0.969 0.027
0.009 0.911 0.081
0.002 0.965 0.033
0.331 0.661 0.008
0.005 0.750 0.245
0.002 0.862 0.135
0.507 0.435 0.057
0.181 0.789 0.030
0.015 0.783 0.202
0.028 0.963 0.009
0.063 0.928 0.009
0.003 0.989 0.007
0.025 0.510 0.466
0.002 0.131 0.868
0.005 0.668 0.327
0.008 0.976 0.016
0.133 0.864 0.003
0.174 0.822 0.004
0.008 0.987 0.005
0.132 0.845 0.023
0.125 0.817 0.058
0.026 0.883 0.091
0.006 0.987 0.008
0.418 0.449 0.133
0.066 0.929 0.005
0.049 0.948 0.004
0.215 0.444 0.341
0.009 0.988 0.003
0.071 0.835 0.094
0.007 0.947 0.045
0.010 0.983 0.007
0.019 0.976 0.005
0.005 0.617 0.378
0.009 0.962 0.029
0.002 0.929 0.069
0.017 0.659 0.324
0.003 0.731 0.266
0.016 0.972 0.012
0.042 0.955 0.003
0.079 0.905 0.016
0.005 0.793 0.202
0.004 0.924 0.073
0.002 0.996 0.002
0.582 0.414 0.005
0.209 0.496 0.296
0.056 0.933 0.010
0.220 0.773 0.007
0.433 0.563 0.004
0.138 0.847 0.015
0.115 0.881 0.004
0.238 0.757 0.005
0.221 0.768 0.011
0.219 0.713 0.068
0.172 0.823 0.005
0.004 0.965 0.032
0.224 0.771 0.005
0.204 0.794 0.002
0.267 0.469 0.263
0.361 0.631 0.008
0.059 0.858 0.083
0.550 0.443 0.007
0.213 0.707 0.080
0.283 0.714 0.002
0.288 0.580 0.132
0.290 0.702 0.007
0.026 0.970 0.003
0.138 0.857 0.005
0.047 0.891 0.062
0.006 0.991 0.004
0.017 0.537 0.447
0.005 0.611 0.383
0.019 0.937 0.044
0.117 0.881 0.003
0.029 0.753 0.218
0.041 0.953 0.006
0.091 0.651 0.258
0.198 0.585 0.218
0.017 0.931 0.052
0.011 0.932 0.058
0.264 0.722 0.014
0.237 0.593 0.170
0.010 0.841 0.149
0.113 0.883 0.004
0.277 0.689 0.033
0.005 0.983 0.012
0.004 0.979 0.017
0.012 0.879 0.109
0.364 0.629 0.007
0.440 0.555 0.006
0.089 0.619 0.292
0.010 0.926 0.064
0.072 0.913 0.014
0.273 0.723 0.004
0.185 0.779 0.036
0.435 0.549 0.016
0.344 0.554 0.103
0.097 0.578 0.325
0.079 0.915 0.006
0.010 0.987 0.003
0.006 0.988 0.006
0.025 0.815 0.160
0.092 0.465 0.443
0.009 0.985 0.006
0.124 0.791 0.085
0.002 0.989 0.009
0.124 0.810 0.065
0.005 0.988 0.007
0.136 0.378 0.485
0.059 0.771 0.170
0.019 0.966 0.014
0.018 0.966 0.016
0.046 0.947 0.007
0.004 0.994 0.002
0.005 0.982 0.013
0.002 0.996 0.002
0.003 0.994 0.003
0.004 0.993 0.003
0.005 0.993 0.002
0.002 0.996 0.003
0.001 0.988 0.010
0.002 0.996 0.002
0.005 0.993 0.002
0.001 0.997 0.002
0.002 0.995 0.003
0.006 0.992 0.002
0.013 0.977 0.010
0.004 0.983 0.012
0.004 0.989 0.007
0.002 0.997 0.002
0.003 0.980 0.017
0.002 0.995 0.003
0.004 0.985 0.010
0.002 0.995 0.003
0.014 0.957 0.029
0.001 0.995 0.004
0.168 0.827 0.005
0.013 0.572 0.415
0.011 0.640 0.349
0.526 0.456 0.017
0.051 0.935 0.013
0.291 0.707 0.002
0.435 0.561 0.004
0.277 0.713 0.010
0.452 0.545 0.003
0.192 0.781 0.027
0.136 0.841 0.023
0.308 0.687 0.005
0.027 0.969 0.004
0.910 0.059 0.030
0.992 0.007 0.002
0.988 0.003 0.008
0.989 0.001 0.009
0.972 0.006 0.022
0.995 0.003 0.002
0.003 0.987 0.011
0.002 0.974 0.024
0.004 0.972 0.024
0.002 0.994 0.004
0.003 0.986 0.011
0.002 0.990 0.008
0.003 0.990 0.007
0.002 0.988 0.010
0.001 0.994 0.004
0.009 0.933 0.058
0.004 0.991 0.006
0.002 0.991 0.007
0.003 0.995 0.002
0.004 0.994 0.003
0.002 0.991 0.007
0.003 0.992 0.005
0.003 0.993 0.005
0.025 0.966 0.009
0.004 0.805 0.191
0.004 0.983 0.013
0.002 0.990 0.008
0.002 0.992 0.006
0.002 0.982 0.016
0.016 0.969 0.016
0.004 0.986 0.010
0.004 0.984 0.012
0.031 0.966 0.003
0.002 0.995 0.003
0.001 0.997 0.002
0.009 0.989 0.002
0.002 0.996 0.002
0.004 0.989 0.008
0.006 0.973 0.020
0.003 0.992 0.005
0.003 0.987 0.010
0.012 0.969 0.019
0.005 0.989 0.006
0.004 0.909 0.086
0.003 0.993 0.004
0.003 0.979 0.019
0.002 0.994 0.004
0.004 0.992 0.005
0.004 0.980 0.015
0.004 0.994 0.002
0.007 0.979 0.014
0.003 0.983 0.014
0.009 0.966 0.025
0.032 0.947 0.021
0.004 0.986 0.010
0.003 0.970 0.027
0.014 0.982 0.004
0.006 0.992 0.002
0.006 0.991 0.003
0.005 0.993 0.002
0.002 0.995 0.003
0.005 0.947 0.048
0.011 0.983 0.005
0.003 0.993 0.003
0.006 0.986 0.008
0.007 0.985 0.008
0.007 0.987 0.007
0.004 0.988 0.008
0.006 0.981 0.013
0.003 0.996 0.001
0.002 0.994 0.004
0.003 0.988 0.008
0.003 0.975 0.021
0.002 0.986 0.012
0.006 0.992 0.002
0.003 0.927 0.071
0.005 0.993 0.002
0.003 0.993 0.004
0.003 0.991 0.006
0.986 0.006 0.008
0.989 0.008 0.002
0.986 0.008 0.006
0.958 0.004 0.038
0.969 0.022 0.009
0.994 0.003 0.003
0.992 0.003 0.005
0.987 0.008 0.005
0.975 0.012 0.012
0.997 0.002 0.001
0.988 0.009 0.003
0.980 0.014 0.006
0.990 0.008 0.002
0.952 0.023 0.025
0.984 0.006 0.010
0.902 0.009 0.088
0.987 0.005 0.007
0.969 0.028 0.003
0.993 0.002 0.005
0.987 0.008 0.005
0.997 0.002 0.001
0.971 0.023 0.006
0.989 0.005 0.005
0.992 0.004 0.004
0.977 0.021 0.002
0.970 0.020 0.009
0.982 0.009 0.009
0.990 0.007 0.003
0.963 0.006 0.031
0.991 0.007 0.003
0.976 0.013 0.011
0.975 0.023 0.002
0.966 0.031 0.002
0.988 0.007 0.005
0.936 0.060 0.004
0.990 0.005 0.006
0.970 0.018 0.013
0.968 0.010 0.022
0.980 0.008 0.012
0.986 0.012 0.002
0.983 0.012 0.005
0.995 0.003 0.002
0.993 0.005 0.002
0.990 0.003 0.007
0.986 0.009 0.005
0.968 0.023 0.009
0.990 0.004 0.006
0.956 0.015 0.029
0.973 0.021 0.007
0.982 0.009 0.010
0.972 0.006 0.023
0.988 0.006 0.006
0.967 0.013 0.020
0.995 0.003 0.002
0.992 0.004 0.004
0.959 0.037 0.004
0.005 0.194 0.801
0.128 0.336 0.535
0.021 0.107 0.872
0.017 0.496 0.487
0.003 0.135 0.863
0.003 0.436 0.561
0.003 0.011 0.986
0.004 0.003 0.992
0.487 0.509 0.003
0.638 0.355 0.007
0.024 0.180 0.795
0.002 0.007 0.991
0.018 0.127 0.855
0.021 0.298 0.681
0.006 0.003 0.991
0.520 0.477 0.003
0.328 0.670 0.002
0.752 0.239 0.008
0.586 0.408 0.006
0.691 0.306 0.003
0.361 0.421 0.218
0.727 0.207 0.066
0.569 0.426 0.005
0.504 0.494 0.002
0.378 0.443 0.180
0.448 0.550 0.002
0.662 0.335 0.003
0.626 0.371 0.004
0.304 0.670 0.026
0.608 0.385 0.007
0.453 0.423 0.124
0.902 0.069 0.028
0.588 0.407 0.005
0.388 0.440 0.172
0.674 0.320 0.006
0.706 0.292 0.001
0.629 0.370 0.002
0.576 0.421 0.003
0.640 0.359 0.002
0.001 0.002 0.997
0.001 0.004 0.995
0.676 0.317 0.008
0.268 0.277 0.455
0.291 0.666 0.043
0.728 0.268 0.004
0.513 0.483 0.004
0.255 0.519 0.226
0.586 0.412 0.003
0.622 0.377 0.001
0.491 0.496 0.013
0.470 0.528 0.002
0.415 0.583 0.003
0.338 0.658 0.004
0.679 0.316 0.005
0.013 0.126 0.861
0.003 0.151 0.846
0.004 0.665 0.331
0.119 0.337 0.544
0.096 0.063 0.841
0.529 0.467 0.004
0.713 0.280 0.007
0.600 0.397 0.002
0.592 0.405 0.003
0.765 0.212 0.024
0.337 0.357 0.307
0.682 0.313 0.005
0.019 0.014 0.967
0.005 0.348 0.646
0.002 0.005 0.992
0.004 0.009 0.987
0.004 0.003 0.993
0.974 0.007 0.019
0.987 0.010 0.003
0.984 0.012 0.004
0.949 0.016 0.035
0.976 0.016 0.008
0.993 0.004 0.003
0.912 0.081 0.007
0.954 0.016 0.030
0.966 0.029 0.006
0.980 0.009 0.011
0.990 0.005 0.005
0.992 0.005 0.003
0.992 0.006 0.002
0.981 0.013 0.006
0.946 0.046 0.008
0.989 0.006 0.004
0.965 0.005 0.031
0.003 0.355 0.642
0.006 0.086 0.908
0.001 0.002 0.997
0.013 0.044 0.943
0.920 0.042 0.038
0.955 0.022 0.022
0.909 0.082 0.009
0.894 0.099 0.007
0.962 0.023 0.015
0.966 0.022 0.013
0.927 0.009 0.064
0.970 0.006 0.023
0.763 0.228 0.008
0.987 0.007 0.006
0.979 0.015 0.006
0.982 0.012 0.006
0.986 0.003 0.012
0.993 0.004 0.004
0.959 0.034 0.007
0.972 0.022 0.006
0.976 0.016 0.008
0.984 0.006 0.010
0.966 0.020 0.015
0.986 0.002 0.012
0.965 0.015 0.020
0.522 0.451 0.027
0.517 0.479 0.004
0.001 0.002 0.997
0.714 0.276 0.011
0.603 0.392 0.005
0.721 0.278 0.002
0.029 0.049 0.922
0.001 0.008 0.991
0.002 0.009 0.989
0.954 0.025 0.022
0.995 0.002 0.003
0.994 0.003 0.003
0.967 0.019 0.013
0.993 0.004 0.003
0.987 0.007 0.005
0.990 0.005 0.005
0.877 0.045 0.078
0.931 0.032 0.037
0.920 0.054 0.026
0.968 0.009 0.023
0.985 0.010 0.005
0.936 0.057 0.007
0.995 0.003 0.002
0.970 0.017 0.013
0.967 0.027 0.005
0.997 0.002 0.001
0.147 0.012 0.841
0.016 0.140 0.845
0.447 0.530 0.023
0.642 0.353 0.004
0.696 0.301 0.003
0.963 0.032 0.006
0.990 0.005 0.005
0.987 0.005 0.007
0.996 0.003 0.001
0.992 0.005 0.003
0.981 0.012 0.007
0.987 0.009 0.004
0.988 0.007 0.005
0.978 0.017 0.005
0.990 0.006 0.004
0.961 0.024 0.015
0.990 0.003 0.007
0.987 0.007 0.006
0.995 0.003 0.002
0.997 0.002 0.001
0.995 0.002 0.003
0.952 0.040 0.007
0.994 0.003 0.003
0.974 0.007 0.019
0.995 0.002 0.003
0.002 0.994 0.004
0.007 0.984 0.009
0.003 0.989 0.008
0.003 0.983 0.014
0.003 0.995 0.002
0.002 0.993 0.005
0.003 0.987 0.010
0.009 0.983 0.008
0.002 0.990 0.007
0.003 0.994 0.002
0.005 0.993 0.002
0.010 0.959 0.031
0.002 0.995 0.003
0.003 0.971 0.027
0.928 0.019 0.053
0.227 0.771 0.002
0.253 0.744 0.003
0.002 0.001 0.997
0.007 0.430 0.563
0.782 0.212 0.005
0.409 0.585 0.007
0.620 0.375 0.005
0.472 0.524 0.004
0.546 0.431 0.023
0.589 0.409 0.003
0.761 0.233 0.005
0.525 0.249 0.226
0.785 0.210 0.006
0.590 0.408 0.001
0.714 0.283 0.003
0.002 0.256 0.742
0.007 0.065 0.928
0.004 0.159 0.837
0.002 0.153 0.845
0.638 0.359 0.003
0.537 0.446 0.017
0.679 0.317 0.003
0.551 0.445 0.003
0.335 0.657 0.008
0.506 0.486 0.007
0.643 0.347 0.010
0.385 0.606 0.010
0.149 0.028 0.823
0.002 0.004 0.994
0.003 0.005 0.992
0.433 0.561 0.005
0.001 0.116 0.882
0.001 0.001 0.997
0.001 0.004 0.994
0.007 0.013 0.980
0.139 0.077 0.784
0.003 0.003 0.994
0.002 0.003 0.995
0.006 0.146 0.848
0.004 0.006 0.989
0.013 0.386 0.601
0.003 0.003 0.994
0.010 0.017 0.972
0.011 0.253 0.736
0.476 0.521 0.003
0.534 0.457 0.009
0.985 0.013 0.002
0.971 0.009 0.020
0.990 0.005 0.005
0.991 0.003 0.006
0.993 0.005 0.002
0.992 0.004 0.004
0.993 0.003 0.004
0.990 0.006 0.004
0.985 0.004 0.011
0.961 0.033 0.006
0.993 0.003 0.004
0.982 0.010 0.008
0.988 0.010 0.002
0.993 0.004 0.002
0.994 0.004 0.002
0.986 0.009 0.005
0.945 0.004 0.051
0.902 0.050 0.049
0.992 0.006 0.002
0.937 0.050 0.013
0.970 0.014 0.016
0.976 0.012 0.012
0.935 0.018 0.046
0.981 0.014 0.005
0.976 0.010 0.014
0.989 0.007 0.004
0.930 0.043 0.026
0.969 0.026 0.005
0.981 0.007 0.012
0.986 0.010 0.004
0.988 0.010 0.003
0.995 0.003 0.002
0.981 0.009 0.009
0.961 0.029 0.010
0.993 0.004 0.003
0.001 0.003 0.996
0.009 0.342 0.649
0.043 0.717 0.240
0.005 0.317 0.678
0.001 0.002 0.997
0.007 0.335 0.658
0.050 0.122 0.828
0.009 0.006 0.985
0.081 0.001 0.919
0.005 0.337 0.658
0.001 0.002 0.997
0.006 0.229 0.765
0.005 0.009 0.986
0.009 0.019 0.972
0.001 0.002 0.997
0.007 0.007 0.986
0.005 0.006 0.990
0.001 0.005 0.993
0.002 0.007 0.991
0.004 0.389 0.608
0.002 0.002 0.996
0.051 0.029 0.920
0.002 0.003 0.995
0.018 0.563 0.419
0.001 0.003 0.996
0.265 0.728 0.008
0.233 0.763 0.004
0.010 0.981 0.009
0.017 0.978 0.005
0.002 0.004 0.994
0.039 0.008 0.953
0.024 0.006 0.969
0.016 0.496 0.488
0.005 0.340 0.655
0.011 0.476 0.513
0.002 0.003 0.995
0.986 0.008 0.006
0.995 0.002 0.003
0.973 0.005 0.022
0.987 0.009 0.004
0.002 0.003 0.995
0.003 0.006 0.992
0.005 0.008 0.987
0.023 0.265 0.712
0.005 0.003 0.993
0.002 0.004 0.994
0.119 0.014 0.867
0.003 0.009 0.988
0.002 0.167 0.831
0.010 0.021 0.968
0.009 0.026 0.966
0.001 0.001 0.997
0.005 0.010 0.985
0.002 0.009 0.989
0.004 0.011 0.985
0.004 0.015 0.982
0.001 0.003 0.996
0.001 0.002 0.998
0.001 0.002 0.997
0.002 0.004 0.994
0.024 0.009 0.967
0.005 0.004 0.991
0.038 0.029 0.932
0.002 0.005 0.993
0.005 0.036 0.958
0.002 0.003 0.995
0.002 0.005 0.993
0.128 0.869 0.003
0.126 0.818 0.056
0.331 0.656 0.013
0.180 0.792 0.027
0.206 0.790 0.005
0.002 0.008 0.990
0.002 0.007 0.991
0.007 0.069 0.924
0.007 0.018 0.975
0.005 0.037 0.958
0.002 0.002 0.996
0.008 0.004 0.988
0.001 0.004 0.994
0.007 0.023 0.971
0.004 0.013 0.983
0.010 0.022 0.968
0.025 0.020 0.955
0.004 0.003 0.993
0.001 0.006 0.993
0.001 0.001 0.998
0.002 0.012 0.986
0.103 0.894 0.003
0.162 0.835 0.003
0.170 0.794 0.036
0.220 0.770 0.010
0.138 0.846 0.016
0.210 0.781 0.009
0.168 0.827 0.005
0.144 0.852 0.004
0.115 0.879 0.005
0.180 0.803 0.017
0.004 0.017 0.978
0.004 0.005 0.991
0.029 0.004 0.967
0.009 0.005 0.986
0.004 0.004 0.992
0.001 0.002 0.997
0.029 0.955 0.016
0.070 0.918 0.012
0.171 0.772 0.057
0.304 0.686 0.011
0.222 0.763 0.014
0.357 0.611 0.032
0.063 0.923 0.014
0.109 0.886 0.004
0.165 0.824 0.011
0.196 0.784 0.020
0.151 0.836 0.013
0.187 0.809 0.004
0.216 0.763 0.021
0.018 0.018 0.963
0.001 0.004 0.995
0.006 0.005 0.989
0.004 0.011 0.985
0.002 0.002 0.997
0.012 0.015 0.973
0.308 0.683 0.008
0.337 0.659 0.004
0.326 0.667 0.007
0.068 0.922 0.010
0.238 0.655 0.107
0.186 0.803 0.010
0.228 0.683 0.089
0.042 0.950 0.008
0.224 0.771 0.005
0.001 0.004 0.995
0.032 0.005 0.963
0.001 0.002 0.997
0.001 0.001 0.998
0.007 0.021 0.972
0.006 0.002 0.992
0.006 0.004 0.991
0.002 0.004 0.994
0.002 0.002 0.997
0.246 0.747 0.007
0.283 0.713 0.004
0.308 0.676 0.016
0.136 0.859 0.005
0.175 0.822 0.003
0.230 0.762 0.008
0.345 0.654 0.001
0.234 0.764 0.002
0.229 0.744 0.027
0.244 0.738 0.018
0.338 0.646 0.016
0.319 0.667 0.014
0.004 0.024 0.973
0.024 0.012 0.965
0.006 0.010 0.984
0.001 0.002 0.997
0.006 0.004 0.991
0.002 0.002 0.997
0.048 0.071 0.881
0.020 0.166 0.814
0.005 0.005 0.990
0.018 0.060 0.922
0.009 0.017 0.974
0.005 0.017 0.979
0.006 0.006 0.988
0.002 0.014 0.984
0.014 0.008 0.978
0.002 0.002 0.997
0.001 0.001 0.997
0.013 0.024 0.963
0.003 0.005 0.993
0.003 0.005 0.992
0.002 0.002 0.996
0.005 0.008 0.988
0.010 0.015 0.975
0.001 0.001 0.998
0.001 0.012 0.986
0.035 0.006 0.959
0.003 0.002 0.995
0.003 0.004 0.993
0.004 0.006 0.990
0.002 0.111 0.888
0.039 0.069 0.892
0.001 0.008 0.991
0.001 0.006 0.992
0.001 0.001 0.998
0.014 0.025 0.961
0.001 0.002 0.997
0.007 0.004 0.989
0.004 0.002 0.993
0.007 0.007 0.986
0.004 0.003 0.993
0.001 0.006 0.993
0.004 0.005 0.991
0.003 0.001 0.996
0.002 0.003 0.995
0.002 0.004 0.993
0.002 0.003 0.995
0.003 0.004 0.993
0.004 0.003 0.993
0.008 0.004 0.989
0.002 0.008 0.990
0.005 0.003 0.992
0.002 0.003 0.995
0.003 0.002 0.995
0.002 0.003 0.996
0.001 0.001 0.998
0.001 0.003 0.995
0.005 0.008 0.987
0.017 0.012 0.972
0.476 0.515 0.009
0.287 0.706 0.007
0.407 0.570 0.023
0.421 0.572 0.007
0.189 0.800 0.011
0.037 0.927 0.036
0.161 0.832 0.007
0.170 0.828 0.002
0.168 0.814 0.017
0.202 0.769 0.029
0.003 0.021 0.976
0.003 0.012 0.984
0.003 0.029 0.968
0.005 0.017 0.979
0.001 0.002 0.997
0.001 0.004 0.995
0.008 0.010 0.982
0.001 0.002 0.997
0.001 0.001 0.997
0.006 0.018 0.976
0.008 0.011 0.981
0.002 0.003 0.995
0.004 0.004 0.992
0.002 0.004 0.995
0.002 0.007 0.991
0.001 0.002 0.997
0.006 0.003 0.991
0.001 0.003 0.996
0.003 0.022 0.975
0.005 0.009 0.985
0.002 0.003 0.995
0.002 0.007 0.991
0.003 0.003 0.994
0.001 0.001 0.998
0.004 0.004 0.992
0.004 0.002 0.994
0.002 0.031 0.966
0.002 0.004 0.994
0.001 0.003 0.996
0.002 0.002 0.997
0.017 0.011 0.972
0.005 0.005 0.991
0.015 0.070 0.914
0.004 0.004 0.993
0.002 0.002 0.996
0.001 0.001 0.998
0.002 0.002 0.996
0.001 0.001 0.998
0.001 0.004 0.995
0.002 0.002 0.997
0.003 0.006 0.991
0.002 0.004 0.994
0.001 0.003 0.995
0.013 0.003 0.984
0.001 0.002 0.997
0.002 0.003 0.995
0.001 0.001 0.997
0.006 0.003 0.991
0.002 0.001 0.997
0.002 0.003 0.996
0.002 0.006 0.992
0.002 0.003 0.996
0.005 0.005 0.991
0.002 0.004 0.994
0.002 0.003 0.995
0.001 0.003 0.996
0.005 0.007 0.988
0.004 0.021 0.974
0.002 0.002 0.996
0.003 0.002 0.995
0.002 0.007 0.991
0.002 0.002 0.996
0.002 0.002 0.995
0.003 0.003 0.994
0.006 0.004 0.990
0.002 0.011 0.987
0.002 0.002 0.996
0.002 0.005 0.993
0.002 0.003 0.995
0.027 0.006 0.968
0.002 0.006 0.991
0.003 0.002 0.995
0.002 0.003 0.995
0.006 0.004 0.990
0.003 0.029 0.968
0.002 0.008 0.990
0.001 0.001 0.998
0.002 0.004 0.993
0.002 0.004 0.994
0.001 0.001 0.997
0.003 0.002 0.995
0.001 0.002 0.997
0.007 0.020 0.973
0.001 0.001 0.998
0.207 0.791 0.002
0.382 0.615 0.003
0.198 0.792 0.010
0.265 0.729 0.006
0.180 0.818 0.001
0.020 0.877 0.103
0.002 0.006 0.992
0.003 0.002 0.995
0.002 0.004 0.994
0.008 0.003 0.989
0.002 0.002 0.996
0.005 0.002 0.993
0.005 0.007 0.989
0.004 0.003 0.993
0.002 0.007 0.991
0.004 0.004 0.992
0.006 0.012 0.982
0.003 0.009 0.988
0.003 0.013 0.984
0.002 0.005 0.993
0.004 0.003 0.993
0.002 0.005 0.993
0.003 0.002 0.995
0.005 0.014 0.982
0.002 0.002 0.997
0.002 0.004 0.995
0.001 0.003 0.996
0.002 0.002 0.996
0.001 0.002 0.997
0.005 0.008 0.987
0.002 0.003 0.996
0.002 0.004 0.994
0.001 0.003 0.996
0.003 0.003 0.994
0.002 0.007 0.991
0.003 0.002 0.995
0.002 0.002 0.996
0.004 0.001 0.995
0.001 0.004 0.995
0.001 0.002 0.996
0.001 0.003 0.996
0.001 0.002 0.997
0.002 0.002 0.996
0.003 0.006 0.991
0.002 0.002 0.996
0.002 0.003 0.996
0.004 0.003 0.993
0.002 0.002 0.996
0.002 0.006 0.992
0.004 0.016 0.980
0.015 0.014 0.971
0.002 0.004 0.994
0.010 0.021 0.969
0.002 0.001 0.997
0.009 0.005 0.986
0.002 0.007 0.991
0.002 0.004 0.994
0.004 0.007 0.990
0.001 0.001 0.998
0.001 0.002 0.997
0.003 0.006 0.991
0.001 0.004 0.994
0.003 0.002 0.995
0.002 0.002 0.997
0.002 0.002 0.996
0.002 0.003 0.995
0.003 0.008 0.989
0.004 0.015 0.981
0.002 0.003 0.995
0.018 0.014 0.968
0.002 0.002 0.996
0.005 0.005 0.990
0.001 0.002 0.997
0.003 0.005 0.991
0.002 0.002 0.996
0.001 0.002 0.997
0.002 0.002 0.996
0.007 0.002 0.991
0.005 0.004 0.990
0.002 0.002 0.996
0.233 0.762 0.006
0.151 0.843 0.006
0.317 0.575 0.109
0.004 0.019 0.977
0.003 0.003 0.994
0.004 0.017 0.978
0.003 0.002 0.995
0.002 0.002 0.996
0.005 0.005 0.990
0.003 0.001 0.995
0.001 0.002 0.997
0.005 0.008 0.988
0.005 0.003 0.992
0.009 0.022 0.969
0.001 0.001 0.998
0.006 0.011 0.983
0.003 0.006 0.990
0.006 0.028 0.966
0.005 0.003 0.993
0.001 0.002 0.997
0.003 0.051 0.945
0.011 0.006 0.983
0.003 0.007 0.990
0.001 0.003 0.996
0.001 0.002 0.998
0.001 0.002 0.996
0.002 0.002 0.996
0.003 0.004 0.994
0.253 0.741 0.006
0.398 0.572 0.029
0.311 0.666 0.022
0.144 0.840 0.016
0.558 0.378 0.064
0.352 0.635 0.013
0.269 0.701 0.030
0.477 0.516 0.007
0.420 0.576 0.005
0.318 0.675 0.007
0.389 0.606 0.005
0.303 0.688 0.009
0.442 0.548 0.010
0.099 0.851 0.050
0.126 0.869 0.005
0.189 0.802 0.008
0.140 0.837 0.024
0.014 0.979 0.007
0.267 0.732 0.001
0.293 0.699 0.008
0.250 0.738 0.012
0.370 0.524 0.106
0.311 0.672 0.017
0.421 0.557 0.021
0.359 0.577 0.064
0.333 0.639 0.028
0.240 0.750 0.010
0.284 0.706 0.011
0.150 0.776 0.075
0.256 0.681 0.063
0.373 0.611 0.017
0.343 0.652 0.005
0.345 0.633 0.022
0.297 0.697 0.006
0.234 0.741 0.026
0.321 0.672 0.006
0.366 0.633 0.001
0.227 0.723 0.049
0.240 0.670 0.090
0.293 0.702 0.005
0.202 0.615 0.183
0.374 0.589 0.038
0.308 0.686 0.006
0.257 0.739 0.003
0.299 0.681 0.020
0.324 0.669 0.007
0.439 0.551 0.010
0.246 0.722 0.032
0.376 0.607 0.016
0.388 0.554 0.058
0.342 0.616 0.042
0.394 0.581 0.024
0.255 0.656 0.089
0.296 0.679 0.025
0.259 0.732 0.008
0.094 0.795 0.111
0.345 0.609 0.047
0.388 0.606 0.006
0.174 0.751 0.075
0.316 0.661 0.023
0.277 0.704 0.019
0.236 0.761 0.003
0.363 0.631 0.006
0.315 0.665 0.020
0.376 0.589 0.035
0.296 0.643 0.061
0.024 0.971 0.004
0.357 0.634 0.008
0.228 0.726 0.046
0.305 0.640 0.055
0.330 0.664 0.006
0.197 0.797 0.006
0.222 0.768 0.010
0.128 0.857 0.015
0.336 0.661 0.003
0.426 0.512 0.062
0.278 0.717 0.005
0.317 0.662 0.022
0.300 0.687 0.013
0.234 0.762 0.004
0.339 0.651 0.010
0.240 0.745 0.016
0.360 0.624 0.016
0.329 0.664 0.007
0.272 0.653 0.075
0.226 0.751 0.023
0.374 0.611 0.015
0.183 0.812 0.004
0.547 0.448 0.005
0.220 0.754 0.026
0.074 0.914 0.012
0.199 0.676 0.125
0.250 0.743 0.007
0.259 0.732 0.008
0.202 0.763 0.035
0.255 0.737 0.007
0.215 0.711 0.074
0.332 0.657 0.010
0.270 0.721 0.009
0.317 0.680 0.003
0.264 0.733 0.003
0.277 0.713 0.010
0.243 0.754 0.003
0.360 0.601 0.038
0.216 0.771 0.013
0.278 0.720 0.001
0.217 0.709 0.075
0.224 0.772 0.004
0.317 0.681 0.002
0.108 0.886 0.006
0.337 0.603 0.060
0.418 0.578 0.004
0.405 0.491 0.104
0.444 0.505 0.051
0.384 0.613 0.003
0.223 0.688 0.089
0.376 0.490 0.134
0.371 0.591 0.039
0.484 0.504 0.012
0.361 0.633 0.007
0.424 0.565 0.011
0.477 0.512 0.011
0.302 0.683 0.015
0.449 0.519 0.032
0.405 0.589 0.006
0.406 0.534 0.060
0.293 0.701 0.006
0.421 0.572 0.007
0.507 0.480 0.014
0.453 0.534 0.013
0.308 0.668 0.024
0.279 0.720 0.001
0.363 0.629 0.008
0.227 0.726 0.047
0.358 0.636 0.006
0.283 0.697 0.021
0.357 0.631 0.012
0.262 0.703 0.035
0.232 0.764 0.004
0.286 0.695 0.019
0.381 0.613 0.006
0.375 0.580 0.045
0.455 0.539 0.006
0.463 0.509 0.028
0.236 0.711 0.053
0.313 0.603 0.085
0.346 0.650 0.004
0.275 0.716 0.009
0.055 0.848 0.098
0.411 0.524 0.066
0.228 0.717 0.055
0.365 0.626 0.010
0.356 0.635 0.010
0.234 0.727 0.039
0.272 0.725 0.003
0.235 0.728 0.037
0.350 0.645 0.005
0.141 0.757 0.103
0.147 0.849 0.003
0.263 0.716 0.020
0.151 0.843 0.006
0.281 0.708 0.011
0.333 0.649 0.018
0.222 0.759 0.019
0.142 0.826 0.032
0.223 0.705 0.072
0.275 0.685 0.039
0.246 0.694 0.059
0.236 0.738 0.026
0.275 0.718 0.007
0.149 0.824 0.027
0.169 0.818 0.013
0.349 0.642 0.010
0.433 0.551 0.016
0.492 0.495 0.014
0.420 0.577 0.003
0.353 0.639 0.008
0.319 0.669 0.012
0.314 0.583 0.103
0.233 0.765 0.002
0.342 0.656 0.002
0.330 0.666 0.004
0.289 0.699 0.012
0.544 0.443 0.013
0.437 0.558 0.005
0.219 0.772 0.010
0.408 0.574 0.018
0.288 0.693 0.019
0.368 0.575 0.057
0.416 0.576 0.008
0.445 0.546 0.009
0.266 0.722 0.012
0.255 0.711 0.035
0.341 0.655 0.004
0.226 0.760 0.013
0.388 0.605 0.007
0.355 0.635 0.009
0.313 0.667 0.020
0.293 0.692 0.015
0.201 0.738 0.061
0.426 0.499 0.075
0.271 0.704 0.025
0.258 0.710 0.032
0.318 0.572 0.110
0.325 0.630 0.045
0.176 0.820 0.004
0.170 0.825 0.006
0.480 0.510 0.010
0.269 0.724 0.007
0.219 0.773 0.009
0.269 0.723 0.008
0.280 0.717 0.002
0.283 0.705 0.012
0.365 0.628 0.007
0.315 0.677 0.008
0.163 0.831 0.006
0.366 0.622 0.012
0.211 0.764 0.024
0.424 0.570 0.006
0.312 0.680 0.008
0.156 0.761 0.083
0.300 0.675 0.025
0.366 0.594 0.040
0.136 0.861 0.003
0.216 0.775 0.009
0.316 0.652 0.032
0.312 0.682 0.005
0.366 0.629 0.004
0.328 0.628 0.044
0.252 0.745 0.003
0.403 0.589 0.008
0.116 0.869 0.015
0.307 0.678 0.015
0.332 0.649 0.019
0.420 0.569 0.011
0.413 0.572 0.015
0.178 0.796 0.025
0.338 0.653 0.009
0.382 0.616 0.002
0.383 0.613 0.004
0.257 0.735 0.009
0.218 0.773 0.009
0.311 0.661 0.028
0.374 0.611 0.016
0.188 0.806 0.006
0.213 0.767 0.020
0.272 0.712 0.016
0.245 0.687 0.068
0.294 0.702 0.004
0.321 0.662 0.017
0.207 0.684 0.109
0.267 0.722 0.011
0.328 0.661 0.011
0.307 0.677 0.016
0.204 0.753 0.043
0.403 0.587 0.009
0.345 0.643 0.012
0.276 0.689 0.035
0.348 0.643 0.009
0.298 0.698 0.003
0.381 0.594 0.025
0.289 0.689 0.022
0.171 0.818 0.011
0.367 0.626 0.007
0.250 0.747 0.003
0.310 0.680 0.010
0.267 0.683 0.050
0.429 0.566 0.005
0.359 0.532 0.109
0.434 0.553 0.012
0.313 0.679 0.008
0.345 0.651 0.004
0.380 0.593 0.028
0.320 0.669 0.011
0.266 0.713 0.022
0.283 0.712 0.005
0.553 0.441 0.006
0.368 0.623 0.009
0.340 0.656 0.004
0.442 0.542 0.016
0.250 0.743 0.008
0.367 0.614 0.018
0.410 0.564 0.026
0.378 0.617 0.005
0.488 0.500 0.012
0.460 0.534 0.006
0.208 0.684 0.108
0.156 0.765 0.078
0.433 0.557 0.010
0.280 0.718 0.002
0.438 0.553 0.010
0.357 0.623 0.020
0.353 0.642 0.005
0.210 0.747 0.044
0.222 0.772 0.006
0.284 0.680 0.036
0.314 0.664 0.022
0.312 0.682 0.007
0.221 0.770 0.009
0.333 0.659 0.009
0.315 0.679 0.006
0.320 0.653 0.026
0.169 0.826 0.005
0.189 0.801 0.011
0.258 0.738 0.004
0.404 0.582 0.015
0.229 0.761 0.010
0.379 0.576 0.045
0.201 0.768 0.031
0.385 0.604 0.011
0.010 0.987 0.003
0.003 0.984 0.013
0.021 0.976 0.002
0.007 0.989 0.004
0.004 0.995 0.002
0.009 0.989 0.002
0.005 0.989 0.006
0.006 0.990 0.004
0.002 0.997 0.002
0.003 0.994 0.003
0.003 0.994 0.002
0.010 0.978 0.012
0.003 0.993 0.004
0.007 0.985 0.008
0.005 0.994 0.002
0.003 0.988 0.009
0.002 0.994 0.004
0.004 0.995 0.002
0.006 0.992 0.002
0.005 0.986 0.009
0.005 0.988 0.007
0.010 0.984 0.006
0.003 0.988 0.009
0.006 0.988 0.006
0.004 0.973 0.023
0.010 0.987 0.003
0.002 0.992 0.005
0.004 0.987 0.008
0.003 0.995 0.002
0.008 0.990 0.002
0.004 0.991 0.005
0.019 0.980 0.002
0.010 0.983 0.006
0.002 0.982 0.016
0.003 0.985 0.012
0.012 0.985 0.004
0.002 0.985 0.013
0.003 0.995 0.002
0.009 0.988 0.003
0.001 0.997 0.001
0.003 0.986 0.010
0.008 0.986 0.007
0.003 0.996 0.002
0.002 0.988 0.010
0.017 0.981 0.002
0.004 0.995 0.001
0.005 0.991 0.004
0.004 0.977 0.019
0.002 0.994 0.004
0.002 0.993 0.005
0.007 0.988 0.006
0.012 0.972 0.016
0.002 0.995 0.004
0.003 0.990 0.007
0.021 0.975 0.004
0.018 0.976 0.006
0.002 0.995 0.003
0.003 0.994 0.003
0.005 0.981 0.014
0.002 0.995 0.004
0.002 0.994 0.004
0.007 0.989 0.004
0.011 0.986 0.003
0.006 0.990 0.004
0.003 0.989 0.008
0.002 0.987 0.012
0.005 0.993 0.002
0.002 0.982 0.016
0.006 0.991 0.002
0.004 0.992 0.004
0.003 0.994 0.003
0.004 0.992 0.005
0.002 0.990 0.008
0.009 0.988 0.003
0.001 0.996 0.003
0.004 0.988 0.008
0.004 0.993 0.003
0.004 0.988 0.008
0.009 0.988 0.003
0.005 0.990 0.004
0.003 0.993 0.004
0.002 0.996 0.003
0.002 0.994 0.003
0.005 0.984 0.011
0.004 0.994 0.002
0.006 0.986 0.008
0.013 0.980 0.006
0.004 0.991 0.005
0.007 0.986 0.006
0.005 0.986 0.009
0.006 0.990 0.004
0.004 0.993 0.003
0.008 0.981 0.010
0.003 0.992 0.005
0.026 0.969 0.005
0.004 0.980 0.017
0.003 0.982 0.015
0.004 0.976 0.019
0.002 0.994 0.004
0.002 0.002 0.996
0.010 0.023 0.967
0.005 0.018 0.976
0.015 0.011 0.975
0.002 0.002 0.996
0.001 0.003 0.996
0.001 0.002 0.996
0.001 0.002 0.996
0.003 0.003 0.994
0.003 0.008 0.989
0.003 0.004 0.993
0.004 0.009 0.987
0.002 0.002 0.996
0.002 0.002 0.995
0.002 0.004 0.994
0.006 0.008 0.986
0.001 0.002 0.997
0.019 0.009 0.973
0.005 0.006 0.989
0.971 0.016 0.013
0.975 0.010 0.015
0.982 0.008 0.010
0.986 0.006 0.008
0.990 0.006 0.005
0.868 0.130 0.002
0.990 0.009 0.001
0.993 0.005 0.002
0.995 0.002 0.003
0.982 0.014 0.004
0.990 0.004 0.005
0.978 0.017 0.005
0.982 0.012 0.005
0.983 0.010 0.008
0.980 0.014 0.007
0.994 0.001 0.005
0.970 0.016 0.014
0.991 0.003 0.006
0.940 0.045 0.015
0.980 0.011 0.009
0.990 0.007 0.004
0.994 0.003 0.003
0.991 0.005 0.003
0.983 0.011 0.006
0.797 0.202 0.002
0.928 0.020 0.052
0.935 0.031 0.034
0.979 0.013 0.008
0.975 0.018 0.007
0.949 0.042 0.008
0.984 0.014 0.002
0.978 0.015 0.007
0.979 0.014 0.007
0.841 0.007 0.152
0.995 0.004 0.002
0.986 0.011 0.002
0.993 0.002 0.004
0.996 0.002 0.002
0.975 0.018 0.008
0.991 0.006 0.003
0.974 0.022 0.004
0.985 0.010 0.006
0.979 0.017 0.004
0.996 0.002 0.002
0.993 0.006 0.002
0.992 0.005 0.003
0.976 0.006 0.018
0.972 0.020 0.007
0.987 0.008 0.004
0.991 0.005 0.004
0.882 0.102 0.016
0.990 0.008 0.002
0.987 0.010 0.003
0.978 0.006 0.016
0.995 0.004 0.002
0.988 0.010 0.002
0.839 0.029 0.132
0.983 0.014 0.003
0.954 0.041 0.005
0.969 0.013 0.018
0.995 0.004 0.001
0.975 0.023 0.002
0.938 0.017 0.044
0.971 0.007 0.022
0.988 0.009 0.003
0.994 0.003 0.003
0.990 0.004 0.007
0.986 0.004 0.011
0.991 0.006 0.003
0.775 0.216 0.009
0.978 0.013 0.009
0.939 0.024 0.037
0.979 0.016 0.004
0.966 0.025 0.009
0.899 0.082 0.018
0.983 0.012 0.005
0.981 0.010 0.008
0.955 0.034 0.012
0.977 0.010 0.013
0.981 0.005 0.014
0.957 0.025 0.017
0.950 0.020 0.031
0.983 0.008 0.008
0.991 0.003 0.006
0.977 0.015 0.008
0.981 0.008 0.011
0.970 0.011 0.019
0.996 0.002 0.001
0.968 0.024 0.009
0.981 0.010 0.009
0.937 0.036 0.027
0.950 0.027 0.022
0.993 0.004 0.003
0.968 0.028 0.003
0.988 0.009 0.003
0.976 0.016 0.008
0.992 0.005 0.003
0.992 0.004 0.005
0.993 0.005 0.002
0.968 0.028 0.004
0.991 0.003 0.006
0.983 0.012 0.005
0.992 0.006 0.003
0.009 0.016 0.975
0.004 0.006 0.990
0.002 0.004 0.995
0.003 0.003 0.994
0.002 0.003 0.995
0.002 0.012 0.987
0.004 0.003 0.993
0.003 0.004 0.994
0.002 0.007 0.991
0.003 0.003 0.994
0.005 0.009 0.986
0.002 0.006 0.992
0.001 0.002 0.997
0.026 0.003 0.971
0.001 0.002 0.996
0.002 0.004 0.995
0.001 0.005 0.994
0.003 0.002 0.996
0.002 0.003 0.996
0.004 0.010 0.986
0.004 0.012 0.985
0.002 0.002 0.997
0.001 0.003 0.996
0.001 0.002 0.997
0.003 0.004 0.993
0.001 0.005 0.994
0.002 0.003 0.994
0.001 0.001 0.998
0.004 0.004 0.992
0.959 0.035 0.005
0.940 0.056 0.004
0.970 0.025 0.005
0.986 0.010 0.004
0.795 0.193 0.013
0.954 0.023 0.023
0.990 0.005 0.005
0.977 0.020 0.003
0.873 0.015 0.113
0.960 0.031 0.009
0.994 0.003 0.004
0.821 0.170 0.009
0.992 0.004 0.004
0.883 0.112 0.005
0.985 0.011 0.004
0.993 0.004 0.002
0.968 0.027 0.005
0.951 0.025 0.024
0.970 0.020 0.010
0.980 0.015 0.005
0.969 0.023 0.008
0.980 0.016 0.004
0.990 0.006 0.004
0.989 0.008 0.004
0.805 0.008 0.187
0.996 0.002 0.002
0.801 0.195 0.004
0.920 0.058 0.022
0.985 0.008 0.007
0.994 0.003 0.003
0.988 0.008 0.004
0.757 0.220 0.023
0.994 0.005 0.002
0.973 0.009 0.018
0.946 0.049 0.006
0.992 0.004 0.003
0.966 0.022 0.012
0.932 0.008 0.060
0.981 0.015 0.004
0.854 0.142 0.004
0.940 0.004 0.056
0.961 0.029 0.010
0.981 0.009 0.010
0.990 0.007 0.003
0.976 0.020 0.004
0.930 0.045 0.025
0.992 0.004 0.004
0.993 0.004 0.003
0.935 0.060 0.005
0.954 0.014 0.032
0.969 0.020 0.011
0.982 0.013 0.005
0.958 0.033 0.009
0.966 0.024 0.010
0.906 0.081 0.012
0.971 0.024 0.005
0.975 0.023 0.002
0.989 0.006 0.005
0.986 0.010 0.004
0.990 0.005 0.005
0.979 0.015 0.006
0.974 0.023 0.003
0.960 0.037 0.003
0.988 0.010 0.002
0.916 0.080 0.004
0.992 0.005 0.003
0.983 0.011 0.006
0.973 0.024 0.002
0.974 0.010 0.016
0.995 0.003 0.002
0.003 0.002 0.995
0.002 0.007 0.991
0.009 0.050 0.941
0.003 0.007 0.990
0.003 0.003 0.995
0.008 0.017 0.976
0.016 0.098 0.886
0.011 0.051 0.938
0.037 0.018 0.945
0.005 0.011 0.984
0.019 0.111 0.870
0.005 0.014 0.980
0.006 0.012 0.982
0.021 0.006 0.973
0.016 0.011 0.973
0.003 0.006 0.991
0.034 0.112 0.854
0.002 0.026 0.972
0.993 0.005 0.002
0.991 0.004 0.005
0.989 0.004 0.007
0.959 0.031 0.009
0.988 0.010 0.003
0.993 0.003 0.004
0.941 0.050 0.009
0.991 0.004 0.005
0.997 0.002 0.002
0.984 0.013 0.003
0.953 0.024 0.024
0.987 0.011 0.002
0.986 0.008 0.005
0.935 0.056 0.009
0.941 0.013 0.046
0.977 0.018 0.004
0.960 0.036 0.004
0.982 0.007 0.011
0.994 0.003 0.003
0.978 0.006 0.015
0.988 0.007 0.005
0.979 0.007 0.015
0.926 0.066 0.008
0.988 0.008 0.004
0.976 0.019 0.005
0.974 0.013 0.013
0.981 0.014 0.005
0.934 0.060 0.006
0.980 0.017 0.003
0.953 0.036 0.011
0.976 0.011 0.013
0.962 0.023 0.015
0.962 0.025 0.013
0.989 0.008 0.003
0.002 0.006 0.992
0.004 0.006 0.990
0.003 0.005 0.992
0.001 0.003 0.995
0.001 0.001 0.998
0.001 0.001 0.998
0.005 0.006 0.989
0.002 0.006 0.993
0.003 0.003 0.994
0.003 0.003 0.995
0.001 0.001 0.998
0.002 0.003 0.996
0.001 0.002 0.996
0.005 0.008 0.986
0.001 0.001 0.998
0.005 0.005 0.990
0.002 0.002 0.995
0.002 0.004 0.994
0.004 0.013 0.984
0.002 0.004 0.994
0.002 0.005 0.993
0.005 0.013 0.982
0.004 0.006 0.990
0.009 0.012 0.979
0.003 0.002 0.995
0.003 0.005 0.992
0.001 0.002 0.997
0.005 0.002 0.992
0.002 0.004 0.994
0.001 0.003 0.996
0.003 0.003 0.995
0.004 0.006 0.991
0.002 0.002 0.996
0.003 0.003 0.994
0.004 0.006 0.990
0.006 0.004 0.990
0.011 0.003 0.986
0.005 0.014 0.981
0.001 0.005 0.993
0.002 0.003 0.995
0.014 0.053 0.933
0.002 0.001 0.997
0.004 0.004 0.992
0.002 0.002 0.997
0.002 0.006 0.992
0.004 0.023 0.973
0.007 0.008 0.985
0.001 0.002 0.996
0.002 0.002 0.996
0.002 0.003 0.995
0.001 0.002 0.996
0.001 0.003 0.995
0.002 0.003 0.995
0.004 0.002 0.993
0.003 0.003 0.995
0.003 0.003 0.993
0.011 0.065 0.924
0.001 0.002 0.997
0.001 0.002 0.997
0.002 0.001 0.997
0.011 0.113 0.876
0.003 0.005 0.992
0.020 0.017 0.963
0.024 0.024 0.952
0.004 0.006 0.990
0.009 0.010 0.981
0.006 0.081 0.913
0.017 0.016 0.967
0.007 0.003 0.990
0.005 0.005 0.991
0.032 0.032 0.937
0.001 0.004 0.995
0.006 0.007 0.987
0.007 0.022 0.971
0.003 0.007 0.990
0.027 0.032 0.941
0.003 0.002 0.994
0.012 0.027 0.962
0.010 0.043 0.947
0.007 0.053 0.940
0.001 0.002 0.997
0.012 0.036 0.952
0.003 0.005 0.992
0.015 0.007 0.978
0.004 0.005 0.992
0.011 0.059 0.930
0.049 0.019 0.932
0.002 0.002 0.996
0.011 0.029 0.960
0.020 0.072 0.907
0.032 0.010 0.958
0.021 0.081 0.898
0.001 0.003 0.996
0.002 0.006 0.992
0.003 0.015 0.982
0.005 0.011 0.984
0.004 0.063 0.933
0.004 0.006 0.990
