0.003 0.992 0.005
0.005 0.971 0.024
0.006 0.988 0.006
0.008 0.980 0.012
0.004 0.950 0.046
0.022 0.960 0.018
0.004 0.989 0.007
0.003 0.993 0.005
0.002 0.994 0.003
0.010 0.969 0.021
0.006 0.978 0.016
0.004 0.991 0.005
0.009 0.971 0.020
0.003 0.989 0.009
0.012 0.965 0.023
0.002 0.995 0.003
0.008 0.959 0.033
0.004 0.989 0.007
0.003 0.987 0.010
0.009 0.988 0.004
0.016 0.976 0.007
0.003 0.985 0.011
0.005 0.993 0.002
0.010 0.966 0.024
0.003 0.991 0.005
0.002 0.996 0.002
0.002 0.995 0.003
0.006 0.945 0.050
0.004 0.981 0.014
0.037 0.951 0.012
0.003 0.993 0.004
0.007 0.982 0.011
0.018 0.974 0.008
0.012 0.976 0.012
0.007 0.973 0.020
0.023 0.968 0.009
0.001 0.996 0.002
0.015 0.977 0.007
0.002 0.996 0.002
0.002 0.995 0.003
0.026 0.951 0.023
0.006 0.870 0.124
0.075 0.904 0.020
0.060 0.910 0.030
0.003 0.991 0.005
0.001 0.982 0.016
0.009 0.980 0.011
0.106 0.890 0.004
0.003 0.989 0.008
0.005 0.992 0.003
0.002 0.955 0.043
0.005 0.993 0.003
0.010 0.982 0.008
0.010 0.982 0.008
0.002 0.990 0.008
0.004 0.988 0.008
0.006 0.984 0.009
0.003 0.994 0.003
0.004 0.989 0.007
0.029 0.895 0.077
0.084 0.903 0.014
0.006 0.988 0.005
0.045 0.943 0.012
0.014 0.982 0.004
0.003 0.989 0.009
0.029 0.912 0.060
0.002 0.992 0.006
0.007 0.985 0.008
0.003 0.985 0.012
0.005 0.989 0.006
0.003 0.986 0.011
0.005 0.984 0.010
0.009 0.986 0.005
0.018 0.946 0.036
0.005 0.986 0.009
0.006 0.938 0.056
0.009 0.987 0.004
0.006 0.982 0.013
0.024 0.945 0.032
0.004 0.955 0.041
0.004 0.992 0.005
0.007 0.948 0.045
0.010 0.980 0.010
0.011 0.963 0.027
0.003 0.992 0.005
0.012 0.974 0.014
0.002 0.993 0.005
0.021 0.968 0.011
0.004 0.985 0.010
0.006 0.991 0.003
0.007 0.895 0.099
0.005 0.982 0.013
0.008 0.986 0.006
0.004 0.991 0.005
0.015 0.978 0.007
0.003 0.987 0.010
0.003 0.008 0.989
0.004 0.003 0.994
0.012 0.002 0.986
0.004 0.010 0.987
0.003 0.003 0.994
0.003 0.002 0.994
0.008 0.003 0.989
0.004 0.004 0.992
0.003 0.002 0.995
0.005 0.001 0.994
0.007 0.003 0.990
0.006 0.005 0.989
0.019 0.003 0.978
0.003 0.004 0.993
0.003 0.004 0.993
0.029 0.001 0.970
0.002 0.005 0.993
0.002 0.003 0.996
0.012 0.004 0.984
0.004 0.002 0.994
0.005 0.011 0.983
0.008 0.007 0.985
0.014 0.013 0.973
0.003 0.002 0.996
0.005 0.007 0.988
0.005 0.002 0.993
0.003 0.003 0.995
0.001 0.002 0.997
0.004 0.005 0.991
0.003 0.003 0.995
0.003 0.003 0.995
0.002 0.006 0.992
0.005 0.003 0.993
0.008 0.005 0.987
0.009 0.011 0.979
0.011 0.013 0.976
0.006 0.003 0.991
0.028 0.003 0.969
0.022 0.011 0.967
0.004 0.008 0.987
0.002 0.008 0.990
0.003 0.002 0.995
0.005 0.001 0.994
0.011 0.003 0.986
0.004 0.010 0.987
0.001 0.004 0.995
0.010 0.002 0.987
0.003 0.002 0.996
0.010 0.004 0.986
0.002 0.001 0.996
0.014 0.004 0.982
0.003 0.001 0.996
0.004 0.019 0.977
0.014 0.005 0.981
0.003 0.005 0.992
0.009 0.007 0.984
0.003 0.064 0.933
0.004 0.016 0.980
0.002 0.005 0.994
0.002 0.007 0.991
0.021 0.014 0.965
0.005 0.025 0.969
0.004 0.003 0.993
0.009 0.007 0.983
0.006 0.009 0.985
0.003 0.007 0.990
0.022 0.005 0.972
0.003 0.017 0.980
0.017 0.008 0.975
0.004 0.031 0.966
0.002 0.004 0.994
0.003 0.003 0.994
0.001 0.003 0.996
0.001 0.008 0.991
0.002 0.003 0.995
0.007 0.008 0.986
0.009 0.012 0.978
0.003 0.002 0.995
0.009 0.002 0.989
0.007 0.002 0.991
0.014 0.003 0.983
0.003 0.003 0.994
0.003 0.006 0.992
0.002 0.006 0.992
0.006 0.002 0.992
0.008 0.010 0.981
0.003 0.011 0.986
0.009 0.011 0.980
0.006 0.002 0.992
0.001 0.004 0.995
0.016 0.002 0.982
0.003 0.002 0.995
0.005 0.004 0.991
0.003 0.007 0.991
0.007 0.009 0.985
0.002 0.005 0.993
0.004 0.005 0.990
0.005 0.010 0.985
0.003 0.002 0.995
0.015 0.003 0.982
0.010 0.006 0.984
0.002 0.002 0.995
0.002 0.006 0.992
0.007 0.181 0.812
0.003 0.110 0.888
0.003 0.002 0.995
0.006 0.009 0.985
0.005 0.043 0.952
0.004 0.066 0.929
0.003 0.134 0.863
0.005 0.052 0.943
0.003 0.030 0.967
0.009 0.058 0.934
0.003 0.005 0.992
0.003 0.021 0.976
0.004 0.142 0.855
0.010 0.011 0.979
0.008 0.041 0.950
0.006 0.014 0.980
0.007 0.006 0.987
0.002 0.018 0.979
0.003 0.020 0.977
0.015 0.035 0.950
0.002 0.004 0.994
0.006 0.004 0.990
0.005 0.005 0.990
0.005 0.084 0.910
0.006 0.010 0.985
0.004 0.004 0.992
0.002 0.231 0.767
0.003 0.002 0.995
0.001 0.036 0.962
0.005 0.204 0.790
0.003 0.146 0.851
0.005 0.015 0.980
0.010 0.012 0.978
0.006 0.005 0.989
0.002 0.056 0.942
0.017 0.007 0.976
0.002 0.005 0.993
0.005 0.114 0.881
0.005 0.015 0.981
0.005 0.039 0.956
0.004 0.015 0.981
0.014 0.008 0.978
0.012 0.016 0.972
0.003 0.004 0.993
0.003 0.073 0.924
0.023 0.006 0.971
0.007 0.005 0.988
0.005 0.040 0.955
0.003 0.054 0.942
0.003 0.007 0.990
0.005 0.043 0.952
0.005 0.006 0.989
0.003 0.004 0.993
0.006 0.016 0.978
0.002 0.004 0.994
0.011 0.161 0.828
0.026 0.018 0.957
0.005 0.013 0.982
0.015 0.008 0.977
0.004 0.007 0.989
0.011 0.013 0.975
0.023 0.074 0.904
0.010 0.042 0.948
0.010 0.046 0.944
0.001 0.013 0.986
0.008 0.007 0.984
0.046 0.010 0.944
0.001 0.008 0.991
0.004 0.058 0.938
0.001 0.002 0.997
0.002 0.005 0.993
0.002 0.111 0.887
0.002 0.009 0.989
0.002 0.010 0.988
0.002 0.008 0.989
0.017 0.027 0.957
0.031 0.014 0.955
0.014 0.090 0.896
0.002 0.006 0.993
0.002 0.032 0.965
0.005 0.009 0.986
0.005 0.002 0.993
0.005 0.989 0.006
0.007 0.990 0.003
0.006 0.972 0.023
0.005 0.979 0.016
0.006 0.992 0.002
0.012 0.977 0.011
0.005 0.983 0.012
0.002 0.994 0.003
0.003 0.990 0.007
0.003 0.994 0.002
0.006 0.983 0.011
0.004 0.985 0.012
0.002 0.987 0.011
0.003 0.987 0.010
0.006 0.988 0.006
0.003 0.994 0.003
0.010 0.983 0.007
0.002 0.992 0.006
0.008 0.982 0.010
0.002 0.991 0.008
0.020 0.975 0.006
0.007 0.984 0.010
0.025 0.967 0.008
0.001 0.976 0.023
0.007 0.981 0.012
0.005 0.985 0.010
0.007 0.968 0.025
0.003 0.991 0.006
0.019 0.978 0.003
0.006 0.988 0.005
0.003 0.993 0.004
0.005 0.929 0.066
0.026 0.968 0.006
0.005 0.989 0.006
0.039 0.945 0.016
0.007 0.986 0.007
0.002 0.980 0.018
0.004 0.952 0.044
0.018 0.977 0.005
0.006 0.990 0.004
0.002 0.995 0.002
0.002 0.985 0.013
0.024 0.005 0.971
0.358 0.024 0.618
0.007 0.003 0.990
0.012 0.979 0.009
0.004 0.994 0.002
0.004 0.986 0.010
0.001 0.994 0.005
0.002 0.989 0.009
0.001 0.997 0.002
0.002 0.995 0.003
0.007 0.962 0.031
0.002 0.989 0.009
0.003 0.994 0.003
0.002 0.993 0.006
0.008 0.980 0.012
0.003 0.990 0.008
0.002 0.987 0.011
0.002 0.997 0.001
0.002 0.994 0.004
0.002 0.995 0.003
0.004 0.993 0.003
0.004 0.992 0.004
0.002 0.994 0.004
0.008 0.983 0.008
0.004 0.989 0.007
0.003 0.991 0.006
0.011 0.986 0.003
0.004 0.994 0.003
0.003 0.989 0.007
0.006 0.980 0.014
0.003 0.994 0.004
0.014 0.976 0.010
0.002 0.990 0.007
0.004 0.992 0.005
0.005 0.979 0.015
0.005 0.965 0.029
0.003 0.994 0.003
0.006 0.987 0.007
0.121 0.024 0.855
0.044 0.227 0.729
0.012 0.033 0.955
0.010 0.122 0.868
0.003 0.989 0.008
0.009 0.975 0.016
0.003 0.990 0.007
0.005 0.984 0.011
0.002 0.994 0.003
0.024 0.948 0.028
0.004 0.992 0.003
0.003 0.986 0.011
0.001 0.995 0.004
0.008 0.980 0.012
0.004 0.980 0.017
0.005 0.989 0.006
0.003 0.990 0.007
0.008 0.986 0.006
0.005 0.991 0.004
0.021 0.967 0.012
0.007 0.988 0.005
0.003 0.994 0.003
0.010 0.978 0.012
0.048 0.937 0.014
0.003 0.991 0.006
0.003 0.989 0.008
0.007 0.982 0.011
0.006 0.990 0.004
0.010 0.983 0.007
0.004 0.987 0.008
0.004 0.994 0.002
0.002 0.996 0.002
0.041 0.033 0.926
0.002 0.054 0.944
0.119 0.012 0.869
0.003 0.023 0.975
0.028 0.005 0.967
0.010 0.003 0.986
0.052 0.052 0.896
0.034 0.027 0.939
0.004 0.057 0.939
0.003 0.983 0.014
0.013 0.954 0.033
0.006 0.983 0.011
0.003 0.994 0.003
0.006 0.992 0.002
0.097 0.900 0.003
0.004 0.993 0.003
0.003 0.996 0.002
0.012 0.982 0.005
0.008 0.985 0.007
0.003 0.994 0.003
0.002 0.996 0.002
0.004 0.987 0.009
0.004 0.993 0.003
0.005 0.976 0.019
0.008 0.005 0.987
0.009 0.251 0.741
0.428 0.004 0.569
0.056 0.005 0.940
0.147 0.012 0.842
0.015 0.078 0.907
0.174 0.019 0.807
0.004 0.166 0.830
0.025 0.018 0.957
0.023 0.008 0.969
0.214 0.002 0.784
0.008 0.142 0.850
0.013 0.159 0.827
0.015 0.003 0.982
0.076 0.007 0.917
0.029 0.177 0.794
0.006 0.075 0.919
0.042 0.284 0.674
0.006 0.021 0.973
0.006 0.005 0.989
0.006 0.004 0.989
0.011 0.195 0.794
0.005 0.397 0.599
0.185 0.003 0.811
0.011 0.020 0.969
0.017 0.120 0.863
0.093 0.002 0.904
0.017 0.005 0.977
0.081 0.005 0.914
0.004 0.084 0.912
0.123 0.004 0.874
0.016 0.099 0.886
0.095 0.020 0.885
0.289 0.002 0.708
0.634 0.005 0.361
0.005 0.006 0.989
0.015 0.014 0.971
0.050 0.009 0.940
0.710 0.016 0.273
0.008 0.244 0.748
0.006 0.168 0.826
0.003 0.005 0.992
0.069 0.141 0.790
0.006 0.231 0.763
0.006 0.270 0.724
0.159 0.152 0.688
0.016 0.012 0.972
0.022 0.033 0.945
0.010 0.023 0.967
0.229 0.011 0.761
0.002 0.351 0.647
0.005 0.004 0.990
0.390 0.199 0.411
0.039 0.229 0.731
0.031 0.034 0.936
0.010 0.211 0.779
0.161 0.048 0.792
0.005 0.008 0.987
0.130 0.141 0.729
0.012 0.093 0.895
0.025 0.031 0.944
0.012 0.060 0.928
0.191 0.004 0.805
0.022 0.034 0.944
0.106 0.158 0.735
0.025 0.221 0.754
0.029 0.002 0.969
0.032 0.006 0.962
0.036 0.052 0.912
0.014 0.005 0.981
0.083 0.008 0.909
0.032 0.003 0.965
0.006 0.318 0.676
0.251 0.002 0.747
0.117 0.003 0.880
0.078 0.488 0.433
0.010 0.164 0.825
0.209 0.005 0.787
0.009 0.026 0.965
0.012 0.056 0.933
0.006 0.009 0.985
0.457 0.025 0.518
0.855 0.001 0.144
0.337 0.006 0.656
0.008 0.007 0.985
0.002 0.152 0.845
0.003 0.168 0.829
0.009 0.005 0.986
0.024 0.140 0.837
0.052 0.087 0.861
0.081 0.034 0.885
0.007 0.004 0.989
0.098 0.426 0.476
0.005 0.067 0.928
0.006 0.037 0.957
0.327 0.215 0.458
0.006 0.008 0.985
0.148 0.075 0.777
0.046 0.005 0.950
0.010 0.012 0.977
0.003 0.026 0.971
0.378 0.004 0.618
0.032 0.005 0.962
0.059 0.001 0.939
0.315 0.013 0.672
0.270 0.011 0.719
0.019 0.020 0.961
0.006 0.047 0.947
0.015 0.040 0.945
0.203 0.004 0.794
0.083 0.003 0.914
0.002 0.003 0.995
0.005 0.597 0.398
0.310 0.218 0.472
0.005 0.054 0.941
0.004 0.233 0.762
0.006 0.448 0.546
0.033 0.137 0.830
0.017 0.092 0.891
0.003 0.246 0.752
0.014 0.202 0.784
0.038 0.247 0.715
0.003 0.171 0.826
0.066 0.003 0.930
0.003 0.251 0.746
0.003 0.209 0.788
0.254 0.282 0.464
0.011 0.358 0.631
0.084 0.069 0.846
0.017 0.546 0.437
0.077 0.222 0.700
0.002 0.274 0.724
0.107 0.289 0.604
0.003 0.295 0.702
0.003 0.022 0.975
0.013 0.132 0.854
0.071 0.024 0.905
0.004 0.006 0.990
0.452 0.030 0.518
0.387 0.005 0.608
0.062 0.015 0.923
0.002 0.136 0.863
0.227 0.038 0.736
0.005 0.042 0.953
0.256 0.117 0.627
0.211 0.192 0.596
0.045 0.031 0.924
0.052 0.012 0.936
0.032 0.253 0.715
0.179 0.249 0.571
0.156 0.004 0.839
0.002 0.105 0.893
0.019 0.271 0.710
0.010 0.004 0.986
0.006 0.004 0.990
0.142 0.009 0.849
0.006 0.357 0.637
0.007 0.446 0.547
0.291 0.093 0.616
0.102 0.009 0.889
0.019 0.106 0.875
0.002 0.276 0.722
0.040 0.190 0.770
0.066 0.430 0.504
0.141 0.335 0.524
0.316 0.111 0.573
0.009 0.086 0.905
0.002 0.018 0.980
0.008 0.005 0.987
0.168 0.030 0.802
0.445 0.102 0.452
0.004 0.008 0.989
0.111 0.128 0.761
0.008 0.004 0.988
0.019 0.136 0.845
0.005 0.008 0.987
0.493 0.122 0.384
0.191 0.061 0.748
0.015 0.030 0.955
0.010 0.011 0.979
0.017 0.030 0.952
0.005 0.004 0.992
0.009 0.006 0.985
0.003 0.001 0.996
0.002 0.004 0.995
0.009 0.002 0.990
0.004 0.003 0.993
0.005 0.003 0.991
0.017 0.002 0.982
0.004 0.002 0.994
0.003 0.003 0.995
0.004 0.002 0.994
0.002 0.002 0.996
0.003 0.004 0.994
0.005 0.019 0.976
0.012 0.004 0.984
0.013 0.005 0.982
0.002 0.002 0.996
0.013 0.003 0.984
0.005 0.002 0.994
0.009 0.003 0.989
0.004 0.004 0.992
0.021 0.020 0.959
0.003 0.002 0.996
0.009 0.149 0.842
0.422 0.040 0.538
0.361 0.023 0.616
0.022 0.506 0.472
0.007 0.056 0.938
0.003 0.286 0.710
0.005 0.433 0.562
0.007 0.276 0.717
0.002 0.448 0.550
0.019 0.192 0.789
0.028 0.109 0.863
0.010 0.318 0.671
0.004 0.024 0.972
0.044 0.889 0.067
0.002 0.994 0.004
0.008 0.987 0.004
0.016 0.979 0.005
0.022 0.971 0.006
0.003 0.994 0.002
0.011 0.003 0.986
0.023 0.003 0.975
0.027 0.006 0.967
0.004 0.002 0.995
0.013 0.005 0.982
0.012 0.003 0.985
0.004 0.002 0.995
0.008 0.003 0.988
0.010 0.002 0.988
0.057 0.006 0.936
0.004 0.004 0.992
0.002 0.005 0.993
0.002 0.002 0.996
0.002 0.005 0.993
0.004 0.005 0.991
0.005 0.002 0.994
0.005 0.002 0.993
0.012 0.031 0.957
0.187 0.008 0.805
0.020 0.005 0.976
0.007 0.002 0.992
0.007 0.003 0.990
0.013 0.003 0.984
0.011 0.017 0.972
0.013 0.004 0.983
0.009 0.004 0.987
0.003 0.039 0.958
0.002 0.001 0.997
0.002 0.002 0.996
0.002 0.008 0.990
0.002 0.002 0.996
0.005 0.005 0.990
0.029 0.005 0.965
0.003 0.009 0.987
0.012 0.002 0.986
0.014 0.010 0.976
0.009 0.005 0.986
0.094 0.003 0.904
0.003 0.004 0.993
0.017 0.002 0.982
0.002 0.003 0.995
0.005 0.003 0.992
0.008 0.004 0.987
0.002 0.005 0.992
0.007 0.007 0.986
0.015 0.005 0.980
0.049 0.004 0.947
0.020 0.044 0.936
0.010 0.002 0.988
0.034 0.005 0.961
0.004 0.013 0.983
0.003 0.005 0.992
0.011 0.003 0.986
0.002 0.004 0.994
0.006 0.007 0.986
0.027 0.002 0.971
0.004 0.009 0.987
0.004 0.003 0.993
0.014 0.005 0.981
0.003 0.006 0.990
0.004 0.004 0.991
0.007 0.005 0.988
0.005 0.004 0.991
0.002 0.002 0.995
0.007 0.003 0.990
0.006 0.004 0.990
0.018 0.003 0.980
0.009 0.001 0.990
0.003 0.019 0.979
0.069 0.004 0.927
0.002 0.004 0.994
0.002 0.003 0.995
0.006 0.003 0.991
0.004 0.986 0.010
0.007 0.984 0.009
0.010 0.986 0.004
0.029 0.969 0.002
0.006 0.973 0.021
0.005 0.990 0.004
0.005 0.992 0.003
0.009 0.987 0.004
0.009 0.967 0.025
0.001 0.996 0.002
0.004 0.985 0.011
0.004 0.989 0.008
0.003 0.994 0.004
0.028 0.956 0.016
0.011 0.983 0.005
0.061 0.930 0.009
0.008 0.986 0.006
0.003 0.972 0.025
0.002 0.994 0.004
0.006 0.985 0.009
0.001 0.998 0.001
0.009 0.973 0.018
0.003 0.990 0.007
0.006 0.992 0.002
0.002 0.962 0.037
0.006 0.980 0.013
0.010 0.985 0.005
0.004 0.989 0.007
0.034 0.955 0.012
0.004 0.989 0.008
0.007 0.981 0.012
0.003 0.971 0.026
0.003 0.980 0.018
0.002 0.993 0.005
0.006 0.947 0.047
0.005 0.990 0.005
0.013 0.971 0.017
0.012 0.968 0.020
0.011 0.978 0.011
0.003 0.984 0.013
0.008 0.984 0.008
0.003 0.991 0.006
0.003 0.988 0.009
0.012 0.985 0.003
0.005 0.979 0.015
0.009 0.976 0.015
0.004 0.990 0.006
0.039 0.950 0.011
0.013 0.975 0.012
0.005 0.988 0.007
0.018 0.973 0.008
0.008 0.983 0.010
0.024 0.952 0.024
0.002 0.994 0.005
0.003 0.990 0.007
0.011 0.977 0.013
0.801 0.004 0.196
0.539 0.104 0.357
0.876 0.019 0.105
0.491 0.006 0.503
0.871 0.002 0.127
0.559 0.001 0.440
0.989 0.003 0.007
0.993 0.005 0.002
0.018 0.512 0.471
0.009 0.656 0.335
0.800 0.028 0.172
0.992 0.001 0.007
0.857 0.032 0.111
0.689 0.005 0.306
0.994 0.002 0.004
0.003 0.517 0.480
0.002 0.321 0.677
0.013 0.733 0.255
0.017 0.612 0.371
0.007 0.675 0.318
0.220 0.372 0.407
0.039 0.706 0.256
0.003 0.563 0.434
0.010 0.502 0.488
0.186 0.381 0.433
0.005 0.458 0.537
0.003 0.644 0.353
0.003 0.630 0.368
0.006 0.302 0.691
0.006 0.601 0.393
0.099 0.443 0.458
0.028 0.915 0.057
0.015 0.588 0.398
0.192 0.404 0.404
0.005 0.665 0.331
0.005 0.718 0.278
0.003 0.639 0.358
0.007 0.581 0.412
0.003 0.644 0.353
0.997 0.001 0.002
0.996 0.001 0.002
0.005 0.666 0.329
0.471 0.255 0.274
0.038 0.299 0.663
0.003 0.717 0.280
0.008 0.516 0.476
0.230 0.225 0.546
0.003 0.589 0.408
0.002 0.618 0.380
0.008 0.492 0.500
0.003 0.460 0.537
0.003 0.420 0.577
0.011 0.350 0.640
0.002 0.691 0.307
0.861 0.013 0.126
0.855 0.002 0.143
0.319 0.004 0.676
0.538 0.115 0.348
0.838 0.097 0.064
0.005 0.524 0.472
0.004 0.715 0.280
0.005 0.621 0.375
0.006 0.595 0.399
0.015 0.746 0.239
0.302 0.312 0.387
0.005 0.674 0.321
0.971 0.006 0.023
0.647 0.006 0.347
0.990 0.002 0.008
0.988 0.003 0.009
0.994 0.004 0.003
0.028 0.966 0.006
0.003 0.992 0.005
0.006 0.987 0.007
0.029 0.960 0.011
0.009 0.967 0.024
0.003 0.996 0.001
0.005 0.904 0.091
0.024 0.963 0.014
0.007 0.978 0.015
0.010 0.979 0.011
0.003 0.993 0.005
0.005 0.988 0.006
0.005 0.985 0.010
0.005 0.976 0.019
0.007 0.966 0.027
0.005 0.989 0.006
0.025 0.971 0.005
0.635 0.002 0.363
0.914 0.003 0.082
0.995 0.002 0.002
0.942 0.012 0.046
0.034 0.944 0.023
0.024 0.936 0.040
0.009 0.925 0.066
0.009 0.895 0.096
0.009 0.962 0.028
0.014 0.959 0.026
0.075 0.921 0.004
0.020 0.976 0.004
0.003 0.751 0.247
0.005 0.987 0.008
0.004 0.986 0.010
0.004 0.987 0.010
0.009 0.986 0.005
0.004 0.988 0.008
0.014 0.961 0.025
0.005 0.985 0.011
0.005 0.981 0.014
0.014 0.976 0.011
0.007 0.964 0.029
0.006 0.985 0.009
0.015 0.974 0.011
0.029 0.521 0.450
0.003 0.502 0.495
0.996 0.001 0.003
0.021 0.707 0.272
0.002 0.616 0.382
0.002 0.720 0.279
0.923 0.038 0.039
0.992 0.001 0.007
0.988 0.005 0.007
0.017 0.959 0.025
0.003 0.991 0.005
0.003 0.995 0.003
0.008 0.972 0.021
0.004 0.988 0.009
0.007 0.990 0.003
0.006 0.990 0.003
0.069 0.895 0.036
0.040 0.937 0.023
0.029 0.920 0.052
0.025 0.967 0.008
0.004 0.985 0.010
0.010 0.929 0.061
0.002 0.995 0.003
0.007 0.979 0.014
0.006 0.974 0.020
0.005 0.991 0.004
0.848 0.129 0.023
0.845 0.021 0.134
0.040 0.419 0.540
0.005 0.616 0.378
0.004 0.696 0.301
0.005 0.969 0.026
0.008 0.987 0.005
0.007 0.988 0.005
0.002 0.996 0.001
0.005 0.986 0.009
0.006 0.983 0.011
0.004 0.980 0.016
0.004 0.985 0.010
0.005 0.986 0.008
0.004 0.987 0.010
0.011 0.957 0.033
0.006 0.993 0.002
0.006 0.983 0.011
0.002 0.996 0.002
0.002 0.996 0.002
0.003 0.993 0.005
0.006 0.953 0.041
0.003 0.994 0.003
0.015 0.977 0.008
0.003 0.994 0.003
0.004 0.001 0.995
0.006 0.003 0.990
0.007 0.003 0.989
0.010 0.005 0.985
0.003 0.004 0.993
0.003 0.002 0.995
0.014 0.003 0.984
0.012 0.013 0.975
0.004 0.002 0.994
0.005 0.001 0.994
0.002 0.003 0.995
0.034 0.009 0.957
0.006 0.002 0.992
0.018 0.002 0.981
0.051 0.918 0.031
0.002 0.229 0.770
0.005 0.247 0.747
0.994 0.003 0.003
0.568 0.010 0.422
0.004 0.797 0.199
0.005 0.411 0.584
0.003 0.617 0.379
0.001 0.483 0.515
0.004 0.561 0.435
0.002 0.593 0.405
0.005 0.761 0.234
0.222 0.532 0.246
0.003 0.777 0.219
0.005 0.581 0.414
0.003 0.713 0.285
0.730 0.002 0.268
0.913 0.004 0.083
0.827 0.003 0.170
0.837 0.002 0.161
0.005 0.635 0.360
0.030 0.524 0.445
0.008 0.682 0.310
0.004 0.568 0.428
0.010 0.353 0.638
0.016 0.526 0.457
0.007 0.664 0.328
0.025 0.385 0.591
0.832 0.157 0.011
0.985 0.004 0.011
0.990 0.003 0.006
0.004 0.440 0.556
0.882 0.002 0.116
0.997 0.002 0.001
0.995 0.002 0.003
0.984 0.004 0.011
0.791 0.133 0.077
0.993 0.003 0.003
0.995 0.002 0.003
0.854 0.004 0.141
0.992 0.003 0.005
0.590 0.015 0.395
0.993 0.003 0.005
0.972 0.013 0.016
0.729 0.005 0.266
0.003 0.474 0.522
0.016 0.552 0.432
0.002 0.991 0.007
0.014 0.974 0.012
0.005 0.990 0.005
0.006 0.992 0.002
0.001 0.993 0.005
0.003 0.993 0.004
0.003 0.992 0.004
0.007 0.988 0.005
0.004 0.986 0.010
0.009 0.963 0.028
0.003 0.993 0.004
0.006 0.982 0.012
0.003 0.991 0.006
0.005 0.990 0.005
0.002 0.995 0.003
0.005 0.986 0.009
0.038 0.959 0.003
0.055 0.927 0.018
0.002 0.989 0.009
0.018 0.907 0.075
0.016 0.968 0.015
0.015 0.972 0.012
0.056 0.923 0.021
0.003 0.982 0.016
0.027 0.962 0.012
0.004 0.991 0.005
0.033 0.945 0.021
0.006 0.967 0.026
0.013 0.974 0.013
0.006 0.987 0.007
0.003 0.990 0.007
0.005 0.993 0.002
0.006 0.979 0.016
0.019 0.944 0.037
0.004 0.992 0.004
0.996 0.001 0.003
0.654 0.008 0.339
0.234 0.020 0.745
0.672 0.003 0.325
0.997 0.001 0.002
0.659 0.005 0.336
0.818 0.032 0.150
0.984 0.009 0.007
0.917 0.081 0.002
0.655 0.010 0.335
0.997 0.001 0.002
0.755 0.002 0.244
0.975 0.005 0.020
0.966 0.007 0.027
0.993 0.002 0.004
0.980 0.006 0.014
0.992 0.003 0.006
0.993 0.003 0.004
0.993 0.001 0.005
0.609 0.011 0.380
0.996 0.002 0.002
0.915 0.063 0.022
0.996 0.002 0.002
0.412 0.007 0.581
0.995 0.002 0.003
0.010 0.279 0.711
0.012 0.236 0.753
0.012 0.016 0.972
0.003 0.039 0.958
0.997 0.001 0.002
0.951 0.043 0.006
0.968 0.018 0.014
0.483 0.035 0.482
0.641 0.006 0.353
0.507 0.011 0.482
0.997 0.001 0.002
0.007 0.978 0.016
0.002 0.995 0.003
0.020 0.975 0.005
0.006 0.986 0.008
0.994 0.002 0.004
0.994 0.002 0.004
0.983 0.005 0.013
0.710 0.005 0.284
0.988 0.005 0.007
0.995 0.002 0.003
0.870 0.126 0.004
0.991 0.003 0.006
0.837 0.001 0.162
0.967 0.010 0.023
0.969 0.008 0.024
0.998 0.001 0.001
0.983 0.007 0.010
0.982 0.003 0.015
0.981 0.006 0.013
0.983 0.005 0.012
0.996 0.002 0.002
0.998 0.001 0.001
0.993 0.002 0.005
0.993 0.002 0.004
0.976 0.014 0.010
0.991 0.004 0.004
0.912 0.028 0.061
0.997 0.002 0.002
0.972 0.008 0.020
0.994 0.001 0.005
0.995 0.001 0.003
0.011 0.136 0.853
0.085 0.131 0.784
0.007 0.338 0.655
0.059 0.174 0.767
0.004 0.205 0.791
0.979 0.002 0.019
0.988 0.001 0.010
0.920 0.011 0.068
0.965 0.009 0.026
0.949 0.007 0.043
0.996 0.002 0.002
0.986 0.011 0.003
0.995 0.001 0.004
0.974 0.007 0.019
0.981 0.004 0.015
0.973 0.005 0.022
0.954 0.016 0.030
0.993 0.003 0.004
0.993 0.002 0.005
0.997 0.001 0.002
0.979 0.005 0.016
0.005 0.045 0.950
0.005 0.149 0.846
0.043 0.188 0.769
0.003 0.213 0.784
0.031 0.146 0.823
0.016 0.219 0.765
0.002 0.163 0.835
0.004 0.138 0.858
0.009 0.108 0.883
0.013 0.183 0.803
0.975 0.005 0.021
0.987 0.004 0.009
0.960 0.030 0.009
0.985 0.011 0.004
0.993 0.003 0.004
0.996 0.002 0.002
0.014 0.022 0.964
0.018 0.075 0.908
0.085 0.188 0.727
0.017 0.300 0.683
0.020 0.215 0.765
0.021 0.347 0.632
0.013 0.066 0.921
0.009 0.106 0.885
0.015 0.178 0.807
0.029 0.229 0.742
0.021 0.126 0.852
0.004 0.160 0.836
0.027 0.201 0.773
0.959 0.027 0.014
0.991 0.002 0.007
0.993 0.003 0.004
0.984 0.004 0.012
0.995 0.002 0.002
0.975 0.009 0.016
0.017 0.326 0.657
0.001 0.350 0.649
0.005 0.322 0.672
0.010 0.064 0.927
0.084 0.237 0.679
0.010 0.214 0.776
0.118 0.229 0.653
0.007 0.070 0.923
0.010 0.207 0.783
0.995 0.001 0.004
0.966 0.028 0.006
0.995 0.001 0.004
0.997 0.001 0.002
0.970 0.007 0.022
0.993 0.006 0.001
0.993 0.003 0.004
0.991 0.001 0.008
0.997 0.002 0.002
0.006 0.210 0.783
0.004 0.287 0.709
0.018 0.300 0.682
0.003 0.109 0.888
0.010 0.170 0.820
0.004 0.245 0.751
0.001 0.333 0.665
0.002 0.222 0.775
0.033 0.225 0.742
0.030 0.257 0.714
0.026 0.339 0.635
0.033 0.312 0.655
0.981 0.006 0.013
0.954 0.021 0.025
0.983 0.006 0.011
0.995 0.002 0.003
0.994 0.002 0.003
0.995 0.001 0.003
0.896 0.063 0.040
0.800 0.003 0.197
0.988 0.006 0.006
0.924 0.009 0.067
0.978 0.007 0.015
0.979 0.006 0.015
0.983 0.011 0.006
0.983 0.002 0.015
0.983 0.008 0.009
0.997 0.001 0.002
0.998 0.001 0.001
0.951 0.011 0.038
0.992 0.003 0.005
0.992 0.002 0.006
0.995 0.002 0.002
0.993 0.002 0.005
0.968 0.010 0.022
0.996 0.001 0.003
0.973 0.002 0.025
0.958 0.035 0.007
0.996 0.001 0.003
0.993 0.002 0.005
0.992 0.003 0.005
0.903 0.003 0.094
0.903 0.053 0.044
0.994 0.002 0.004
0.994 0.001 0.005
0.998 0.001 0.001
0.958 0.012 0.030
0.997 0.001 0.002
0.991 0.006 0.004
0.990 0.005 0.005
0.987 0.006 0.007
0.991 0.003 0.006
0.995 0.001 0.003
0.991 0.004 0.006
0.995 0.003 0.002
0.992 0.004 0.004
0.989 0.002 0.008
0.990 0.003 0.007
0.994 0.002 0.004
0.996 0.003 0.001
0.987 0.010 0.003
0.990 0.002 0.008
0.992 0.004 0.004
0.995 0.002 0.004
0.995 0.003 0.002
0.997 0.002 0.002
0.998 0.001 0.001
0.997 0.002 0.002
0.986 0.008 0.007
0.956 0.017 0.026
0.009 0.483 0.507
0.006 0.290 0.705
0.022 0.398 0.580
0.002 0.418 0.579
0.008 0.193 0.798
0.032 0.051 0.916
0.007 0.163 0.830
0.002 0.165 0.833
0.001 0.165 0.834
0.017 0.199 0.784
0.969 0.006 0.025
0.989 0.002 0.010
0.978 0.002 0.019
0.984 0.005 0.011
0.997 0.002 0.002
0.993 0.002 0.004
0.988 0.007 0.005
0.997 0.001 0.002
0.996 0.001 0.003
0.975 0.007 0.018
0.975 0.007 0.018
0.997 0.002 0.001
0.990 0.006 0.005
0.994 0.002 0.004
0.995 0.002 0.002
0.994 0.003 0.003
0.991 0.005 0.004
0.997 0.001 0.001
0.979 0.003 0.018
0.981 0.006 0.013
0.995 0.002 0.003
0.995 0.002 0.003
0.995 0.003 0.002
0.999 0.001 0.001
0.994 0.004 0.002
0.995 0.004 0.002
0.981 0.002 0.017
0.996 0.002 0.002
0.996 0.001 0.003
0.995 0.003 0.003
0.967 0.014 0.019
0.988 0.003 0.009
0.915 0.007 0.077
0.994 0.003 0.003
0.993 0.004 0.003
0.996 0.002 0.002
0.997 0.001 0.002
0.998 0.001 0.001
0.997 0.001 0.002
0.996 0.003 0.001
0.984 0.008 0.008
0.994 0.002 0.004
0.997 0.002 0.002
0.980 0.016 0.004
0.997 0.001 0.002
0.995 0.002 0.002
0.996 0.001 0.003
0.991 0.005 0.004
0.998 0.001 0.001
0.996 0.002 0.002
0.992 0.004 0.004
0.997 0.001 0.001
0.991 0.005 0.004
0.994 0.003 0.003
0.993 0.005 0.002
0.996 0.002 0.002
0.980 0.006 0.014
0.978 0.008 0.014
0.996 0.002 0.002
0.996 0.001 0.003
0.990 0.002 0.008
0.997 0.002 0.002
0.996 0.001 0.002
0.995 0.002 0.003
0.991 0.004 0.005
0.990 0.003 0.007
0.996 0.002 0.002
0.994 0.002 0.004
0.994 0.003 0.004
0.970 0.021 0.009
0.992 0.003 0.005
0.994 0.002 0.004
0.996 0.003 0.001
0.993 0.004 0.003
0.973 0.004 0.023
0.987 0.002 0.011
0.997 0.001 0.003
0.994 0.002 0.004
0.993 0.003 0.005
0.997 0.002 0.001
0.995 0.003 0.002
0.996 0.001 0.003
0.973 0.007 0.020
0.997 0.001 0.002
0.006 0.233 0.761
0.007 0.364 0.630
0.009 0.217 0.774
0.009 0.261 0.730
0.002 0.187 0.811
0.080 0.019 0.901
0.992 0.002 0.006
0.994 0.005 0.002
0.992 0.002 0.006
0.989 0.008 0.003
0.997 0.002 0.002
0.994 0.003 0.003
0.992 0.004 0.004
0.991 0.005 0.004
0.995 0.002 0.003
0.995 0.003 0.002
0.985 0.004 0.011
0.986 0.003 0.011
0.988 0.004 0.008
0.994 0.002 0.004
0.995 0.002 0.002
0.994 0.002 0.004
0.993 0.004 0.003
0.984 0.007 0.009
0.997 0.001 0.002
0.997 0.001 0.002
0.997 0.001 0.001
0.997 0.001 0.002
0.997 0.001 0.002
0.990 0.004 0.006
0.994 0.002 0.004
0.994 0.002 0.004
0.998 0.001 0.002
0.995 0.003 0.002
0.992 0.003 0.005
0.991 0.005 0.004
0.995 0.001 0.003
0.996 0.002 0.002
0.995 0.001 0.003
0.997 0.002 0.001
0.997 0.001 0.002
0.997 0.001 0.002
0.996 0.002 0.002
0.988 0.006 0.006
0.995 0.003 0.002
0.993 0.001 0.005
0.993 0.003 0.004
0.995 0.002 0.003
0.994 0.003 0.003
0.988 0.005 0.007
0.970 0.009 0.021
0.995 0.001 0.004
0.968 0.009 0.023
0.997 0.001 0.002
0.981 0.013 0.006
0.990 0.003 0.007
0.994 0.003 0.003
0.993 0.004 0.003
0.995 0.002 0.003
0.995 0.001 0.004
0.990 0.003 0.008
0.996 0.001 0.003
0.994 0.002 0.004
0.996 0.001 0.003
0.995 0.002 0.004
0.996 0.002 0.002
0.989 0.003 0.008
0.985 0.003 0.012
0.994 0.004 0.002
0.969 0.023 0.008
0.996 0.002 0.002
0.993 0.003 0.004
0.997 0.001 0.002
0.992 0.003 0.005
0.996 0.002 0.002
0.996 0.002 0.002
0.996 0.002 0.002
0.988 0.007 0.005
0.993 0.005 0.002
0.997 0.001 0.002
0.001 0.233 0.766
0.007 0.154 0.839
0.062 0.315 0.622
0.977 0.004 0.019
0.996 0.003 0.002
0.981 0.003 0.016
0.996 0.002 0.002
0.996 0.002 0.002
0.992 0.004 0.004
0.997 0.001 0.002
0.997 0.001 0.001
0.987 0.006 0.007
0.993 0.003 0.004
0.972 0.009 0.019
0.998 0.001 0.002
0.974 0.008 0.018
0.989 0.002 0.009
0.959 0.010 0.031
0.987 0.009 0.004
0.997 0.001 0.002
0.945 0.003 0.052
0.987 0.011 0.002
0.987 0.005 0.008
0.997 0.002 0.002
0.997 0.001 0.002
0.996 0.002 0.002
0.995 0.002 0.003
0.995 0.002 0.003
0.015 0.230 0.755
0.025 0.395 0.580
0.013 0.298 0.690
0.011 0.160 0.829
0.118 0.556 0.326
0.037 0.341 0.622
0.035 0.273 0.692
0.008 0.485 0.507
0.002 0.403 0.596
0.034 0.305 0.661
0.006 0.381 0.612
0.013 0.302 0.684
0.011 0.445 0.544
0.083 0.086 0.831
0.002 0.142 0.856
0.005 0.179 0.816
0.018 0.155 0.827
0.007 0.012 0.980
0.007 0.279 0.714
0.004 0.293 0.703
0.012 0.242 0.746
0.107 0.355 0.538
0.008 0.308 0.684
0.007 0.411 0.581
0.063 0.354 0.584
0.047 0.340 0.613
0.007 0.263 0.730
0.010 0.286 0.704
0.031 0.173 0.796
0.046 0.285 0.670
0.012 0.384 0.604
0.004 0.336 0.660
0.015 0.361 0.623
0.010 0.291 0.699
0.016 0.239 0.745
0.002 0.318 0.680
0.004 0.355 0.641
0.073 0.207 0.720
0.128 0.254 0.618
0.004 0.280 0.716
0.184 0.213 0.604
0.011 0.365 0.624
0.010 0.296 0.694
0.013 0.234 0.753
0.032 0.289 0.679
0.011 0.324 0.665
0.004 0.449 0.546
0.021 0.230 0.748
0.017 0.366 0.617
0.035 0.385 0.580
0.024 0.334 0.642
0.030 0.393 0.577
0.091 0.242 0.667
0.051 0.290 0.659
0.012 0.261 0.727
0.117 0.151 0.733
0.059 0.349 0.592
0.009 0.415 0.575
0.039 0.204 0.757
0.031 0.302 0.667
0.008 0.284 0.709
0.005 0.244 0.751
0.044 0.364 0.591
0.018 0.309 0.674
0.020 0.361 0.619
0.049 0.292 0.659
0.002 0.028 0.970
0.008 0.362 0.630
0.042 0.250 0.708
0.040 0.293 0.666
0.006 0.336 0.659
0.015 0.190 0.795
0.003 0.217 0.780
0.012 0.148 0.840
0.007 0.355 0.638
0.093 0.419 0.488
0.004 0.269 0.727
0.027 0.327 0.645
0.008 0.300 0.692
0.009 0.226 0.765
0.013 0.341 0.646
0.010 0.238 0.753
0.008 0.368 0.624
0.029 0.326 0.644
0.098 0.280 0.622
0.045 0.209 0.745
0.018 0.390 0.593
0.009 0.173 0.818
0.039 0.552 0.409
0.027 0.227 0.746
0.010 0.072 0.919
0.115 0.206 0.679
0.017 0.240 0.743
0.019 0.264 0.717
0.062 0.193 0.745
0.005 0.235 0.760
0.108 0.204 0.688
0.021 0.349 0.630
0.006 0.282 0.712
0.006 0.312 0.681
0.001 0.265 0.733
0.011 0.266 0.723
0.019 0.244 0.737
0.034 0.353 0.613
0.011 0.223 0.766
0.003 0.285 0.712
0.075 0.212 0.713
0.004 0.227 0.769
0.008 0.315 0.678
0.005 0.105 0.890
0.078 0.334 0.588
0.014 0.418 0.568
0.133 0.385 0.481
0.050 0.464 0.485
0.004 0.387 0.609
0.096 0.235 0.670
0.091 0.390 0.519
0.037 0.385 0.578
0.003 0.506 0.491
0.010 0.359 0.631
0.006 0.423 0.571
0.017 0.468 0.514
0.008 0.296 0.696
0.035 0.442 0.523
0.008 0.401 0.591
0.021 0.411 0.567
0.016 0.281 0.703
0.014 0.433 0.553
0.016 0.502 0.482
0.009 0.456 0.535
0.017 0.309 0.674
0.007 0.274 0.720
0.019 0.391 0.590
0.041 0.221 0.738
0.006 0.346 0.648
0.002 0.293 0.705
0.013 0.353 0.634
0.034 0.241 0.726
0.005 0.237 0.758
0.016 0.316 0.668
0.017 0.369 0.613
0.065 0.385 0.551
0.011 0.441 0.548
0.046 0.464 0.490
0.037 0.232 0.731
0.050 0.312 0.637
0.002 0.355 0.643
0.013 0.268 0.719
0.061 0.090 0.849
0.046 0.422 0.531
0.099 0.215 0.686
0.013 0.374 0.614
0.006 0.346 0.649
0.050 0.238 0.712
0.002 0.271 0.726
0.014 0.241 0.745
0.002 0.335 0.663
0.078 0.141 0.781
0.007 0.139 0.854
0.004 0.259 0.737
0.029 0.145 0.827
0.005 0.276 0.718
0.041 0.327 0.632
0.029 0.229 0.742
0.022 0.146 0.832
0.076 0.227 0.697
0.025 0.286 0.688
0.034 0.261 0.704
0.026 0.238 0.736
0.010 0.268 0.722
0.064 0.147 0.789
0.014 0.161 0.825
0.011 0.366 0.622
0.010 0.448 0.541
0.007 0.520 0.473
0.005 0.418 0.577
0.003 0.340 0.657
0.007 0.352 0.640
0.061 0.329 0.610
0.004 0.220 0.776
0.002 0.322 0.677
0.006 0.325 0.669
0.009 0.306 0.685
0.007 0.541 0.451
0.003 0.459 0.538
0.006 0.229 0.765
0.007 0.391 0.602
0.038 0.304 0.658
0.056 0.375 0.569
0.017 0.418 0.565
0.005 0.441 0.555
0.016 0.284 0.700
0.012 0.271 0.717
0.003 0.337 0.659
0.014 0.211 0.775
0.005 0.368 0.626
0.012 0.362 0.626
0.021 0.300 0.679
0.017 0.299 0.684
0.025 0.195 0.780
0.075 0.410 0.515
0.021 0.264 0.714
0.024 0.253 0.723
0.078 0.325 0.598
0.043 0.322 0.635
0.004 0.185 0.811
0.004 0.192 0.803
0.004 0.488 0.508
0.006 0.271 0.723
0.003 0.215 0.782
0.010 0.272 0.718
0.012 0.297 0.691
0.016 0.288 0.696
0.001 0.369 0.630
0.012 0.310 0.678
0.003 0.139 0.858
0.015 0.356 0.629
0.019 0.197 0.784
0.013 0.412 0.574
0.007 0.307 0.685
0.055 0.143 0.801
0.018 0.308 0.675
0.024 0.377 0.598
0.005 0.166 0.829
0.011 0.220 0.769
0.032 0.311 0.657
0.007 0.310 0.682
0.013 0.366 0.621
0.049 0.318 0.632
0.005 0.265 0.730
0.008 0.394 0.598
0.009 0.125 0.866
0.008 0.304 0.687
0.017 0.335 0.649
0.002 0.423 0.575
0.006 0.391 0.603
0.045 0.158 0.796
0.011 0.343 0.646
0.002 0.369 0.629
0.008 0.392 0.599
0.017 0.258 0.726
0.014 0.234 0.752
0.063 0.319 0.618
0.006 0.374 0.620
0.003 0.184 0.813
0.014 0.215 0.771
0.030 0.264 0.705
0.061 0.229 0.709
0.008 0.310 0.681
0.028 0.320 0.652
0.060 0.226 0.714
0.018 0.253 0.730
0.020 0.326 0.654
0.013 0.324 0.663
0.063 0.209 0.728
0.003 0.394 0.604
0.007 0.340 0.653
0.070 0.282 0.647
0.029 0.329 0.643
0.008 0.308 0.685
0.022 0.382 0.596
0.025 0.284 0.690
0.012 0.185 0.803
0.008 0.383 0.609
0.004 0.247 0.749
0.037 0.298 0.665
0.016 0.267 0.717
0.006 0.429 0.565
0.098 0.375 0.527
0.010 0.436 0.554
0.008 0.315 0.677
0.004 0.345 0.651
0.033 0.381 0.585
0.015 0.332 0.653
0.019 0.270 0.711
0.009 0.275 0.716
0.015 0.556 0.429
0.016 0.367 0.617
0.003 0.349 0.648
0.013 0.432 0.555
0.007 0.246 0.746
0.010 0.349 0.640
0.038 0.418 0.544
0.007 0.376 0.617
0.014 0.497 0.489
0.005 0.462 0.533
0.060 0.197 0.743
0.045 0.171 0.783
0.014 0.446 0.540
0.002 0.289 0.709
0.007 0.421 0.572
0.009 0.368 0.623
0.004 0.349 0.647
0.049 0.210 0.741
0.004 0.214 0.782
0.055 0.286 0.659
0.012 0.316 0.672
0.003 0.302 0.694
0.014 0.229 0.757
0.008 0.321 0.671
0.007 0.313 0.679
0.018 0.320 0.662
0.002 0.166 0.832
0.007 0.195 0.798
0.011 0.267 0.722
0.015 0.391 0.594
0.011 0.222 0.767
0.003 0.380 0.618
0.019 0.175 0.806
0.007 0.397 0.597
0.005 0.012 0.983
0.016 0.004 0.980
0.003 0.019 0.978
0.003 0.002 0.995
0.002 0.003 0.995
0.002 0.010 0.988
0.011 0.007 0.981
0.003 0.006 0.991
0.003 0.003 0.994
0.002 0.003 0.995
0.003 0.004 0.993
0.012 0.005 0.982
0.005 0.004 0.991
0.004 0.008 0.988
0.002 0.004 0.994
0.010 0.003 0.987
0.009 0.002 0.989
0.002 0.006 0.992
0.001 0.008 0.991
0.013 0.005 0.982
0.004 0.007 0.989
0.005 0.009 0.986
0.004 0.004 0.992
0.010 0.003 0.987
0.013 0.009 0.978
0.005 0.012 0.983
0.010 0.005 0.985
0.007 0.009 0.984
0.003 0.003 0.994
0.005 0.010 0.985
0.007 0.002 0.991
0.002 0.010 0.988
0.008 0.007 0.985
0.010 0.004 0.986
0.012 0.001 0.987
0.012 0.013 0.975
0.007 0.005 0.987
0.002 0.007 0.991
0.004 0.009 0.987
0.002 0.003 0.995
0.007 0.002 0.991
0.003 0.008 0.989
0.002 0.004 0.995
0.008 0.002 0.989
0.001 0.021 0.978
0.002 0.005 0.993
0.004 0.003 0.993
0.011 0.002 0.987
0.001 0.001 0.997
0.002 0.003 0.995
0.007 0.002 0.991
0.011 0.016 0.973
0.002 0.001 0.997
0.006 0.003 0.991
0.004 0.013 0.982
0.007 0.024 0.970
0.003 0.002 0.995
0.006 0.004 0.990
0.006 0.004 0.989
0.004 0.002 0.995
0.006 0.002 0.992
0.004 0.009 0.986
0.003 0.008 0.989
0.006 0.007 0.986
0.005 0.005 0.990
0.008 0.004 0.988
0.002 0.009 0.989
0.013 0.001 0.986
0.002 0.005 0.993
0.003 0.004 0.993
0.005 0.002 0.992
0.003 0.007 0.990
0.003 0.002 0.995
0.003 0.009 0.988
0.002 0.002 0.997
0.007 0.004 0.989
0.003 0.004 0.993
0.002 0.003 0.995
0.002 0.011 0.987
0.005 0.004 0.992
0.003 0.002 0.995
0.005 0.004 0.992
0.004 0.004 0.992
0.009 0.003 0.988
0.002 0.002 0.996
0.019 0.004 0.977
0.003 0.027 0.970
0.007 0.003 0.990
0.007 0.006 0.988
0.013 0.006 0.981
0.004 0.005 0.991
0.003 0.002 0.995
0.017 0.010 0.973
0.002 0.004 0.994
0.010 0.017 0.973
0.020 0.002 0.978
0.008 0.002 0.990
0.019 0.003 0.978
0.002 0.001 0.996
0.996 0.002 0.003
0.979 0.006 0.015
0.968 0.008 0.024
0.982 0.011 0.007
0.997 0.002 0.001
0.997 0.001 0.002
0.995 0.001 0.003
0.997 0.002 0.001
0.996 0.002 0.003
0.986 0.003 0.011
0.993 0.003 0.004
0.986 0.007 0.006
0.993 0.002 0.005
0.995 0.001 0.004
0.996 0.001 0.002
0.985 0.006 0.009
0.996 0.001 0.003
0.975 0.015 0.010
0.981 0.006 0.013
0.009 0.974 0.017
0.013 0.972 0.015
0.012 0.975 0.013
0.012 0.982 0.006
0.009 0.986 0.005
0.003 0.888 0.108
0.002 0.981 0.017
0.001 0.996 0.003
0.006 0.992 0.002
0.004 0.981 0.015
0.005 0.992 0.003
0.003 0.985 0.013
0.005 0.977 0.018
0.009 0.978 0.013
0.007 0.984 0.009
0.004 0.993 0.003
0.018 0.959 0.023
0.003 0.994 0.003
0.014 0.963 0.023
0.006 0.986 0.007
0.003 0.990 0.007
0.005 0.989 0.006
0.005 0.991 0.005
0.006 0.986 0.008
0.006 0.800 0.194
0.043 0.922 0.035
0.029 0.930 0.041
0.008 0.987 0.005
0.005 0.976 0.019
0.016 0.935 0.049
0.004 0.990 0.006
0.008 0.985 0.007
0.008 0.979 0.013
0.134 0.848 0.018
0.003 0.992 0.004
0.003 0.989 0.008
0.003 0.995 0.002
0.004 0.993 0.003
0.015 0.973 0.011
0.005 0.992 0.004
0.003 0.959 0.038
0.004 0.982 0.014
0.002 0.966 0.031
0.002 0.995 0.003
0.002 0.996 0.003
0.003 0.989 0.008
0.013 0.981 0.006
0.006 0.972 0.022
0.002 0.994 0.004
0.003 0.992 0.005
0.045 0.889 0.066
0.005 0.993 0.002
0.003 0.991 0.006
0.006 0.980 0.014
0.002 0.996 0.002
0.002 0.985 0.013
0.119 0.839 0.043
0.002 0.989 0.009
0.004 0.939 0.057
0.019 0.970 0.010
0.001 0.996 0.002
0.002 0.983 0.015
0.032 0.943 0.025
0.016 0.974 0.010
0.004 0.988 0.007
0.001 0.993 0.006
0.005 0.992 0.003
0.012 0.981 0.006
0.004 0.988 0.008
0.005 0.775 0.221
0.009 0.981 0.010
0.038 0.943 0.019
0.004 0.982 0.014
0.007 0.975 0.018
0.029 0.907 0.064
0.005 0.990 0.005
0.007 0.983 0.010
0.017 0.939 0.043
0.007 0.979 0.014
0.015 0.977 0.007
0.031 0.951 0.018
0.043 0.947 0.010
0.011 0.977 0.012
0.008 0.986 0.006
0.008 0.981 0.011
0.014 0.978 0.007
0.015 0.978 0.008
0.002 0.995 0.003
0.009 0.957 0.034
0.016 0.972 0.012
0.023 0.950 0.027
0.024 0.937 0.038
0.002 0.994 0.004
0.002 0.977 0.020
0.004 0.990 0.005
0.006 0.984 0.010
0.003 0.993 0.004
0.002 0.993 0.004
0.004 0.993 0.004
0.007 0.972 0.022
0.006 0.990 0.005
0.003 0.981 0.015
0.003 0.990 0.007
0.970 0.005 0.024
0.996 0.001 0.003
0.994 0.003 0.003
0.994 0.002 0.004
0.995 0.002 0.003
0.992 0.003 0.005
0.989 0.005 0.006
0.992 0.003 0.005
0.994 0.002 0.004
0.996 0.002 0.002
0.984 0.003 0.013
0.991 0.003 0.007
0.996 0.002 0.003
0.974 0.023 0.003
0.995 0.002 0.003
0.993 0.004 0.002
0.996 0.001 0.003
0.996 0.002 0.002
0.994 0.002 0.005
0.992 0.003 0.004
0.989 0.004 0.007
0.998 0.001 0.001
0.998 0.001 0.002
0.998 0.001 0.001
0.993 0.002 0.005
0.996 0.001 0.003
0.995 0.002 0.003
0.997 0.002 0.002
0.991 0.003 0.006
0.006 0.956 0.038
0.002 0.907 0.091
0.004 0.962 0.034
0.004 0.980 0.016
0.006 0.826 0.168
0.023 0.957 0.020
0.007 0.987 0.006
0.006 0.972 0.022
0.100 0.892 0.008
0.011 0.963 0.025
0.004 0.991 0.005
0.008 0.786 0.205
0.006 0.987 0.007
0.006 0.886 0.108
0.004 0.985 0.011
0.002 0.993 0.004
0.007 0.972 0.021
0.026 0.959 0.015
0.005 0.973 0.022
0.005 0.984 0.011
0.004 0.946 0.050
0.004 0.986 0.011
0.003 0.986 0.011
0.004 0.989 0.007
0.163 0.798 0.039
0.003 0.992 0.005
0.009 0.803 0.188
0.008 0.893 0.098
0.003 0.989 0.008
0.003 0.995 0.002
0.007 0.983 0.010
0.014 0.789 0.197
0.002 0.991 0.007
0.010 0.980 0.010
0.011 0.947 0.042
0.003 0.993 0.004
0.014 0.970 0.017
0.080 0.909 0.010
0.005 0.981 0.014
0.006 0.879 0.116
0.048 0.942 0.010
0.025 0.955 0.021
0.006 0.982 0.012
0.002 0.988 0.010
0.011 0.976 0.014
0.039 0.936 0.025
0.003 0.992 0.004
0.004 0.991 0.005
0.004 0.933 0.063
0.039 0.955 0.006
0.009 0.967 0.024
0.006 0.985 0.009
0.012 0.928 0.060
0.015 0.979 0.007
0.007 0.917 0.075
0.003 0.972 0.025
0.003 0.971 0.026
0.003 0.989 0.008
0.005 0.985 0.011
0.006 0.986 0.007
0.006 0.988 0.006
0.003 0.962 0.035
0.011 0.956 0.034
0.003 0.989 0.008
0.008 0.930 0.063
0.003 0.994 0.004
0.006 0.981 0.013
0.002 0.983 0.015
0.027 0.965 0.008
0.002 0.994 0.004
0.995 0.003 0.002
0.991 0.002 0.007
0.931 0.007 0.062
0.993 0.002 0.006
0.994 0.003 0.003
0.971 0.011 0.018
0.871 0.007 0.122
0.937 0.016 0.047
0.935 0.033 0.032
0.991 0.003 0.006
0.878 0.010 0.112
0.984 0.007 0.009
0.971 0.003 0.026
0.970 0.011 0.018
0.980 0.012 0.008
0.992 0.003 0.005
0.842 0.009 0.150
0.965 0.005 0.031
0.003 0.987 0.010
0.001 0.995 0.004
0.010 0.983 0.007
0.008 0.970 0.022
0.003 0.990 0.007
0.005 0.988 0.008
0.012 0.934 0.054
0.005 0.992 0.002
0.002 0.993 0.005
0.003 0.970 0.027
0.035 0.949 0.016
0.004 0.986 0.010
0.007 0.987 0.005
0.008 0.957 0.036
0.036 0.938 0.026
0.011 0.954 0.035
0.003 0.956 0.041
0.010 0.978 0.012
0.006 0.990 0.005
0.014 0.978 0.008
0.005 0.986 0.009
0.026 0.954 0.020
0.009 0.955 0.036
0.003 0.989 0.008
0.003 0.981 0.016
0.008 0.984 0.007
0.012 0.969 0.019
0.003 0.938 0.059
0.002 0.979 0.019
0.007 0.974 0.019
0.015 0.967 0.018
0.011 0.978 0.011
0.008 0.968 0.024
0.004 0.987 0.009
0.990 0.003 0.007
0.990 0.004 0.006
0.993 0.002 0.006
0.994 0.002 0.004
0.998 0.001 0.001
0.998 0.001 0.001
0.995 0.002 0.003
0.993 0.003 0.004
0.996 0.002 0.002
0.994 0.002 0.004
0.997 0.001 0.002
0.993 0.003 0.004
0.997 0.001 0.002
0.985 0.006 0.009
0.998 0.001 0.001
0.993 0.003 0.004
0.994 0.002 0.004
0.995 0.002 0.004
0.979 0.008 0.013
0.994 0.002 0.004
0.996 0.001 0.003
0.989 0.004 0.007
0.991 0.004 0.004
0.986 0.009 0.005
0.995 0.002 0.003
0.993 0.002 0.005
0.995 0.002 0.003
0.994 0.003 0.003
0.995 0.001 0.003
0.996 0.001 0.003
0.996 0.002 0.002
0.989 0.005 0.006
0.997 0.001 0.002
0.994 0.003 0.003
0.982 0.002 0.017
0.991 0.004 0.005
0.984 0.009 0.007
0.988 0.006 0.006
0.994 0.002 0.004
0.992 0.004 0.004
0.935 0.022 0.044
0.995 0.002 0.003
0.989 0.005 0.006
0.996 0.002 0.001
0.991 0.002 0.006
0.980 0.004 0.016
0.990 0.005 0.005
0.995 0.002 0.003
0.995 0.003 0.002
0.995 0.003 0.003
0.998 0.001 0.002
0.996 0.001 0.003
0.994 0.002 0.004
0.993 0.004 0.003
0.994 0.003 0.003
0.994 0.003 0.004
0.904 0.006 0.090
0.998 0.001 0.001
0.995 0.002 0.002
0.997 0.001 0.002
0.886 0.009 0.105
0.996 0.002 0.002
0.967 0.011 0.022
0.959 0.021 0.020
0.985 0.002 0.012
0.977 0.006 0.017
0.911 0.005 0.084
0.970 0.014 0.017
0.989 0.008 0.003
0.994 0.003 0.003
0.951 0.037 0.012
0.995 0.001 0.003
0.989 0.003 0.008
0.971 0.005 0.024
0.992 0.003 0.005
0.935 0.048 0.017
0.994 0.003 0.002
0.971 0.011 0.018
0.956 0.012 0.032
0.908 0.012 0.080
0.997 0.001 0.002
0.960 0.006 0.034
0.988 0.003 0.009
0.978 0.010 0.012
0.991 0.004 0.004
0.937 0.007 0.055
0.930 0.046 0.024
0.995 0.002 0.003
0.958 0.011 0.032
0.904 0.028 0.067
0.962 0.030 0.008
0.886 0.005 0.109
0.990 0.003 0.007
0.994 0.002 0.005
0.986 0.007 0.007
0.980 0.011 0.009
0.918 0.004 0.078
0.992 0.003 0.005
