0.006 0.988 0.006
0.005 0.972 0.023
0.007 0.990 0.003
0.011 0.975 0.014
0.006 0.960 0.034
0.019 0.966 0.015
0.003 0.988 0.009
0.005 0.991 0.004
0.003 0.994 0.003
0.009 0.975 0.016
0.005 0.990 0.005
0.002 0.989 0.009
0.011 0.970 0.019
0.003 0.988 0.009
0.008 0.961 0.032
0.002 0.996 0.003
0.016 0.967 0.016
0.004 0.986 0.010
0.004 0.990 0.006
0.019 0.977 0.004
0.024 0.963 0.013
0.004 0.980 0.016
0.003 0.992 0.004
0.009 0.975 0.015
0.003 0.992 0.004
0.001 0.997 0.002
0.002 0.995 0.003
0.011 0.934 0.055
0.006 0.975 0.019
0.031 0.958 0.011
0.004 0.993 0.003
0.008 0.986 0.007
0.022 0.967 0.011
0.009 0.979 0.011
0.004 0.980 0.015
0.024 0.953 0.022
0.003 0.992 0.005
0.009 0.983 0.008
0.004 0.992 0.003
0.002 0.996 0.002
0.031 0.951 0.017
0.005 0.907 0.088
0.068 0.890 0.042
0.060 0.932 0.009
0.003 0.994 0.002
0.002 0.981 0.017
0.015 0.975 0.010
0.095 0.897 0.009
0.004 0.986 0.010
0.006 0.991 0.003
0.002 0.979 0.019
0.003 0.991 0.006
0.017 0.974 0.009
0.010 0.975 0.015
0.003 0.990 0.007
0.003 0.990 0.007
0.007 0.988 0.005
0.001 0.996 0.003
0.007 0.990 0.003
0.038 0.915 0.048
0.073 0.913 0.014
0.002 0.991 0.007
0.041 0.948 0.011
0.013 0.983 0.004
0.004 0.990 0.006
0.018 0.936 0.046
0.006 0.987 0.007
0.005 0.990 0.005
0.006 0.983 0.011
0.008 0.984 0.007
0.003 0.975 0.022
0.005 0.988 0.007
0.010 0.983 0.007
0.025 0.943 0.031
0.008 0.978 0.014
0.013 0.924 0.062
0.008 0.988 0.003
0.006 0.985 0.009
0.022 0.948 0.030
0.005 0.947 0.049
0.003 0.994 0.003
0.004 0.954 0.042
0.015 0.975 0.010
0.007 0.961 0.033
0.003 0.992 0.005
0.017 0.968 0.015
0.003 0.991 0.007
0.018 0.967 0.015
0.003 0.988 0.008
0.005 0.986 0.009
0.012 0.907 0.081
0.009 0.983 0.009
0.006 0.989 0.006
0.004 0.989 0.007
0.013 0.975 0.012
0.004 0.983 0.013
0.003 0.007 0.991
0.004 0.004 0.992
0.013 0.004 0.983
0.005 0.013 0.982
0.003 0.002 0.995
0.004 0.002 0.993
0.005 0.003 0.992
0.007 0.003 0.991
0.002 0.002 0.996
0.007 0.001 0.992
0.008 0.007 0.985
0.008 0.005 0.987
0.024 0.002 0.974
0.001 0.003 0.996
0.004 0.003 0.993
0.033 0.002 0.965
0.003 0.016 0.981
0.002 0.004 0.995
0.012 0.004 0.984
0.002 0.004 0.994
0.005 0.010 0.985
0.009 0.002 0.988
0.031 0.007 0.962
0.005 0.005 0.990
0.005 0.003 0.992
0.005 0.002 0.993
0.003 0.003 0.994
0.002 0.003 0.995
0.004 0.003 0.993
0.005 0.004 0.992
0.003 0.002 0.994
0.002 0.007 0.991
0.004 0.002 0.994
0.009 0.004 0.986
0.013 0.008 0.979
0.010 0.017 0.974
0.005 0.004 0.991
0.029 0.003 0.968
0.017 0.010 0.973
0.003 0.009 0.988
0.002 0.003 0.996
0.004 0.003 0.993
0.003 0.001 0.996
0.009 0.002 0.988
0.006 0.013 0.981
0.003 0.004 0.993
0.009 0.004 0.986
0.003 0.005 0.992
0.006 0.005 0.988
0.002 0.001 0.997
0.014 0.002 0.984
0.005 0.001 0.993
0.007 0.008 0.985
0.007 0.006 0.988
0.002 0.003 0.995
0.006 0.006 0.989
0.005 0.080 0.915
0.006 0.010 0.984
0.003 0.008 0.989
0.003 0.006 0.991
0.023 0.008 0.969
0.006 0.022 0.972
0.006 0.006 0.988
0.021 0.008 0.971
0.005 0.006 0.988
0.003 0.006 0.991
0.027 0.013 0.959
0.005 0.011 0.984
0.009 0.007 0.984
0.012 0.042 0.946
0.003 0.003 0.994
0.008 0.003 0.989
0.002 0.004 0.995
0.002 0.007 0.992
0.004 0.004 0.992
0.009 0.014 0.977
0.007 0.010 0.983
0.006 0.002 0.992
0.010 0.004 0.987
0.005 0.002 0.994
0.026 0.006 0.968
0.003 0.003 0.995
0.004 0.006 0.991
0.003 0.005 0.992
0.005 0.002 0.993
0.005 0.006 0.989
0.007 0.012 0.981
0.008 0.008 0.984
0.007 0.002 0.991
0.002 0.003 0.995
0.010 0.002 0.988
0.002 0.003 0.995
0.003 0.004 0.994
0.002 0.004 0.994
0.005 0.003 0.991
0.005 0.002 0.993
0.003 0.008 0.989
0.005 0.019 0.976
0.002 0.001 0.997
0.011 0.004 0.986
0.008 0.005 0.987
0.006 0.003 0.991
0.002 0.006 0.992
0.007 0.189 0.805
0.004 0.111 0.885
0.002 0.003 0.995
0.012 0.011 0.977
0.005 0.063 0.932
0.004 0.077 0.919
0.002 0.129 0.869
0.006 0.047 0.948
0.005 0.039 0.957
0.008 0.064 0.928
0.003 0.004 0.992
0.003 0.031 0.966
0.010 0.147 0.843
0.015 0.009 0.976
0.008 0.050 0.942
0.007 0.028 0.966
0.005 0.009 0.986
0.004 0.034 0.963
0.002 0.010 0.988
0.013 0.033 0.954
0.004 0.004 0.992
0.014 0.008 0.978
0.005 0.008 0.987
0.004 0.045 0.950
0.003 0.016 0.981
0.006 0.002 0.993
0.003 0.249 0.748
0.003 0.002 0.994
0.002 0.040 0.959
0.003 0.208 0.789
0.013 0.122 0.865
0.008 0.008 0.983
0.016 0.014 0.970
0.009 0.008 0.983
0.005 0.072 0.923
0.013 0.010 0.977
0.002 0.005 0.993
0.007 0.140 0.853
0.002 0.017 0.981
0.003 0.046 0.951
0.006 0.011 0.983
0.010 0.006 0.983
0.004 0.018 0.979
0.004 0.007 0.989
0.003 0.070 0.926
0.032 0.009 0.959
0.004 0.007 0.988
0.004 0.035 0.962
0.003 0.078 0.919
0.004 0.013 0.984
0.005 0.036 0.959
0.004 0.007 0.989
0.003 0.004 0.993
0.003 0.019 0.978
0.002 0.002 0.996
0.005 0.157 0.838
0.016 0.011 0.973
0.006 0.011 0.983
0.015 0.008 0.977
0.006 0.008 0.986
0.017 0.008 0.975
0.034 0.068 0.898
0.007 0.042 0.951
0.009 0.035 0.955
0.002 0.025 0.973
0.005 0.012 0.983
0.060 0.009 0.930
0.006 0.003 0.990
0.002 0.069 0.929
0.002 0.003 0.995
0.005 0.008 0.987
0.002 0.122 0.876
0.003 0.019 0.978
0.003 0.008 0.989
0.007 0.007 0.986
0.013 0.038 0.949
0.043 0.007 0.950
0.007 0.094 0.899
0.002 0.006 0.992
0.003 0.021 0.976
0.007 0.015 0.978
0.006 0.002 0.992
0.005 0.988 0.006
0.006 0.991 0.003
0.009 0.965 0.026
0.008 0.974 0.018
0.006 0.991 0.003
0.009 0.984 0.007
0.011 0.963 0.026
0.003 0.994 0.003
0.003 0.989 0.007
0.004 0.993 0.003
0.003 0.986 0.011
0.003 0.978 0.020
0.003 0.990 0.007
0.002 0.995 0.003
0.008 0.988 0.005
0.002 0.995 0.002
0.005 0.988 0.006
0.002 0.988 0.010
0.013 0.983 0.004
0.003 0.990 0.006
0.022 0.971 0.007
0.002 0.989 0.009
0.027 0.962 0.011
0.002 0.986 0.011
0.005 0.981 0.014
0.003 0.991 0.006
0.007 0.954 0.039
0.002 0.984 0.013
0.015 0.981 0.004
0.013 0.979 0.008
0.002 0.995 0.003
0.004 0.953 0.043
0.017 0.979 0.004
0.007 0.987 0.006
0.042 0.942 0.017
0.005 0.991 0.004
0.005 0.988 0.008
0.005 0.961 0.034
0.021 0.973 0.006
0.008 0.986 0.006
0.004 0.989 0.007
0.004 0.978 0.018
0.026 0.003 0.971
0.362 0.022 0.616
0.008 0.009 0.982
0.022 0.962 0.017
0.005 0.992 0.003
0.002 0.991 0.007
0.003 0.994 0.003
0.005 0.984 0.011
0.001 0.995 0.004
0.004 0.993 0.003
0.011 0.973 0.016
0.003 0.991 0.006
0.004 0.994 0.002
0.002 0.987 0.011
0.011 0.975 0.013
0.003 0.993 0.004
0.002 0.993 0.006
0.002 0.996 0.002
0.003 0.994 0.003
0.002 0.992 0.005
0.006 0.987 0.006
0.003 0.991 0.005
0.005 0.988 0.007
0.013 0.974 0.014
0.004 0.989 0.007
0.004 0.991 0.005
0.011 0.984 0.005
0.005 0.991 0.004
0.004 0.988 0.008
0.010 0.969 0.021
0.003 0.992 0.005
0.013 0.976 0.011
0.003 0.982 0.014
0.009 0.985 0.006
0.003 0.979 0.018
0.005 0.972 0.023
0.003 0.994 0.003
0.006 0.986 0.009
0.151 0.018 0.831
0.023 0.244 0.733
0.009 0.029 0.962
0.016 0.132 0.851
0.003 0.984 0.013
0.008 0.979 0.012
0.003 0.992 0.005
0.004 0.977 0.019
0.002 0.994 0.003
0.015 0.964 0.021
0.005 0.991 0.004
0.005 0.989 0.006
0.002 0.993 0.005
0.005 0.981 0.014
0.006 0.977 0.016
0.008 0.988 0.004
0.004 0.992 0.005
0.004 0.990 0.006
0.004 0.990 0.006
0.040 0.947 0.013
0.006 0.991 0.002
0.002 0.995 0.003
0.008 0.982 0.009
0.055 0.936 0.010
0.003 0.985 0.012
0.009 0.984 0.007
0.010 0.978 0.012
0.009 0.986 0.005
0.017 0.975 0.008
0.004 0.989 0.007
0.002 0.991 0.006
0.002 0.994 0.004
0.043 0.037 0.921
0.004 0.058 0.938
0.116 0.014 0.870
0.007 0.027 0.965
0.038 0.004 0.958
0.011 0.004 0.984
0.036 0.097 0.867
0.049 0.054 0.897
0.003 0.052 0.945
0.003 0.991 0.006
0.021 0.928 0.051
0.005 0.982 0.013
0.003 0.994 0.003
0.004 0.994 0.002
0.093 0.895 0.012
0.003 0.989 0.008
0.001 0.996 0.002
0.018 0.976 0.006
0.014 0.980 0.006
0.003 0.994 0.003
0.003 0.995 0.002
0.004 0.983 0.013
0.002 0.993 0.005
0.007 0.961 0.032
0.010 0.004 0.986
0.002 0.233 0.765
0.433 0.012 0.555
0.059 0.005 0.936
0.167 0.010 0.823
0.012 0.102 0.886
0.203 0.014 0.783
0.004 0.171 0.826
0.025 0.020 0.955
0.014 0.011 0.975
0.252 0.003 0.745
0.008 0.135 0.857
0.015 0.168 0.817
0.009 0.001 0.990
0.068 0.011 0.921
0.011 0.187 0.802
0.007 0.055 0.938
0.027 0.291 0.682
0.010 0.017 0.973
0.010 0.005 0.985
0.003 0.004 0.994
0.014 0.168 0.818
0.003 0.380 0.617
0.203 0.003 0.794
0.007 0.018 0.975
0.028 0.121 0.851
0.114 0.003 0.883
0.015 0.003 0.981
0.094 0.004 0.902
0.015 0.049 0.935
0.102 0.004 0.893
0.015 0.103 0.883
0.099 0.014 0.887
0.292 0.005 0.703
0.635 0.003 0.362
0.006 0.007 0.987
0.016 0.010 0.974
0.050 0.008 0.942
0.723 0.014 0.263
0.002 0.267 0.731
0.004 0.157 0.839
0.004 0.005 0.991
0.096 0.149 0.755
0.006 0.237 0.757
0.013 0.268 0.719
0.122 0.165 0.714
0.016 0.019 0.965
0.013 0.056 0.931
0.008 0.025 0.966
0.223 0.013 0.764
0.003 0.333 0.664
0.005 0.004 0.992
0.397 0.188 0.415
0.038 0.220 0.742
0.034 0.031 0.934
0.006 0.242 0.752
0.159 0.039 0.802
0.002 0.005 0.993
0.162 0.176 0.662
0.008 0.154 0.838
0.025 0.030 0.945
0.014 0.083 0.903
0.183 0.002 0.816
0.035 0.039 0.926
0.137 0.105 0.759
0.016 0.217 0.767
0.025 0.003 0.971
0.059 0.012 0.929
0.021 0.093 0.886
0.030 0.006 0.964
0.106 0.011 0.884
0.044 0.003 0.953
0.013 0.326 0.661
0.253 0.003 0.744
0.137 0.003 0.859
0.055 0.510 0.434
0.021 0.177 0.803
0.214 0.011 0.775
0.010 0.032 0.957
0.011 0.048 0.941
0.008 0.012 0.980
0.464 0.037 0.498
0.866 0.003 0.132
0.336 0.007 0.657
0.008 0.008 0.984
0.003 0.139 0.858
0.004 0.156 0.840
0.004 0.004 0.991
0.022 0.118 0.860
0.025 0.123 0.852
0.074 0.022 0.904
0.005 0.005 0.989
0.131 0.423 0.446
0.004 0.077 0.919
0.007 0.049 0.944
0.334 0.223 0.443
0.005 0.009 0.985
0.155 0.059 0.786
0.040 0.009 0.952
0.005 0.014 0.980
0.008 0.019 0.974
0.370 0.006 0.624
0.060 0.008 0.932
0.073 0.001 0.926
0.315 0.019 0.666
0.266 0.013 0.721
0.021 0.012 0.967
0.006 0.038 0.955
0.029 0.055 0.916
0.211 0.005 0.784
0.080 0.004 0.915
0.003 0.003 0.994
0.007 0.576 0.417
0.302 0.211 0.487
0.008 0.053 0.939
0.007 0.245 0.748
0.013 0.453 0.534
0.016 0.140 0.844
0.009 0.095 0.896
0.005 0.257 0.738
0.016 0.209 0.775
0.060 0.227 0.713
0.009 0.157 0.834
0.045 0.004 0.952
0.007 0.239 0.754
0.001 0.215 0.784
0.241 0.288 0.472
0.023 0.364 0.613
0.083 0.129 0.788
0.009 0.544 0.446
0.033 0.214 0.753
0.002 0.285 0.712
0.153 0.272 0.575
0.002 0.300 0.698
0.004 0.033 0.963
0.015 0.141 0.844
0.078 0.044 0.878
0.004 0.005 0.990
0.458 0.026 0.516
0.384 0.005 0.612
0.048 0.022 0.929
0.001 0.140 0.859
0.205 0.052 0.742
0.010 0.027 0.963
0.250 0.128 0.622
0.215 0.180 0.605
0.039 0.032 0.929
0.087 0.013 0.901
0.039 0.259 0.703
0.183 0.246 0.571
0.180 0.010 0.810
0.003 0.108 0.888
0.024 0.275 0.701
0.019 0.004 0.977
0.015 0.004 0.981
0.138 0.007 0.855
0.007 0.342 0.650
0.007 0.440 0.553
0.292 0.099 0.609
0.078 0.011 0.911
0.016 0.100 0.884
0.003 0.282 0.715
0.017 0.191 0.792
0.062 0.433 0.505
0.120 0.331 0.549
0.318 0.059 0.622
0.007 0.098 0.895
0.002 0.014 0.984
0.006 0.006 0.989
0.146 0.045 0.809
0.447 0.083 0.470
0.007 0.006 0.986
0.126 0.111 0.763
0.007 0.003 0.991
0.025 0.144 0.830
0.005 0.003 0.992
0.499 0.144 0.357
0.189 0.064 0.747
0.010 0.032 0.957
0.018 0.024 0.959
0.013 0.040 0.947
0.002 0.009 0.989
0.008 0.008 0.985
0.003 0.002 0.995
0.003 0.002 0.995
0.006 0.002 0.992
0.004 0.006 0.989
0.003 0.003 0.994
0.011 0.002 0.986
0.003 0.005 0.992
0.004 0.004 0.992
0.004 0.001 0.995
0.001 0.003 0.996
0.001 0.003 0.996
0.010 0.014 0.976
0.019 0.006 0.975
0.008 0.002 0.991
0.002 0.001 0.997
0.012 0.002 0.986
0.002 0.003 0.995
0.013 0.003 0.983
0.004 0.004 0.992
0.028 0.012 0.960
0.007 0.001 0.991
0.012 0.162 0.825
0.413 0.018 0.569
0.357 0.024 0.619
0.034 0.515 0.450
0.009 0.074 0.917
0.002 0.280 0.718
0.005 0.448 0.547
0.012 0.273 0.715
0.005 0.440 0.555
0.011 0.189 0.800
0.018 0.130 0.852
0.004 0.307 0.689
0.007 0.024 0.969
0.029 0.911 0.061
0.003 0.991 0.005
0.006 0.991 0.003
0.010 0.987 0.003
0.012 0.976 0.012
0.002 0.995 0.003
0.014 0.002 0.984
0.022 0.002 0.976
0.018 0.005 0.977
0.004 0.002 0.994
0.011 0.002 0.987
0.006 0.002 0.993
0.004 0.004 0.992
0.011 0.002 0.986
0.005 0.004 0.991
0.081 0.006 0.913
0.004 0.006 0.990
0.009 0.002 0.989
0.002 0.002 0.996
0.004 0.004 0.992
0.008 0.006 0.987
0.009 0.004 0.986
0.004 0.003 0.993
0.019 0.035 0.946
0.185 0.007 0.808
0.025 0.003 0.972
0.006 0.003 0.992
0.005 0.003 0.992
0.013 0.003 0.984
0.014 0.021 0.965
0.018 0.003 0.979
0.012 0.004 0.983
0.004 0.021 0.975
0.002 0.001 0.997
0.001 0.001 0.998
0.004 0.005 0.991
0.002 0.002 0.996
0.003 0.004 0.993
0.027 0.005 0.968
0.005 0.006 0.989
0.010 0.003 0.987
0.014 0.005 0.981
0.005 0.008 0.987
0.080 0.004 0.915
0.004 0.002 0.994
0.017 0.002 0.981
0.003 0.005 0.993
0.002 0.004 0.994
0.009 0.004 0.987
0.002 0.004 0.994
0.007 0.003 0.990
0.014 0.007 0.979
0.021 0.011 0.968
0.019 0.032 0.949
0.008 0.005 0.987
0.032 0.003 0.966
0.005 0.009 0.986
0.003 0.007 0.990
0.007 0.003 0.991
0.004 0.005 0.992
0.005 0.006 0.989
0.031 0.004 0.964
0.005 0.005 0.990
0.004 0.005 0.992
0.020 0.004 0.976
0.005 0.005 0.990
0.009 0.004 0.987
0.013 0.002 0.985
0.005 0.004 0.990
0.002 0.004 0.994
0.004 0.002 0.994
0.016 0.002 0.982
0.020 0.006 0.974
0.007 0.003 0.990
0.004 0.007 0.988
0.082 0.002 0.915
0.002 0.006 0.992
0.008 0.001 0.991
0.007 0.003 0.990
0.003 0.990 0.007
0.006 0.987 0.007
0.006 0.986 0.008
0.028 0.968 0.004
0.007 0.962 0.031
0.005 0.990 0.005
0.006 0.992 0.002
0.007 0.984 0.009
0.013 0.951 0.035
0.003 0.995 0.003
0.003 0.987 0.010
0.007 0.979 0.015
0.002 0.993 0.005
0.028 0.955 0.017
0.018 0.977 0.006
0.087 0.908 0.004
0.010 0.983 0.007
0.003 0.949 0.048
0.002 0.995 0.003
0.003 0.989 0.008
0.001 0.995 0.003
0.015 0.974 0.011
0.005 0.986 0.008
0.006 0.991 0.003
0.001 0.965 0.034
0.008 0.970 0.022
0.012 0.982 0.007
0.001 0.993 0.005
0.066 0.928 0.006
0.006 0.986 0.008
0.013 0.978 0.009
0.003 0.982 0.015
0.004 0.960 0.036
0.004 0.993 0.003
0.004 0.933 0.063
0.005 0.990 0.006
0.013 0.965 0.021
0.013 0.976 0.011
0.015 0.976 0.009
0.004 0.983 0.013
0.005 0.985 0.010
0.002 0.994 0.004
0.003 0.984 0.013
0.007 0.989 0.004
0.007 0.980 0.013
0.008 0.982 0.010
0.003 0.990 0.006
0.022 0.965 0.013
0.007 0.978 0.015
0.006 0.985 0.009
0.021 0.971 0.008
0.009 0.987 0.004
0.017 0.960 0.023
0.003 0.991 0.007
0.007 0.986 0.006
0.007 0.952 0.041
0.799 0.004 0.198
0.542 0.144 0.313
0.906 0.047 0.047
0.485 0.006 0.509
0.855 0.001 0.144
0.541 0.008 0.450
0.983 0.007 0.010
0.992 0.004 0.004
0.010 0.493 0.498
0.009 0.637 0.353
0.810 0.048 0.142
0.987 0.002 0.010
0.864 0.033 0.103
0.687 0.013 0.300
0.990 0.004 0.006
0.002 0.528 0.470
0.003 0.349 0.648
0.004 0.739 0.257
0.013 0.594 0.393
0.014 0.685 0.300
0.224 0.369 0.407
0.077 0.724 0.198
0.001 0.560 0.439
0.008 0.503 0.489
0.167 0.398 0.435
0.003 0.473 0.524
0.010 0.640 0.350
0.003 0.627 0.370
0.032 0.298 0.671
0.011 0.600 0.390
0.114 0.459 0.427
0.024 0.913 0.063
0.012 0.577 0.411
0.204 0.399 0.396
0.006 0.665 0.330
0.007 0.706 0.287
0.002 0.648 0.351
0.005 0.585 0.410
0.005 0.641 0.354
0.997 0.001 0.002
0.997 0.001 0.002
0.010 0.690 0.300
0.455 0.252 0.293
0.015 0.312 0.673
0.009 0.720 0.270
0.003 0.512 0.485
0.241 0.249 0.510
0.004 0.584 0.412
0.003 0.618 0.378
0.005 0.484 0.511
0.007 0.474 0.519
0.003 0.413 0.584
0.002 0.355 0.642
0.012 0.694 0.294
0.858 0.005 0.137
0.851 0.005 0.144
0.327 0.004 0.669
0.541 0.136 0.323
0.847 0.115 0.038
0.008 0.515 0.477
0.009 0.714 0.277
0.003 0.601 0.396
0.003 0.594 0.404
0.051 0.788 0.161
0.306 0.326 0.368
0.007 0.680 0.313
0.973 0.008 0.020
0.641 0.007 0.352
0.988 0.003 0.010
0.986 0.007 0.007
0.992 0.004 0.004
0.030 0.965 0.005
0.003 0.991 0.006
0.004 0.989 0.007
0.032 0.949 0.018
0.014 0.968 0.018
0.004 0.993 0.003
0.011 0.915 0.074
0.016 0.967 0.016
0.006 0.965 0.029
0.009 0.976 0.016
0.004 0.989 0.008
0.004 0.989 0.008
0.004 0.985 0.011
0.005 0.966 0.029
0.007 0.965 0.027
0.002 0.991 0.006
0.029 0.967 0.005
0.639 0.004 0.356
0.904 0.006 0.091
0.996 0.001 0.002
0.943 0.012 0.045
0.031 0.938 0.031
0.017 0.948 0.035
0.011 0.916 0.073
0.008 0.884 0.108
0.009 0.968 0.023
0.021 0.957 0.022
0.067 0.918 0.015
0.024 0.969 0.007
0.006 0.736 0.258
0.006 0.987 0.007
0.005 0.986 0.009
0.007 0.985 0.008
0.012 0.980 0.008
0.008 0.987 0.005
0.014 0.966 0.020
0.005 0.973 0.022
0.011 0.981 0.008
0.015 0.978 0.008
0.012 0.963 0.025
0.008 0.988 0.004
0.022 0.958 0.020
0.016 0.534 0.450
0.003 0.506 0.490
0.995 0.001 0.004
0.019 0.686 0.295
0.003 0.595 0.402
0.006 0.716 0.278
0.919 0.029 0.052
0.994 0.002 0.004
0.989 0.004 0.006
0.017 0.955 0.027
0.003 0.995 0.003
0.003 0.994 0.003
0.010 0.970 0.020
0.002 0.992 0.005
0.004 0.993 0.003
0.006 0.989 0.005
0.080 0.895 0.025
0.036 0.941 0.023
0.029 0.927 0.044
0.020 0.974 0.006
0.007 0.982 0.011
0.010 0.913 0.077
0.001 0.996 0.002
0.014 0.971 0.015
0.010 0.968 0.023
0.003 0.992 0.005
0.840 0.147 0.012
0.853 0.017 0.130
0.041 0.418 0.542
0.005 0.621 0.374
0.003 0.701 0.296
0.006 0.959 0.035
0.003 0.993 0.004
0.010 0.985 0.006
0.003 0.994 0.003
0.004 0.989 0.007
0.005 0.977 0.018
0.004 0.992 0.004
0.004 0.991 0.004
0.005 0.985 0.010
0.002 0.992 0.006
0.014 0.954 0.033
0.005 0.992 0.003
0.007 0.983 0.010
0.001 0.993 0.006
0.002 0.996 0.003
0.003 0.993 0.004
0.011 0.953 0.035
0.003 0.992 0.005
0.014 0.967 0.019
0.001 0.995 0.004
0.003 0.002 0.996
0.010 0.003 0.987
0.010 0.003 0.987
0.011 0.003 0.985
0.003 0.003 0.995
0.004 0.003 0.993
0.016 0.002 0.982
0.014 0.012 0.974
0.006 0.003 0.991
0.002 0.002 0.996
0.002 0.003 0.996
0.033 0.012 0.956
0.003 0.004 0.993
0.038 0.003 0.959
0.046 0.901 0.053
0.001 0.240 0.759
0.004 0.257 0.739
0.995 0.002 0.002
0.560 0.008 0.432
0.004 0.776 0.221
0.002 0.413 0.585
0.012 0.627 0.361
0.008 0.460 0.532
0.016 0.561 0.424
0.003 0.585 0.412
0.005 0.761 0.234
0.236 0.529 0.235
0.007 0.763 0.230
0.002 0.579 0.418
0.001 0.722 0.276
0.729 0.002 0.269
0.914 0.002 0.084
0.824 0.006 0.169
0.843 0.002 0.155
0.015 0.653 0.332
0.018 0.534 0.449
0.006 0.690 0.304
0.006 0.554 0.440
0.011 0.347 0.642
0.010 0.511 0.479
0.012 0.658 0.330
0.015 0.393 0.591
0.838 0.152 0.010
0.985 0.003 0.012
0.992 0.003 0.006
0.006 0.440 0.554
0.883 0.002 0.115
0.995 0.002 0.002
0.996 0.002 0.002
0.982 0.003 0.014
0.795 0.157 0.047
0.992 0.002 0.005
0.995 0.002 0.003
0.853 0.003 0.144
0.989 0.004 0.007
0.585 0.003 0.412
0.993 0.004 0.003
0.975 0.014 0.011
0.739 0.017 0.244
0.006 0.482 0.512
0.007 0.548 0.446
0.004 0.989 0.007
0.016 0.978 0.006
0.005 0.989 0.006
0.003 0.995 0.002
0.001 0.996 0.002
0.003 0.994 0.003
0.005 0.990 0.005
0.007 0.984 0.009
0.004 0.992 0.005
0.007 0.970 0.023
0.004 0.987 0.009
0.008 0.980 0.012
0.004 0.989 0.007
0.003 0.992 0.005
0.002 0.994 0.004
0.006 0.987 0.007
0.049 0.946 0.006
0.037 0.921 0.042
0.002 0.984 0.014
0.014 0.884 0.102
0.017 0.957 0.026
0.017 0.974 0.009
0.045 0.920 0.035
0.006 0.982 0.012
0.033 0.960 0.007
0.007 0.979 0.014
0.029 0.941 0.030
0.003 0.967 0.029
0.014 0.976 0.010
0.004 0.989 0.007
0.004 0.984 0.012
0.006 0.991 0.003
0.009 0.980 0.011
0.017 0.956 0.027
0.005 0.992 0.004
0.997 0.001 0.002
0.658 0.019 0.323
0.229 0.028 0.742
0.674 0.003 0.323
0.997 0.002 0.002
0.666 0.006 0.328
0.832 0.072 0.095
0.984 0.008 0.008
0.911 0.086 0.003
0.654 0.005 0.341
0.997 0.001 0.002
0.764 0.006 0.230
0.982 0.007 0.012
0.968 0.006 0.026
0.996 0.001 0.003
0.984 0.006 0.010
0.996 0.003 0.001
0.994 0.001 0.005
0.994 0.002 0.004
0.606 0.005 0.389
0.996 0.002 0.002
0.911 0.059 0.030
0.995 0.001 0.003
0.410 0.014 0.576
0.995 0.002 0.003
0.017 0.267 0.716
0.009 0.241 0.749
0.008 0.017 0.975
0.002 0.038 0.960
0.994 0.004 0.002
0.949 0.044 0.006
0.966 0.026 0.007
0.490 0.028 0.482
0.646 0.006 0.348
0.518 0.006 0.476
0.997 0.001 0.002
0.005 0.982 0.013
0.002 0.995 0.003
0.014 0.982 0.004
0.003 0.985 0.012
0.996 0.002 0.002
0.992 0.003 0.006
0.975 0.004 0.021
0.698 0.014 0.288
0.992 0.004 0.004
0.997 0.001 0.002
0.870 0.122 0.008
0.991 0.003 0.006
0.839 0.001 0.160
0.971 0.006 0.022
0.969 0.008 0.024
0.998 0.001 0.001
0.983 0.009 0.008
0.983 0.003 0.014
0.981 0.003 0.016
0.987 0.003 0.010
0.995 0.003 0.003
0.998 0.001 0.001
0.994 0.001 0.005
0.992 0.003 0.004
0.964 0.022 0.013
0.991 0.005 0.004
0.921 0.063 0.015
0.994 0.002 0.004
0.974 0.007 0.019
0.994 0.001 0.004
0.996 0.002 0.002
0.005 0.086 0.909
0.047 0.143 0.810
0.030 0.322 0.649
0.039 0.167 0.794
0.004 0.211 0.785
0.978 0.002 0.019
0.991 0.003 0.006
0.930 0.008 0.063
0.976 0.009 0.014
0.941 0.004 0.055
0.998 0.001 0.001
0.982 0.013 0.004
0.995 0.001 0.004
0.975 0.003 0.022
0.985 0.004 0.011
0.973 0.005 0.021
0.950 0.013 0.037
0.991 0.004 0.005
0.992 0.002 0.006
0.996 0.001 0.002
0.986 0.004 0.010
0.004 0.077 0.919
0.005 0.156 0.839
0.037 0.174 0.789
0.006 0.224 0.769
0.021 0.144 0.835
0.010 0.250 0.740
0.005 0.169 0.827
0.003 0.136 0.861
0.025 0.121 0.853
0.018 0.190 0.792
0.966 0.004 0.029
0.986 0.003 0.011
0.965 0.031 0.003
0.983 0.010 0.007
0.993 0.004 0.004
0.998 0.001 0.001
0.011 0.034 0.956
0.019 0.082 0.899
0.066 0.174 0.760
0.006 0.298 0.695
0.013 0.235 0.753
0.019 0.360 0.621
0.008 0.074 0.919
0.007 0.121 0.873
0.008 0.193 0.799
0.007 0.219 0.774
0.021 0.166 0.814
0.004 0.179 0.817
0.050 0.203 0.747
0.966 0.016 0.018
0.991 0.002 0.007
0.990 0.003 0.008
0.987 0.005 0.008
0.997 0.001 0.002
0.983 0.012 0.006
0.004 0.309 0.687
0.006 0.356 0.638
0.005 0.317 0.678
0.009 0.051 0.941
0.065 0.236 0.699
0.007 0.220 0.773
0.077 0.231 0.692
0.005 0.060 0.934
0.011 0.214 0.775
0.994 0.001 0.005
0.966 0.027 0.007
0.996 0.001 0.003
0.997 0.001 0.002
0.968 0.008 0.024
0.991 0.003 0.006
0.992 0.004 0.004
0.993 0.002 0.005
0.996 0.002 0.002
0.006 0.228 0.766
0.008 0.279 0.713
0.038 0.297 0.664
0.005 0.147 0.848
0.004 0.159 0.837
0.006 0.240 0.754
0.005 0.347 0.648
0.002 0.234 0.765
0.027 0.222 0.751
0.038 0.247 0.715
0.023 0.351 0.626
0.039 0.330 0.631
0.987 0.004 0.009
0.948 0.013 0.039
0.986 0.007 0.008
0.996 0.002 0.002
0.992 0.004 0.004
0.996 0.002 0.002
0.884 0.038 0.078
0.821 0.028 0.151
0.991 0.005 0.004
0.937 0.015 0.048
0.979 0.011 0.010
0.980 0.007 0.014
0.978 0.014 0.008
0.986 0.001 0.012
0.979 0.013 0.008
0.995 0.001 0.003
0.997 0.001 0.001
0.940 0.018 0.042
0.990 0.005 0.004
0.994 0.003 0.003
0.997 0.002 0.001
0.991 0.003 0.006
0.960 0.013 0.027
0.996 0.001 0.003
0.989 0.002 0.009
0.966 0.028 0.006
0.993 0.002 0.006
0.986 0.002 0.012
0.988 0.005 0.007
0.886 0.002 0.112
0.909 0.046 0.045
0.993 0.001 0.006
0.995 0.001 0.004
0.998 0.001 0.001
0.961 0.010 0.029
0.997 0.001 0.002
0.989 0.008 0.003
0.992 0.006 0.002
0.989 0.003 0.008
0.994 0.003 0.004
0.992 0.002 0.006
0.991 0.006 0.003
0.995 0.004 0.001
0.995 0.002 0.003
0.991 0.003 0.006
0.993 0.003 0.004
0.993 0.003 0.005
0.992 0.004 0.004
0.989 0.007 0.004
0.991 0.004 0.005
0.993 0.004 0.003
0.995 0.002 0.003
0.997 0.002 0.001
0.997 0.002 0.002
0.997 0.001 0.002
0.995 0.002 0.003
0.986 0.010 0.005
0.962 0.012 0.025
0.007 0.492 0.501
0.011 0.299 0.690
0.034 0.386 0.580
0.004 0.426 0.570
0.009 0.227 0.764
0.042 0.042 0.917
0.013 0.169 0.818
0.008 0.147 0.845
0.005 0.183 0.813
0.013 0.209 0.778
0.964 0.004 0.032
0.988 0.003 0.009
0.975 0.003 0.023
0.977 0.005 0.017
0.997 0.001 0.002
0.996 0.001 0.003
0.987 0.009 0.005
0.997 0.001 0.001
0.995 0.001 0.004
0.975 0.008 0.018
0.981 0.006 0.013
0.996 0.002 0.002
0.989 0.005 0.006
0.994 0.002 0.003
0.991 0.002 0.007
0.996 0.002 0.003
0.991 0.006 0.003
0.996 0.001 0.003
0.978 0.004 0.018
0.982 0.003 0.015
0.996 0.002 0.002
0.994 0.003 0.003
0.993 0.004 0.003
0.999 0.000 0.001
0.994 0.005 0.002
0.990 0.007 0.003
0.963 0.002 0.035
0.996 0.003 0.002
0.995 0.001 0.003
0.991 0.002 0.007
0.973 0.010 0.017
0.990 0.003 0.007
0.916 0.013 0.070
0.991 0.006 0.003
0.991 0.005 0.004
0.997 0.001 0.002
0.997 0.001 0.002
0.998 0.001 0.001
0.994 0.001 0.004
0.996 0.002 0.002
0.987 0.004 0.009
0.994 0.002 0.004
0.996 0.001 0.003
0.985 0.008 0.007
0.998 0.001 0.001
0.995 0.003 0.002
0.996 0.002 0.002
0.993 0.003 0.003
0.997 0.001 0.001
0.997 0.002 0.001
0.995 0.002 0.003
0.996 0.001 0.002
0.992 0.005 0.003
0.994 0.002 0.004
0.993 0.004 0.003
0.997 0.001 0.002
0.988 0.004 0.008
0.972 0.005 0.022
0.996 0.002 0.002
0.997 0.002 0.002
0.993 0.002 0.005
0.996 0.002 0.002
0.995 0.003 0.002
0.995 0.002 0.003
0.993 0.004 0.003
0.980 0.004 0.016
0.994 0.002 0.003
0.995 0.002 0.004
0.996 0.002 0.002
0.971 0.016 0.012
0.990 0.003 0.007
0.995 0.002 0.003
0.995 0.002 0.003
0.990 0.005 0.005
0.970 0.003 0.027
0.977 0.005 0.018
0.997 0.001 0.002
0.991 0.002 0.007
0.994 0.002 0.004
0.998 0.001 0.001
0.992 0.004 0.004
0.996 0.001 0.003
0.974 0.006 0.020
0.997 0.002 0.001
0.013 0.239 0.748
0.007 0.377 0.616
0.021 0.213 0.766
0.017 0.259 0.723
0.002 0.188 0.810
0.090 0.032 0.878
0.989 0.002 0.009
0.995 0.002 0.003
0.995 0.002 0.003
0.987 0.008 0.005
0.996 0.002 0.003
0.994 0.002 0.004
0.991 0.006 0.003
0.990 0.004 0.007
0.994 0.002 0.004
0.995 0.003 0.002
0.988 0.005 0.008
0.990 0.003 0.007
0.988 0.004 0.008
0.992 0.003 0.005
0.993 0.003 0.004
0.996 0.002 0.002
0.994 0.002 0.004
0.986 0.004 0.009
0.998 0.001 0.001
0.994 0.002 0.004
0.995 0.002 0.003
0.997 0.001 0.002
0.998 0.001 0.001
0.989 0.003 0.008
0.994 0.004 0.003
0.995 0.002 0.004
0.997 0.001 0.002
0.995 0.003 0.002
0.989 0.002 0.008
0.991 0.003 0.006
0.996 0.002 0.002
0.996 0.002 0.002
0.993 0.002 0.005
0.997 0.002 0.002
0.997 0.001 0.002
0.997 0.002 0.001
0.995 0.003 0.002
0.985 0.005 0.010
0.995 0.002 0.003
0.994 0.001 0.004
0.993 0.004 0.003
0.997 0.002 0.002
0.992 0.004 0.004
0.963 0.008 0.029
0.970 0.013 0.017
0.993 0.002 0.005
0.963 0.011 0.026
0.997 0.002 0.002
0.987 0.008 0.005
0.994 0.003 0.004
0.994 0.003 0.003
0.990 0.004 0.005
0.996 0.002 0.002
0.996 0.001 0.003
0.992 0.003 0.005
0.997 0.002 0.002
0.995 0.003 0.003
0.995 0.001 0.004
0.996 0.002 0.002
0.996 0.002 0.002
0.992 0.003 0.005
0.988 0.004 0.008
0.996 0.003 0.002
0.972 0.020 0.008
0.993 0.003 0.004
0.990 0.006 0.004
0.996 0.002 0.002
0.993 0.004 0.003
0.996 0.002 0.002
0.996 0.002 0.001
0.997 0.002 0.002
0.989 0.009 0.002
0.992 0.006 0.002
0.997 0.001 0.002
0.006 0.236 0.758
0.010 0.155 0.835
0.112 0.314 0.574
0.978 0.004 0.018
0.995 0.002 0.003
0.978 0.004 0.018
0.995 0.002 0.003
0.995 0.002 0.003
0.988 0.006 0.007
0.995 0.003 0.003
0.997 0.001 0.001
0.987 0.007 0.006
0.992 0.005 0.003
0.976 0.011 0.012
0.998 0.001 0.002
0.974 0.008 0.018
0.988 0.004 0.008
0.972 0.008 0.020
0.992 0.004 0.004
0.997 0.002 0.002
0.929 0.005 0.066
0.983 0.011 0.006
0.987 0.004 0.009
0.997 0.001 0.002
0.996 0.002 0.002
0.996 0.002 0.002
0.995 0.002 0.003
0.995 0.002 0.003
0.008 0.241 0.751
0.044 0.395 0.560
0.012 0.285 0.703
0.007 0.173 0.820
0.107 0.554 0.339
0.021 0.339 0.639
0.048 0.267 0.685
0.021 0.461 0.517
0.008 0.403 0.589
0.018 0.323 0.659
0.003 0.385 0.612
0.022 0.311 0.667
0.005 0.446 0.549
0.091 0.090 0.820
0.004 0.169 0.827
0.005 0.203 0.792
0.010 0.163 0.827
0.007 0.008 0.984
0.002 0.263 0.735
0.004 0.292 0.703
0.011 0.229 0.761
0.113 0.368 0.518
0.006 0.304 0.690
0.026 0.387 0.587
0.045 0.359 0.596
0.024 0.335 0.641
0.005 0.249 0.746
0.013 0.274 0.713
0.085 0.148 0.767
0.032 0.273 0.695
0.004 0.373 0.623
0.007 0.338 0.655
0.064 0.344 0.591
0.003 0.305 0.692
0.011 0.243 0.746
0.008 0.336 0.656
0.005 0.369 0.626
0.056 0.221 0.723
0.108 0.234 0.658
0.011 0.284 0.705
0.191 0.203 0.605
0.016 0.364 0.620
0.011 0.331 0.658
0.025 0.234 0.742
0.024 0.289 0.686
0.008 0.328 0.665
0.004 0.445 0.551
0.044 0.250 0.707
0.005 0.369 0.625
0.063 0.379 0.558
0.034 0.341 0.625
0.028 0.383 0.588
0.065 0.263 0.671
0.034 0.289 0.677
0.006 0.267 0.727
0.128 0.143 0.728
0.091 0.337 0.571
0.003 0.414 0.583
0.039 0.196 0.765
0.049 0.325 0.626
0.014 0.287 0.700
0.003 0.251 0.746
0.012 0.352 0.636
0.008 0.308 0.684
0.029 0.380 0.591
0.034 0.300 0.666
0.004 0.027 0.969
0.007 0.388 0.605
0.048 0.232 0.720
0.069 0.292 0.639
0.006 0.333 0.661
0.009 0.194 0.797
0.008 0.212 0.780
0.009 0.149 0.842
0.005 0.350 0.645
0.074 0.431 0.495
0.005 0.281 0.714
0.020 0.333 0.647
0.020 0.312 0.669
0.005 0.218 0.778
0.006 0.345 0.649
0.017 0.231 0.752
0.011 0.365 0.624
0.015 0.331 0.654
0.083 0.287 0.630
0.048 0.214 0.737
0.023 0.394 0.583
0.006 0.167 0.827
0.021 0.550 0.429
0.028 0.222 0.750
0.010 0.068 0.921
0.090 0.213 0.697
0.009 0.241 0.750
0.013 0.258 0.729
0.048 0.203 0.749
0.014 0.252 0.734
0.104 0.218 0.678
0.015 0.356 0.630
0.011 0.264 0.725
0.003 0.327 0.669
0.002 0.258 0.740
0.004 0.280 0.716
0.019 0.239 0.742
0.020 0.355 0.625
0.002 0.228 0.769
0.002 0.270 0.728
0.089 0.226 0.685
0.004 0.217 0.779
0.003 0.304 0.693
0.005 0.114 0.881
0.089 0.321 0.589
0.020 0.424 0.556
0.138 0.402 0.459
0.039 0.464 0.496
0.009 0.373 0.618
0.079 0.233 0.688
0.117 0.378 0.506
0.038 0.366 0.595
0.004 0.488 0.508
0.013 0.338 0.649
0.006 0.429 0.564
0.011 0.465 0.524
0.012 0.304 0.683
0.080 0.432 0.489
0.009 0.407 0.585
0.108 0.387 0.505
0.002 0.299 0.699
0.012 0.424 0.565
0.006 0.515 0.478
0.014 0.454 0.533
0.023 0.310 0.667
0.004 0.303 0.693
0.023 0.381 0.596
0.058 0.215 0.727
0.005 0.340 0.655
0.006 0.297 0.697
0.016 0.347 0.637
0.064 0.245 0.691
0.006 0.249 0.745
0.021 0.305 0.673
0.016 0.367 0.617
0.056 0.386 0.558
0.003 0.444 0.553
0.024 0.457 0.520
0.045 0.225 0.730
0.060 0.303 0.636
0.011 0.366 0.623
0.006 0.264 0.731
0.101 0.099 0.800
0.041 0.413 0.547
0.101 0.211 0.688
0.016 0.376 0.608
0.009 0.350 0.641
0.051 0.248 0.701
0.001 0.272 0.726
0.060 0.233 0.707
0.006 0.343 0.650
0.146 0.125 0.729
0.001 0.147 0.852
0.012 0.263 0.725
0.013 0.149 0.838
0.008 0.280 0.712
0.056 0.326 0.618
0.020 0.222 0.757
0.028 0.135 0.836
0.115 0.208 0.677
0.028 0.286 0.686
0.020 0.250 0.730
0.024 0.237 0.739
0.007 0.276 0.717
0.013 0.157 0.829
0.013 0.176 0.811
0.011 0.369 0.620
0.006 0.442 0.552
0.007 0.504 0.489
0.002 0.407 0.591
0.004 0.352 0.644
0.007 0.334 0.659
0.070 0.334 0.596
0.007 0.248 0.746
0.002 0.328 0.671
0.002 0.326 0.671
0.013 0.295 0.692
0.023 0.558 0.420
0.009 0.446 0.545
0.027 0.233 0.740
0.016 0.408 0.576
0.026 0.315 0.659
0.069 0.365 0.566
0.009 0.400 0.591
0.005 0.437 0.559
0.022 0.258 0.721
0.022 0.268 0.710
0.003 0.333 0.664
0.007 0.237 0.756
0.004 0.379 0.617
0.009 0.357 0.635
0.024 0.296 0.680
0.028 0.302 0.670
0.031 0.205 0.764
0.048 0.408 0.544
0.013 0.270 0.717
0.040 0.260 0.700
0.039 0.318 0.643
0.070 0.319 0.611
0.002 0.180 0.818
0.003 0.146 0.851
0.004 0.471 0.525
0.008 0.273 0.718
0.004 0.215 0.781
0.006 0.260 0.734
0.007 0.302 0.691
0.013 0.279 0.707
0.007 0.387 0.606
0.004 0.322 0.673
0.005 0.165 0.830
0.022 0.348 0.630
0.012 0.220 0.768
0.014 0.424 0.562
0.005 0.317 0.678
0.061 0.161 0.778
0.012 0.320 0.668
0.035 0.361 0.604
0.005 0.145 0.850
0.014 0.209 0.777
0.017 0.303 0.679
0.012 0.324 0.664
0.007 0.381 0.612
0.036 0.326 0.638
0.003 0.266 0.731
0.014 0.392 0.594
0.014 0.105 0.881
0.028 0.313 0.660
0.019 0.338 0.643
0.006 0.430 0.564
0.005 0.405 0.590
0.053 0.170 0.777
0.005 0.335 0.660
0.002 0.379 0.619
0.004 0.397 0.599
0.008 0.267 0.725
0.003 0.226 0.771
0.035 0.318 0.647
0.009 0.351 0.640
0.003 0.180 0.818
0.016 0.210 0.774
0.006 0.285 0.709
0.076 0.237 0.687
0.014 0.316 0.670
0.018 0.331 0.650
0.095 0.222 0.683
0.012 0.263 0.725
0.021 0.335 0.644
0.006 0.320 0.673
0.055 0.205 0.740
0.009 0.399 0.591
0.003 0.342 0.655
0.076 0.290 0.635
0.037 0.333 0.630
0.002 0.315 0.682
0.014 0.384 0.602
0.024 0.291 0.685
0.003 0.187 0.810
0.008 0.388 0.604
0.008 0.234 0.758
0.020 0.309 0.671
0.030 0.253 0.716
0.007 0.420 0.572
0.096 0.363 0.541
0.007 0.440 0.553
0.015 0.322 0.664
0.005 0.363 0.632
0.020 0.386 0.594
0.023 0.312 0.665
0.014 0.273 0.714
0.008 0.274 0.719
0.009 0.561 0.430
0.024 0.386 0.590
0.005 0.354 0.642
0.015 0.431 0.554
0.035 0.246 0.719
0.018 0.344 0.638
0.013 0.413 0.574
0.008 0.367 0.625
0.011 0.483 0.506
0.004 0.464 0.532
0.084 0.211 0.706
0.061 0.185 0.754
0.012 0.443 0.545
0.002 0.291 0.706
0.004 0.432 0.564
0.010 0.366 0.625
0.003 0.337 0.660
0.093 0.209 0.698
0.009 0.217 0.774
0.047 0.284 0.669
0.026 0.315 0.659
0.007 0.298 0.695
0.004 0.218 0.778
0.010 0.308 0.683
0.008 0.304 0.688
0.032 0.316 0.652
0.002 0.162 0.836
0.012 0.188 0.800
0.015 0.263 0.722
0.023 0.397 0.580
0.008 0.226 0.766
0.059 0.372 0.570
0.067 0.192 0.740
0.019 0.375 0.606
0.006 0.008 0.986
0.012 0.002 0.986
0.003 0.022 0.975
0.003 0.004 0.993
0.003 0.004 0.993
0.004 0.011 0.985
0.009 0.003 0.988
0.003 0.004 0.994
0.002 0.004 0.995
0.003 0.004 0.993
0.002 0.004 0.994
0.010 0.014 0.976
0.002 0.003 0.995
0.004 0.006 0.989
0.003 0.003 0.994
0.011 0.004 0.985
0.007 0.002 0.990
0.001 0.003 0.996
0.002 0.005 0.992
0.009 0.005 0.987
0.008 0.002 0.989
0.005 0.013 0.982
0.007 0.004 0.989
0.009 0.004 0.987
0.013 0.007 0.979
0.004 0.016 0.981
0.009 0.004 0.988
0.010 0.005 0.984
0.002 0.004 0.994
0.005 0.008 0.987
0.008 0.004 0.988
0.002 0.006 0.992
0.008 0.012 0.981
0.011 0.004 0.985
0.010 0.002 0.989
0.009 0.014 0.977
0.007 0.005 0.988
0.003 0.004 0.993
0.003 0.010 0.987
0.001 0.004 0.995
0.015 0.003 0.983
0.004 0.014 0.982
0.003 0.002 0.995
0.008 0.003 0.989
0.002 0.018 0.980
0.002 0.003 0.995
0.004 0.003 0.993
0.018 0.003 0.980
0.003 0.002 0.995
0.003 0.004 0.994
0.004 0.004 0.992
0.010 0.020 0.971
0.002 0.001 0.997
0.004 0.002 0.994
0.005 0.019 0.977
0.007 0.024 0.969
0.002 0.001 0.997
0.005 0.003 0.992
0.006 0.006 0.988
0.004 0.002 0.995
0.002 0.002 0.996
0.004 0.008 0.988
0.003 0.009 0.988
0.004 0.010 0.987
0.011 0.003 0.986
0.012 0.004 0.984
0.002 0.006 0.992
0.022 0.002 0.976
0.006 0.008 0.986
0.004 0.005 0.991
0.005 0.002 0.993
0.002 0.007 0.991
0.006 0.002 0.991
0.002 0.011 0.986
0.003 0.002 0.996
0.010 0.004 0.986
0.006 0.006 0.988
0.007 0.002 0.991
0.005 0.006 0.990
0.004 0.008 0.988
0.005 0.002 0.993
0.005 0.003 0.993
0.003 0.005 0.992
0.004 0.002 0.994
0.004 0.005 0.992
0.015 0.006 0.979
0.005 0.020 0.975
0.008 0.005 0.988
0.010 0.006 0.984
0.018 0.013 0.970
0.005 0.008 0.987
0.004 0.005 0.991
0.016 0.009 0.975
0.002 0.004 0.993
0.005 0.033 0.962
0.016 0.003 0.981
0.012 0.004 0.984
0.038 0.005 0.958
0.005 0.003 0.992
0.996 0.001 0.003
0.978 0.007 0.015
0.968 0.009 0.024
0.982 0.009 0.009
0.997 0.001 0.002
0.997 0.001 0.001
0.996 0.001 0.003
0.997 0.002 0.001
0.993 0.002 0.005
0.985 0.003 0.011
0.996 0.002 0.002
0.988 0.005 0.006
0.996 0.001 0.003
0.996 0.002 0.002
0.994 0.002 0.004
0.986 0.005 0.009
0.993 0.002 0.005
0.974 0.012 0.014
0.976 0.004 0.019
0.006 0.974 0.020
0.019 0.967 0.014
0.008 0.976 0.016
0.014 0.975 0.011
0.008 0.985 0.007
0.004 0.835 0.161
0.002 0.986 0.013
0.002 0.994 0.003
0.004 0.995 0.002
0.002 0.983 0.015
0.005 0.990 0.005
0.004 0.984 0.012
0.004 0.984 0.011
0.010 0.973 0.017
0.008 0.980 0.013
0.003 0.994 0.003
0.013 0.954 0.034
0.003 0.993 0.004
0.018 0.942 0.039
0.014 0.969 0.017
0.005 0.991 0.003
0.002 0.994 0.004
0.006 0.984 0.010
0.004 0.984 0.012
0.002 0.808 0.190
0.041 0.922 0.037
0.024 0.935 0.041
0.008 0.985 0.007
0.005 0.980 0.015
0.013 0.935 0.052
0.002 0.974 0.023
0.007 0.982 0.011
0.011 0.982 0.007
0.117 0.847 0.036
0.001 0.997 0.001
0.003 0.991 0.006
0.002 0.996 0.002
0.004 0.994 0.002
0.013 0.973 0.015
0.003 0.989 0.008
0.002 0.958 0.040
0.005 0.984 0.011
0.003 0.972 0.025
0.002 0.996 0.002
0.002 0.995 0.003
0.003 0.987 0.009
0.021 0.973 0.006
0.007 0.965 0.027
0.003 0.992 0.005
0.004 0.992 0.003
0.014 0.861 0.125
0.004 0.990 0.006
0.007 0.987 0.006
0.009 0.985 0.005
0.001 0.995 0.004
0.002 0.984 0.014
0.112 0.832 0.056
0.002 0.992 0.006
0.004 0.943 0.052
0.025 0.961 0.014
0.002 0.994 0.004
0.004 0.984 0.012
0.040 0.949 0.012
0.015 0.972 0.013
0.007 0.987 0.006
0.002 0.993 0.005
0.003 0.994 0.003
0.010 0.983 0.006
0.002 0.989 0.009
0.011 0.754 0.235
0.012 0.978 0.010
0.037 0.935 0.028
0.005 0.981 0.014
0.009 0.966 0.024
0.028 0.889 0.083
0.003 0.990 0.007
0.006 0.984 0.010
0.017 0.948 0.035
0.008 0.970 0.023
0.026 0.970 0.005
0.025 0.936 0.039
0.022 0.962 0.016
0.008 0.974 0.018
0.011 0.978 0.011
0.008 0.980 0.012
0.012 0.978 0.010
0.009 0.977 0.014
0.003 0.996 0.002
0.016 0.952 0.032
0.011 0.975 0.013
0.021 0.929 0.050
0.029 0.935 0.037
0.003 0.994 0.003
0.006 0.974 0.020
0.005 0.989 0.006
0.007 0.976 0.017
0.004 0.989 0.007
0.002 0.994 0.004
0.002 0.993 0.005
0.006 0.974 0.020
0.007 0.988 0.005
0.004 0.983 0.013
0.004 0.991 0.005
0.973 0.008 0.019
0.994 0.002 0.004
0.990 0.002 0.008
0.993 0.002 0.004
0.995 0.002 0.004
0.988 0.004 0.008
0.990 0.005 0.005
0.995 0.002 0.003
0.993 0.003 0.004
0.994 0.003 0.003
0.988 0.006 0.006
0.993 0.003 0.004
0.996 0.002 0.002
0.977 0.017 0.006
0.994 0.002 0.003
0.994 0.004 0.002
0.993 0.001 0.005
0.996 0.003 0.001
0.996 0.002 0.002
0.986 0.004 0.011
0.985 0.004 0.011
0.997 0.002 0.001
0.996 0.002 0.002
0.996 0.002 0.002
0.995 0.003 0.003
0.996 0.001 0.003
0.992 0.002 0.006
0.997 0.002 0.001
0.989 0.003 0.008
0.007 0.972 0.021
0.005 0.892 0.104
0.007 0.957 0.036
0.005 0.984 0.011
0.015 0.830 0.155
0.034 0.943 0.024
0.006 0.989 0.005
0.006 0.977 0.017
0.107 0.878 0.015
0.007 0.971 0.022
0.004 0.992 0.005
0.012 0.768 0.219
0.009 0.987 0.004
0.004 0.891 0.104
0.006 0.982 0.012
0.003 0.994 0.003
0.006 0.967 0.027
0.011 0.961 0.028
0.006 0.979 0.015
0.005 0.983 0.012
0.004 0.945 0.051
0.004 0.993 0.004
0.007 0.985 0.008
0.003 0.993 0.004
0.162 0.789 0.049
0.004 0.992 0.004
0.009 0.766 0.225
0.011 0.901 0.087
0.004 0.987 0.009
0.005 0.988 0.006
0.008 0.984 0.008
0.016 0.761 0.223
0.001 0.993 0.005
0.013 0.978 0.010
0.012 0.946 0.042
0.005 0.990 0.005
0.019 0.970 0.011
0.057 0.933 0.010
0.006 0.977 0.018
0.002 0.844 0.154
0.040 0.940 0.020
0.017 0.961 0.022
0.008 0.977 0.015
0.004 0.987 0.009
0.007 0.979 0.014
0.022 0.936 0.042
0.005 0.986 0.009
0.004 0.994 0.002
0.003 0.911 0.086
0.043 0.948 0.009
0.006 0.972 0.022
0.005 0.987 0.008
0.006 0.927 0.067
0.014 0.966 0.019
0.015 0.916 0.070
0.003 0.960 0.037
0.002 0.974 0.024
0.005 0.984 0.010
0.004 0.985 0.011
0.005 0.987 0.008
0.011 0.979 0.010
0.002 0.975 0.023
0.011 0.936 0.053
0.004 0.989 0.007
0.007 0.920 0.073
0.004 0.992 0.005
0.016 0.973 0.010
0.002 0.986 0.013
0.027 0.962 0.010
0.001 0.995 0.003
0.994 0.003 0.003
0.992 0.002 0.005
0.946 0.010 0.045
0.995 0.002 0.003
0.995 0.003 0.002
0.973 0.007 0.020
0.893 0.021 0.086
0.926 0.015 0.060
0.940 0.042 0.018
0.987 0.005 0.008
0.875 0.012 0.114
0.982 0.004 0.014
0.982 0.007 0.011
0.972 0.017 0.012
0.978 0.009 0.013
0.993 0.003 0.004
0.848 0.011 0.142
0.947 0.004 0.049
0.004 0.987 0.009
0.010 0.982 0.008
0.011 0.984 0.005
0.010 0.970 0.021
0.004 0.989 0.008
0.005 0.989 0.006
0.012 0.947 0.042
0.005 0.989 0.006
0.002 0.996 0.003
0.003 0.974 0.023
0.029 0.943 0.028
0.004 0.990 0.006
0.006 0.985 0.009
0.006 0.920 0.075
0.038 0.951 0.011
0.008 0.968 0.024
0.003 0.958 0.039
0.009 0.979 0.012
0.005 0.992 0.003
0.013 0.973 0.014
0.010 0.979 0.011
0.019 0.969 0.012
0.006 0.932 0.062
0.008 0.978 0.014
0.003 0.978 0.019
0.015 0.979 0.007
0.011 0.966 0.023
0.002 0.932 0.066
0.003 0.986 0.011
0.017 0.960 0.023
0.024 0.963 0.012
0.014 0.975 0.011
0.009 0.959 0.032
0.003 0.988 0.009
0.994 0.002 0.004
0.988 0.003 0.009
0.991 0.003 0.006
0.994 0.003 0.003
0.999 0.001 0.001
0.997 0.001 0.002
0.992 0.003 0.004
0.994 0.001 0.004
0.995 0.002 0.002
0.986 0.006 0.007
0.998 0.001 0.001
0.996 0.002 0.003
0.995 0.001 0.004
0.987 0.004 0.009
0.998 0.001 0.001
0.990 0.005 0.005
0.996 0.002 0.001
0.995 0.003 0.003
0.988 0.005 0.007
0.995 0.003 0.002
0.994 0.002 0.004
0.984 0.009 0.007
0.989 0.005 0.007
0.971 0.010 0.019
0.995 0.002 0.003
0.993 0.003 0.003
0.997 0.001 0.001
0.991 0.005 0.004
0.996 0.002 0.002
0.996 0.002 0.002
0.996 0.002 0.002
0.992 0.003 0.005
0.994 0.002 0.004
0.992 0.004 0.004
0.984 0.004 0.012
0.990 0.004 0.005
0.987 0.010 0.003
0.984 0.002 0.014
0.995 0.001 0.004
0.993 0.004 0.004
0.947 0.022 0.031
0.997 0.001 0.002
0.985 0.007 0.008
0.996 0.002 0.003
0.993 0.002 0.005
0.978 0.004 0.018
0.990 0.006 0.004
0.996 0.002 0.002
0.994 0.003 0.003
0.995 0.002 0.003
0.996 0.001 0.003
0.995 0.002 0.003
0.992 0.003 0.005
0.995 0.002 0.003
0.994 0.003 0.003
0.992 0.003 0.005
0.882 0.005 0.112
0.997 0.001 0.002
0.996 0.001 0.002
0.996 0.002 0.002
0.876 0.006 0.119
0.993 0.003 0.004
0.961 0.015 0.024
0.949 0.018 0.033
0.987 0.006 0.007
0.976 0.009 0.016
0.912 0.002 0.086
0.967 0.018 0.016
0.994 0.002 0.003
0.993 0.002 0.005
0.933 0.033 0.035
0.996 0.001 0.003
0.991 0.003 0.005
0.973 0.006 0.021
0.989 0.002 0.008
0.932 0.039 0.029
0.995 0.002 0.003
0.960 0.008 0.032
0.947 0.009 0.044
0.910 0.004 0.086
0.996 0.002 0.003
0.965 0.012 0.023
0.989 0.004 0.006
0.981 0.004 0.015
0.990 0.004 0.006
0.946 0.009 0.046
0.935 0.037 0.028
0.996 0.002 0.002
0.956 0.007 0.037
0.916 0.025 0.060
0.956 0.033 0.011
0.885 0.006 0.109
0.996 0.002 0.002
0.992 0.002 0.005
0.982 0.010 0.008
0.987 0.006 0.007
0.929 0.005 0.066
0.987 0.004 0.010
