0.004 0.992 0.005
0.022 0.972 0.006
0.007 0.987 0.006
0.011 0.986 0.003
0.030 0.967 0.004
0.020 0.969 0.010
0.009 0.988 0.003
0.007 0.988 0.005
0.001 0.996 0.003
0.019 0.974 0.007
0.011 0.983 0.006
0.012 0.984 0.004
0.028 0.967 0.005
0.012 0.981 0.007
0.034 0.960 0.006
0.002 0.997 0.001
0.022 0.964 0.014
0.004 0.991 0.005
0.006 0.991 0.003
0.007 0.978 0.015
0.004 0.975 0.021
0.009 0.985 0.005
0.007 0.990 0.004
0.015 0.974 0.011
0.005 0.990 0.005
0.002 0.997 0.001
0.002 0.993 0.005
0.042 0.953 0.006
0.011 0.985 0.003
0.018 0.947 0.036
0.002 0.994 0.004
0.010 0.985 0.006
0.006 0.966 0.028
0.018 0.974 0.008
0.016 0.979 0.005
0.006 0.972 0.021
0.005 0.994 0.001
0.011 0.977 0.012
0.008 0.989 0.003
0.003 0.996 0.001
0.021 0.960 0.018
0.141 0.854 0.004
0.019 0.912 0.069
0.015 0.920 0.064
0.006 0.991 0.002
0.017 0.981 0.002
0.014 0.972 0.013
0.009 0.892 0.099
0.007 0.988 0.006
0.003 0.993 0.003
0.031 0.967 0.002
0.004 0.994 0.002
0.009 0.972 0.019
0.018 0.976 0.007
0.017 0.982 0.001
0.009 0.985 0.006
0.008 0.989 0.003
0.005 0.993 0.002
0.005 0.990 0.005
0.069 0.908 0.023
0.015 0.914 0.071
0.006 0.990 0.004
0.017 0.935 0.047
0.004 0.980 0.016
0.006 0.991 0.003
0.057 0.915 0.029
0.010 0.987 0.004
0.007 0.991 0.002
0.007 0.990 0.004
0.004 0.990 0.007
0.012 0.984 0.004
0.009 0.988 0.004
0.012 0.978 0.009
0.041 0.949 0.010
0.012 0.983 0.005
0.050 0.939 0.011
0.003 0.991 0.006
0.016 0.976 0.008
0.020 0.948 0.032
0.053 0.937 0.009
0.006 0.992 0.003
0.042 0.956 0.002
0.005 0.985 0.010
0.028 0.963 0.009
0.004 0.991 0.005
0.016 0.967 0.018
0.006 0.991 0.003
0.016 0.967 0.016
0.012 0.986 0.003
0.007 0.987 0.005
0.070 0.922 0.008
0.010 0.984 0.006
0.005 0.985 0.011
0.009 0.985 0.006
0.007 0.976 0.017
0.018 0.980 0.002
0.989 0.009 0.002
0.996 0.002 0.002
0.986 0.004 0.009
0.988 0.008 0.004
0.994 0.004 0.003
0.991 0.002 0.007
0.990 0.005 0.005
0.993 0.001 0.006
0.994 0.002 0.004
0.990 0.002 0.008
0.983 0.008 0.009
0.994 0.003 0.003
0.976 0.004 0.020
0.994 0.003 0.003
0.993 0.003 0.003
0.971 0.002 0.027
0.988 0.011 0.001
0.993 0.004 0.003
0.990 0.004 0.006
0.990 0.005 0.006
0.983 0.010 0.007
0.995 0.002 0.003
0.962 0.012 0.026
0.994 0.003 0.002
0.989 0.005 0.005
0.995 0.002 0.003
0.997 0.001 0.002
0.996 0.003 0.001
0.996 0.002 0.001
0.989 0.005 0.006
0.996 0.002 0.002
0.987 0.011 0.002
0.995 0.003 0.002
0.986 0.008 0.006
0.986 0.007 0.007
0.981 0.010 0.009
0.993 0.002 0.004
0.968 0.006 0.026
0.965 0.014 0.021
0.987 0.010 0.003
0.991 0.007 0.002
0.992 0.002 0.005
0.994 0.002 0.004
0.988 0.002 0.010
0.990 0.007 0.002
0.995 0.003 0.003
0.988 0.004 0.008
0.993 0.005 0.002
0.988 0.003 0.009
0.997 0.001 0.002
0.977 0.003 0.021
0.996 0.002 0.002
0.971 0.021 0.008
0.990 0.006 0.004
0.996 0.002 0.002
0.985 0.007 0.008
0.914 0.082 0.004
0.981 0.014 0.005
0.995 0.002 0.003
0.989 0.007 0.003
0.974 0.008 0.018
0.982 0.016 0.002
0.994 0.004 0.003
0.973 0.006 0.021
0.979 0.015 0.005
0.989 0.008 0.003
0.962 0.018 0.020
0.992 0.005 0.004
0.977 0.008 0.016
0.941 0.047 0.012
0.994 0.004 0.002
0.988 0.004 0.008
0.993 0.004 0.004
0.991 0.008 0.002
0.993 0.006 0.002
0.987 0.007 0.006
0.981 0.010 0.009
0.994 0.003 0.003
0.989 0.004 0.007
0.993 0.002 0.005
0.974 0.004 0.023
0.993 0.003 0.004
0.989 0.008 0.003
0.997 0.001 0.002
0.995 0.001 0.004
0.985 0.009 0.007
0.983 0.013 0.005
0.982 0.010 0.008
0.990 0.003 0.008
0.994 0.004 0.002
0.978 0.002 0.020
0.996 0.002 0.002
0.993 0.002 0.005
0.992 0.006 0.001
0.992 0.005 0.003
0.989 0.008 0.003
0.992 0.004 0.004
0.975 0.017 0.008
0.997 0.001 0.001
0.989 0.005 0.006
0.986 0.006 0.008
0.993 0.002 0.005
0.990 0.006 0.004
0.790 0.204 0.006
0.903 0.093 0.004
0.993 0.003 0.005
0.984 0.007 0.010
0.936 0.060 0.004
0.926 0.072 0.002
0.872 0.126 0.002
0.938 0.054 0.007
0.958 0.034 0.007
0.937 0.054 0.009
0.990 0.004 0.005
0.972 0.022 0.006
0.856 0.141 0.003
0.970 0.014 0.017
0.937 0.058 0.005
0.983 0.012 0.005
0.982 0.009 0.010
0.984 0.014 0.002
0.986 0.011 0.002
0.918 0.047 0.035
0.992 0.005 0.003
0.987 0.004 0.008
0.987 0.006 0.007
0.945 0.051 0.004
0.982 0.013 0.005
0.992 0.004 0.003
0.766 0.232 0.002
0.994 0.002 0.004
0.971 0.027 0.002
0.792 0.205 0.003
0.850 0.145 0.004
0.978 0.015 0.007
0.968 0.018 0.014
0.987 0.008 0.006
0.941 0.054 0.005
0.979 0.007 0.014
0.993 0.005 0.002
0.867 0.128 0.005
0.980 0.017 0.003
0.970 0.026 0.004
0.987 0.008 0.005
0.977 0.009 0.014
0.982 0.014 0.004
0.992 0.003 0.005
0.913 0.084 0.003
0.957 0.013 0.030
0.989 0.008 0.003
0.941 0.052 0.007
0.939 0.059 0.003
0.978 0.013 0.009
0.938 0.054 0.008
0.994 0.003 0.003
0.994 0.003 0.003
0.966 0.031 0.003
0.996 0.002 0.002
0.844 0.148 0.008
0.973 0.010 0.017
0.980 0.015 0.005
0.973 0.007 0.019
0.984 0.008 0.008
0.985 0.003 0.011
0.913 0.058 0.029
0.964 0.029 0.007
0.937 0.055 0.008
0.974 0.025 0.001
0.986 0.009 0.005
0.964 0.011 0.025
0.986 0.009 0.005
0.931 0.066 0.003
0.996 0.002 0.002
0.990 0.006 0.004
0.864 0.133 0.003
0.974 0.022 0.004
0.990 0.008 0.002
0.988 0.009 0.003
0.950 0.033 0.016
0.947 0.015 0.038
0.887 0.102 0.010
0.993 0.005 0.002
0.964 0.034 0.002
0.974 0.016 0.010
0.991 0.002 0.007
0.006 0.986 0.009
0.002 0.994 0.004
0.024 0.970 0.006
0.017 0.976 0.007
0.002 0.985 0.013
0.007 0.987 0.005
0.025 0.964 0.011
0.004 0.993 0.003
0.007 0.989 0.004
0.004 0.992 0.004
0.009 0.985 0.006
0.031 0.964 0.004
0.007 0.990 0.002
0.005 0.993 0.002
0.003 0.991 0.006
0.003 0.994 0.003
0.004 0.982 0.014
0.004 0.993 0.003
0.007 0.979 0.014
0.006 0.990 0.004
0.009 0.977 0.014
0.008 0.988 0.003
0.008 0.968 0.024
0.025 0.973 0.002
0.008 0.983 0.009
0.013 0.982 0.006
0.026 0.964 0.010
0.010 0.982 0.008
0.003 0.978 0.019
0.006 0.988 0.006
0.005 0.993 0.002
0.037 0.958 0.006
0.004 0.979 0.017
0.003 0.990 0.007
0.018 0.931 0.050
0.004 0.990 0.006
0.024 0.972 0.003
0.043 0.951 0.006
0.005 0.978 0.017
0.004 0.992 0.003
0.004 0.992 0.003
0.019 0.978 0.003
0.980 0.005 0.015
0.615 0.025 0.360
0.989 0.004 0.007
0.016 0.968 0.016
0.003 0.993 0.004
0.005 0.992 0.004
0.006 0.991 0.003
0.011 0.987 0.003
0.003 0.996 0.001
0.004 0.991 0.005
0.023 0.970 0.007
0.014 0.982 0.004
0.003 0.996 0.001
0.015 0.982 0.003
0.016 0.974 0.010
0.009 0.989 0.002
0.011 0.985 0.004
0.002 0.997 0.001
0.003 0.995 0.002
0.005 0.993 0.001
0.009 0.986 0.004
0.004 0.994 0.002
0.008 0.991 0.002
0.007 0.982 0.011
0.003 0.994 0.003
0.006 0.991 0.004
0.005 0.983 0.012
0.003 0.994 0.004
0.008 0.986 0.005
0.015 0.977 0.008
0.009 0.988 0.004
0.008 0.968 0.023
0.006 0.992 0.002
0.003 0.990 0.007
0.015 0.982 0.003
0.015 0.979 0.006
0.007 0.992 0.001
0.009 0.982 0.009
0.830 0.009 0.161
0.739 0.236 0.026
0.953 0.038 0.009
0.883 0.100 0.017
0.017 0.979 0.004
0.021 0.972 0.007
0.004 0.995 0.001
0.007 0.986 0.007
0.003 0.995 0.002
0.041 0.931 0.028
0.004 0.993 0.003
0.009 0.984 0.006
0.005 0.993 0.002
0.011 0.982 0.006
0.012 0.983 0.005
0.003 0.991 0.007
0.003 0.994 0.003
0.005 0.989 0.006
0.004 0.991 0.005
0.008 0.953 0.039
0.003 0.993 0.004
0.003 0.993 0.004
0.016 0.976 0.008
0.014 0.933 0.053
0.009 0.988 0.003
0.008 0.985 0.007
0.007 0.982 0.012
0.003 0.991 0.007
0.007 0.979 0.014
0.006 0.991 0.002
0.002 0.995 0.002
0.004 0.995 0.001
0.938 0.029 0.033
0.949 0.047 0.004
0.840 0.006 0.154
0.982 0.015 0.004
0.969 0.002 0.030
0.987 0.002 0.011
0.893 0.081 0.026
0.907 0.036 0.056
0.936 0.060 0.003
0.007 0.989 0.004
0.032 0.944 0.024
0.010 0.986 0.003
0.004 0.993 0.003
0.002 0.993 0.005
0.014 0.915 0.071
0.002 0.995 0.002
0.002 0.996 0.002
0.008 0.978 0.014
0.005 0.974 0.020
0.007 0.991 0.002
0.001 0.996 0.002
0.003 0.991 0.005
0.005 0.993 0.002
0.024 0.969 0.006
0.982 0.003 0.015
0.734 0.249 0.017
0.562 0.015 0.423
0.936 0.005 0.059
0.833 0.013 0.153
0.909 0.079 0.013
0.789 0.017 0.195
0.828 0.167 0.004
0.952 0.025 0.023
0.973 0.005 0.022
0.752 0.005 0.243
0.849 0.139 0.011
0.815 0.153 0.032
0.989 0.002 0.009
0.907 0.007 0.086
0.829 0.160 0.012
0.942 0.055 0.003
0.705 0.283 0.012
0.975 0.020 0.005
0.978 0.007 0.015
0.993 0.003 0.004
0.810 0.180 0.010
0.595 0.397 0.008
0.780 0.005 0.215
0.981 0.010 0.009
0.867 0.114 0.019
0.896 0.005 0.099
0.969 0.007 0.024
0.894 0.010 0.097
0.905 0.079 0.017
0.885 0.004 0.111
0.896 0.087 0.017
0.896 0.011 0.093
0.716 0.003 0.281
0.355 0.002 0.644
0.989 0.008 0.004
0.974 0.013 0.013
0.941 0.011 0.048
0.261 0.011 0.728
0.739 0.255 0.005
0.815 0.173 0.011
0.996 0.003 0.001
0.771 0.161 0.069
0.751 0.241 0.009
0.709 0.278 0.012
0.712 0.150 0.137
0.967 0.019 0.013
0.957 0.037 0.006
0.962 0.032 0.006
0.753 0.017 0.230
0.666 0.333 0.002
0.993 0.004 0.003
0.416 0.194 0.390
0.711 0.237 0.052
0.951 0.024 0.024
0.779 0.216 0.005
0.803 0.053 0.144
0.993 0.005 0.002
0.693 0.161 0.146
0.879 0.115 0.005
0.949 0.027 0.023
0.944 0.043 0.013
0.793 0.002 0.205
0.931 0.035 0.034
0.719 0.132 0.150
0.784 0.207 0.008
0.962 0.003 0.035
0.954 0.008 0.038
0.910 0.074 0.016
0.959 0.003 0.038
0.890 0.008 0.101
0.956 0.003 0.041
0.660 0.336 0.004
0.747 0.006 0.247
0.921 0.003 0.076
0.478 0.492 0.030
0.795 0.166 0.038
0.793 0.007 0.200
0.938 0.054 0.008
0.923 0.060 0.016
0.989 0.005 0.006
0.512 0.030 0.458
0.135 0.004 0.861
0.653 0.009 0.339
0.973 0.013 0.013
0.860 0.138 0.002
0.846 0.152 0.003
0.985 0.008 0.007
0.850 0.143 0.007
0.865 0.093 0.042
0.883 0.038 0.079
0.994 0.002 0.004
0.440 0.423 0.137
0.932 0.064 0.004
0.954 0.042 0.004
0.452 0.214 0.334
0.987 0.009 0.004
0.822 0.039 0.139
0.962 0.015 0.023
0.981 0.010 0.008
0.964 0.032 0.005
0.620 0.005 0.375
0.955 0.008 0.037
0.920 0.003 0.077
0.656 0.025 0.319
0.728 0.007 0.265
0.972 0.015 0.013
0.955 0.041 0.004
0.908 0.073 0.019
0.785 0.003 0.212
0.939 0.005 0.055
0.993 0.004 0.003
0.422 0.574 0.004
0.490 0.213 0.298
0.921 0.067 0.012
0.774 0.224 0.002
0.554 0.434 0.012
0.846 0.137 0.017
0.893 0.088 0.019
0.749 0.244 0.006
0.752 0.234 0.014
0.712 0.238 0.050
0.839 0.154 0.008
0.951 0.003 0.046
0.764 0.229 0.007
0.795 0.201 0.003
0.449 0.289 0.262
0.607 0.364 0.029
0.846 0.082 0.072
0.424 0.562 0.015
0.716 0.229 0.055
0.710 0.287 0.004
0.627 0.285 0.087
0.698 0.295 0.008
0.960 0.037 0.003
0.864 0.126 0.010
0.891 0.043 0.066
0.994 0.003 0.003
0.520 0.031 0.448
0.609 0.002 0.390
0.941 0.016 0.043
0.866 0.132 0.002
0.735 0.026 0.239
0.955 0.040 0.005
0.660 0.082 0.258
0.604 0.197 0.200
0.925 0.024 0.050
0.917 0.012 0.070
0.712 0.264 0.024
0.571 0.242 0.187
0.835 0.009 0.156
0.884 0.114 0.002
0.725 0.260 0.015
0.980 0.005 0.015
0.984 0.004 0.012
0.854 0.009 0.137
0.632 0.359 0.010
0.557 0.441 0.002
0.615 0.105 0.280
0.893 0.013 0.095
0.891 0.098 0.011
0.735 0.263 0.003
0.804 0.182 0.014
0.500 0.436 0.065
0.579 0.343 0.078
0.570 0.111 0.319
0.900 0.095 0.005
0.982 0.015 0.004
0.987 0.007 0.007
0.816 0.013 0.171
0.463 0.088 0.449
0.984 0.009 0.007
0.769 0.125 0.106
0.988 0.003 0.009
0.843 0.121 0.036
0.989 0.007 0.004
0.366 0.141 0.493
0.741 0.077 0.182
0.941 0.050 0.009
0.965 0.021 0.014
0.951 0.037 0.012
0.987 0.009 0.004
0.984 0.006 0.009
0.997 0.001 0.002
0.993 0.003 0.004
0.989 0.005 0.006
0.989 0.006 0.005
0.990 0.005 0.005
0.993 0.002 0.005
0.994 0.002 0.004
0.992 0.005 0.003
0.996 0.001 0.003
0.996 0.002 0.002
0.991 0.006 0.002
0.977 0.015 0.008
0.983 0.005 0.012
0.992 0.003 0.005
0.996 0.002 0.002
0.983 0.003 0.014
0.996 0.002 0.002
0.992 0.002 0.006
0.995 0.003 0.002
0.956 0.012 0.032
0.994 0.001 0.005
0.825 0.164 0.011
0.574 0.017 0.410
0.624 0.015 0.361
0.478 0.507 0.015
0.921 0.069 0.010
0.709 0.288 0.003
0.565 0.430 0.005
0.732 0.261 0.008
0.550 0.446 0.005
0.778 0.197 0.025
0.875 0.112 0.013
0.655 0.326 0.018
0.956 0.036 0.008
0.043 0.926 0.030
0.003 0.994 0.003
0.004 0.987 0.009
0.003 0.986 0.011
0.011 0.980 0.009
0.003 0.993 0.004
0.994 0.001 0.005
0.977 0.002 0.021
0.972 0.004 0.023
0.994 0.001 0.005
0.981 0.004 0.014
0.991 0.001 0.008
0.995 0.003 0.002
0.988 0.003 0.008
0.992 0.001 0.006
0.935 0.006 0.060
0.995 0.001 0.004
0.993 0.003 0.004
0.996 0.003 0.001
0.991 0.006 0.003
0.989 0.004 0.006
0.992 0.002 0.005
0.993 0.004 0.003
0.965 0.024 0.011
0.793 0.008 0.198
0.962 0.004 0.034
0.993 0.002 0.005
0.990 0.003 0.007
0.985 0.002 0.013
0.972 0.016 0.012
0.971 0.004 0.025
0.990 0.005 0.005
0.944 0.053 0.002
0.996 0.001 0.003
0.998 0.001 0.001
0.991 0.005 0.004
0.997 0.002 0.001
0.988 0.007 0.005
0.971 0.004 0.025
0.991 0.007 0.002
0.983 0.002 0.015
0.975 0.008 0.018
0.991 0.004 0.005
0.912 0.004 0.085
0.995 0.003 0.002
0.978 0.002 0.020
0.993 0.002 0.004
0.994 0.002 0.004
0.982 0.009 0.010
0.994 0.004 0.002
0.990 0.005 0.005
0.987 0.004 0.009
0.961 0.009 0.030
0.942 0.031 0.027
0.976 0.007 0.017
0.953 0.004 0.043
0.981 0.015 0.004
0.991 0.007 0.002
0.986 0.007 0.007
0.989 0.008 0.002
0.989 0.008 0.003
0.953 0.003 0.044
0.977 0.021 0.002
0.991 0.003 0.005
0.985 0.004 0.011
0.991 0.006 0.003
0.987 0.007 0.006
0.985 0.007 0.008
0.980 0.010 0.010
0.996 0.003 0.001
0.988 0.003 0.010
0.991 0.002 0.007
0.968 0.005 0.027
0.985 0.002 0.013
0.986 0.011 0.003
0.932 0.004 0.064
0.993 0.005 0.002
0.993 0.002 0.005
0.990 0.003 0.008
0.010 0.987 0.003
0.004 0.992 0.004
0.006 0.983 0.011
0.005 0.972 0.023
0.036 0.959 0.005
0.005 0.990 0.005
0.003 0.995 0.002
0.005 0.983 0.012
0.031 0.961 0.008
0.003 0.995 0.002
0.007 0.989 0.004
0.013 0.980 0.008
0.006 0.992 0.002
0.013 0.956 0.030
0.004 0.989 0.007
0.004 0.882 0.114
0.005 0.982 0.014
0.015 0.981 0.004
0.003 0.993 0.004
0.004 0.990 0.006
0.002 0.997 0.001
0.019 0.969 0.012
0.005 0.990 0.005
0.005 0.990 0.005
0.026 0.972 0.002
0.031 0.963 0.007
0.011 0.978 0.011
0.005 0.992 0.003
0.004 0.959 0.037
0.008 0.987 0.005
0.018 0.973 0.010
0.034 0.962 0.004
0.027 0.970 0.003
0.004 0.987 0.009
0.063 0.934 0.002
0.008 0.988 0.004
0.019 0.967 0.013
0.024 0.959 0.017
0.013 0.973 0.014
0.009 0.984 0.007
0.006 0.988 0.006
0.006 0.992 0.002
0.006 0.991 0.003
0.002 0.987 0.012
0.015 0.980 0.006
0.022 0.969 0.009
0.005 0.990 0.005
0.008 0.964 0.028
0.018 0.972 0.011
0.010 0.986 0.005
0.006 0.974 0.020
0.003 0.993 0.004
0.026 0.961 0.013
0.005 0.992 0.002
0.006 0.989 0.005
0.039 0.956 0.005
0.190 0.006 0.803
0.341 0.121 0.538
0.101 0.021 0.878
0.505 0.007 0.489
0.137 0.002 0.861
0.436 0.003 0.561
0.006 0.006 0.988
0.005 0.005 0.990
0.501 0.489 0.010
0.371 0.624 0.005
0.133 0.054 0.813
0.014 0.003 0.983
0.116 0.031 0.853
0.269 0.032 0.698
0.005 0.004 0.990
0.490 0.509 0.001
0.678 0.318 0.003
0.247 0.748 0.005
0.389 0.603 0.008
0.324 0.665 0.011
0.394 0.376 0.230
0.246 0.720 0.034
0.428 0.567 0.004
0.497 0.498 0.005
0.444 0.381 0.175
0.544 0.451 0.005
0.371 0.626 0.002
0.351 0.644 0.004
0.696 0.296 0.009
0.402 0.593 0.005
0.437 0.457 0.106
0.056 0.918 0.025
0.417 0.581 0.002
0.423 0.391 0.186
0.336 0.658 0.006
0.290 0.705 0.006
0.349 0.649 0.002
0.427 0.571 0.002
0.365 0.632 0.002
0.002 0.001 0.996
0.002 0.001 0.997
0.322 0.675 0.002
0.294 0.244 0.463
0.682 0.296 0.022
0.279 0.715 0.005
0.486 0.508 0.007
0.506 0.243 0.251
0.414 0.581 0.005
0.385 0.614 0.001
0.509 0.489 0.002
0.532 0.461 0.007
0.582 0.409 0.009
0.656 0.337 0.008
0.317 0.677 0.006
0.132 0.008 0.860
0.149 0.002 0.849
0.680 0.002 0.318
0.327 0.123 0.550
0.027 0.134 0.839
0.493 0.501 0.006
0.263 0.724 0.012
0.409 0.586 0.004
0.405 0.593 0.003
0.258 0.732 0.010
0.373 0.330 0.297
0.301 0.689 0.010
0.014 0.013 0.973
0.349 0.002 0.648
0.005 0.001 0.994
0.010 0.005 0.986
0.003 0.004 0.993
0.008 0.961 0.030
0.004 0.991 0.005
0.010 0.988 0.002
0.037 0.948 0.016
0.013 0.973 0.014
0.005 0.994 0.001
0.080 0.903 0.017
0.009 0.969 0.022
0.021 0.971 0.008
0.017 0.970 0.013
0.006 0.988 0.005
0.006 0.990 0.004
0.015 0.980 0.004
0.033 0.962 0.005
0.040 0.951 0.009
0.010 0.988 0.002
0.004 0.959 0.038
0.361 0.005 0.635
0.090 0.005 0.905
0.002 0.001 0.996
0.039 0.011 0.950
0.035 0.924 0.041
0.034 0.927 0.039
0.087 0.902 0.012
0.078 0.910 0.012
0.021 0.966 0.012
0.022 0.956 0.022
0.007 0.906 0.087
0.010 0.966 0.024
0.237 0.758 0.005
0.007 0.985 0.008
0.013 0.981 0.006
0.016 0.981 0.003
0.005 0.986 0.010
0.003 0.986 0.012
0.018 0.968 0.015
0.009 0.982 0.008
0.009 0.983 0.008
0.010 0.971 0.020
0.029 0.961 0.010
0.005 0.988 0.007
0.009 0.969 0.022
0.434 0.537 0.029
0.477 0.522 0.001
0.003 0.001 0.996
0.278 0.701 0.021
0.399 0.598 0.004
0.275 0.721 0.005
0.050 0.033 0.917
0.003 0.002 0.995
0.007 0.004 0.990
0.034 0.957 0.009
0.002 0.997 0.002
0.003 0.995 0.002
0.034 0.958 0.008
0.008 0.990 0.002
0.004 0.988 0.008
0.004 0.993 0.003
0.034 0.882 0.085
0.022 0.927 0.051
0.027 0.949 0.023
0.004 0.972 0.025
0.006 0.989 0.005
0.057 0.930 0.013
0.004 0.993 0.003
0.010 0.976 0.015
0.030 0.962 0.008
0.004 0.993 0.003
0.050 0.110 0.840
0.144 0.018 0.838
0.541 0.415 0.044
0.371 0.624 0.005
0.309 0.687 0.004
0.035 0.958 0.007
0.006 0.986 0.007
0.006 0.987 0.008
0.005 0.993 0.002
0.006 0.992 0.002
0.013 0.980 0.006
0.008 0.988 0.004
0.008 0.987 0.005
0.011 0.981 0.008
0.004 0.993 0.003
0.045 0.943 0.012
0.002 0.994 0.004
0.014 0.980 0.006
0.002 0.996 0.002
0.002 0.996 0.002
0.003 0.995 0.003
0.024 0.969 0.007
0.002 0.995 0.002
0.008 0.971 0.020
0.003 0.994 0.003
0.997 0.001 0.002
0.982 0.004 0.014
0.989 0.003 0.008
0.986 0.002 0.012
0.995 0.003 0.002
0.994 0.002 0.004
0.976 0.002 0.021
0.971 0.012 0.017
0.985 0.003 0.012
0.994 0.001 0.005
0.995 0.003 0.002
0.965 0.006 0.029
0.991 0.002 0.007
0.975 0.003 0.022
0.026 0.903 0.071
0.781 0.216 0.003
0.731 0.264 0.004
0.002 0.002 0.997
0.428 0.006 0.566
0.220 0.773 0.007
0.587 0.410 0.003
0.365 0.615 0.020
0.525 0.463 0.012
0.424 0.552 0.024
0.403 0.593 0.003
0.248 0.748 0.005
0.231 0.528 0.241
0.226 0.771 0.004
0.412 0.583 0.005
0.279 0.717 0.003
0.253 0.004 0.743
0.072 0.004 0.924
0.162 0.005 0.833
0.149 0.004 0.847
0.343 0.652 0.005
0.482 0.514 0.003
0.299 0.692 0.009
0.440 0.555 0.005
0.648 0.344 0.007
0.464 0.530 0.007
0.348 0.649 0.004
0.595 0.388 0.017
0.010 0.157 0.833
0.007 0.002 0.991
0.006 0.004 0.991
0.563 0.433 0.004
0.116 0.002 0.883
0.001 0.001 0.997
0.003 0.002 0.996
0.007 0.006 0.987
0.031 0.161 0.809
0.003 0.003 0.993
0.002 0.002 0.996
0.117 0.013 0.870
0.006 0.005 0.989
0.396 0.006 0.598
0.002 0.003 0.995
0.015 0.016 0.969
0.265 0.005 0.730
0.526 0.470 0.004
0.456 0.538 0.006
0.014 0.983 0.003
0.010 0.982 0.008
0.006 0.991 0.003
0.002 0.994 0.004
0.002 0.995 0.003
0.003 0.993 0.004
0.007 0.987 0.006
0.007 0.987 0.006
0.005 0.990 0.006
0.021 0.967 0.012
0.006 0.990 0.005
0.013 0.979 0.008
0.010 0.987 0.003
0.004 0.992 0.004
0.004 0.994 0.002
0.011 0.981 0.008
0.003 0.928 0.069
0.084 0.894 0.022
0.007 0.990 0.003
0.070 0.908 0.022
0.032 0.953 0.014
0.011 0.978 0.011
0.014 0.917 0.069
0.022 0.975 0.003
0.008 0.967 0.025
0.007 0.990 0.003
0.028 0.928 0.043
0.031 0.966 0.004
0.012 0.971 0.016
0.003 0.994 0.003
0.007 0.991 0.002
0.003 0.993 0.004
0.021 0.967 0.012
0.034 0.953 0.014
0.004 0.991 0.004
0.003 0.002 0.996
0.346 0.005 0.649
0.730 0.036 0.234
0.327 0.002 0.672
0.001 0.002 0.997
0.344 0.006 0.651
0.102 0.064 0.835
0.010 0.007 0.984
0.004 0.078 0.918
0.324 0.013 0.663
0.003 0.002 0.995
0.248 0.003 0.749
0.031 0.004 0.965
0.022 0.004 0.974
0.003 0.002 0.995
0.009 0.006 0.985
0.004 0.003 0.993
0.002 0.002 0.996
0.002 0.003 0.995
0.380 0.005 0.615
0.002 0.002 0.996
0.043 0.054 0.903
0.003 0.002 0.994
0.580 0.006 0.414
0.004 0.001 0.994
0.714 0.266 0.020
0.762 0.232 0.006
0.979 0.010 0.011
0.971 0.026 0.003
0.003 0.003 0.995
0.009 0.040 0.951
0.008 0.028 0.965
0.478 0.032 0.490
0.338 0.010 0.653
0.471 0.021 0.507
0.002 0.002 0.995
0.014 0.982 0.004
0.001 0.997 0.001
0.010 0.976 0.014
0.016 0.978 0.006
0.003 0.003 0.993
0.008 0.002 0.990
0.018 0.005 0.978
0.289 0.008 0.703
0.008 0.005 0.987
0.003 0.002 0.995
0.011 0.125 0.864
0.008 0.004 0.988
0.155 0.004 0.841
0.026 0.010 0.963
0.019 0.008 0.973
0.001 0.001 0.998
0.006 0.004 0.990
0.011 0.003 0.986
0.009 0.006 0.985
0.008 0.004 0.988
0.004 0.001 0.995
0.002 0.002 0.997
0.004 0.001 0.995
0.005 0.002 0.993
0.007 0.021 0.972
0.002 0.004 0.994
0.062 0.020 0.918
0.003 0.002 0.995
0.021 0.004 0.976
0.004 0.001 0.995
0.003 0.002 0.996
0.876 0.116 0.008
0.805 0.127 0.067
0.662 0.332 0.006
0.776 0.175 0.049
0.791 0.203 0.005
0.011 0.003 0.987
0.009 0.003 0.988
0.055 0.010 0.935
0.021 0.010 0.970
0.035 0.010 0.955
0.002 0.001 0.998
0.006 0.007 0.987
0.004 0.002 0.994
0.030 0.006 0.964
0.007 0.004 0.989
0.016 0.009 0.975
0.022 0.018 0.960
0.009 0.003 0.989
0.005 0.002 0.993
0.003 0.002 0.996
0.013 0.003 0.984
0.919 0.077 0.004
0.861 0.136 0.003
0.792 0.172 0.036
0.780 0.216 0.004
0.819 0.159 0.022
0.741 0.249 0.010
0.836 0.162 0.002
0.858 0.134 0.007
0.875 0.109 0.017
0.793 0.196 0.012
0.015 0.004 0.982
0.008 0.005 0.987
0.007 0.039 0.954
0.007 0.005 0.988
0.003 0.003 0.994
0.002 0.001 0.997
0.956 0.031 0.013
0.903 0.083 0.015
0.754 0.191 0.055
0.690 0.306 0.003
0.772 0.217 0.011
0.615 0.363 0.022
0.904 0.090 0.006
0.894 0.095 0.011
0.797 0.193 0.010
0.776 0.208 0.016
0.855 0.124 0.021
0.819 0.178 0.003
0.762 0.216 0.022
0.009 0.022 0.970
0.005 0.002 0.993
0.008 0.002 0.990
0.015 0.003 0.982
0.004 0.003 0.993
0.011 0.014 0.975
0.679 0.312 0.009
0.664 0.333 0.002
0.667 0.318 0.015
0.903 0.087 0.010
0.700 0.231 0.069
0.797 0.188 0.015
0.666 0.224 0.111
0.944 0.044 0.012
0.761 0.230 0.009
0.003 0.002 0.995
0.005 0.027 0.967
0.005 0.001 0.994
0.001 0.001 0.997
0.020 0.009 0.971
0.003 0.008 0.989
0.004 0.005 0.992
0.008 0.003 0.989
0.002 0.002 0.996
0.757 0.228 0.015
0.719 0.278 0.003
0.685 0.300 0.015
0.850 0.146 0.004
0.840 0.158 0.002
0.755 0.234 0.010
0.662 0.336 0.002
0.760 0.238 0.002
0.754 0.214 0.032
0.729 0.245 0.026
0.655 0.330 0.015
0.656 0.311 0.034
0.019 0.006 0.975
0.025 0.019 0.956
0.005 0.005 0.990
0.003 0.002 0.995
0.008 0.003 0.989
0.003 0.001 0.996
0.094 0.029 0.878
0.183 0.017 0.799
0.003 0.004 0.993
0.070 0.007 0.924
0.019 0.010 0.972
0.019 0.007 0.973
0.003 0.013 0.984
0.012 0.002 0.986
0.010 0.011 0.979
0.003 0.001 0.995
0.001 0.002 0.997
0.044 0.011 0.945
0.004 0.001 0.994
0.003 0.004 0.993
0.002 0.002 0.995
0.005 0.004 0.991
0.028 0.010 0.962
0.003 0.001 0.997
0.009 0.001 0.990
0.009 0.034 0.957
0.004 0.002 0.994
0.004 0.002 0.994
0.003 0.004 0.993
0.101 0.003 0.896
0.045 0.054 0.902
0.008 0.001 0.990
0.005 0.001 0.994
0.001 0.001 0.998
0.041 0.008 0.951
0.001 0.001 0.998
0.005 0.006 0.989
0.004 0.004 0.992
0.004 0.004 0.992
0.004 0.002 0.994
0.003 0.002 0.995
0.004 0.004 0.991
0.002 0.002 0.996
0.003 0.003 0.994
0.006 0.003 0.992
0.004 0.003 0.993
0.004 0.002 0.994
0.002 0.002 0.996
0.002 0.006 0.992
0.006 0.001 0.993
0.002 0.003 0.995
0.003 0.002 0.996
0.003 0.002 0.996
0.001 0.002 0.997
0.001 0.001 0.998
0.002 0.002 0.997
0.007 0.007 0.986
0.022 0.012 0.966
0.502 0.487 0.010
0.689 0.300 0.011
0.608 0.386 0.006
0.569 0.426 0.005
0.789 0.205 0.006
0.931 0.031 0.037
0.816 0.180 0.003
0.824 0.168 0.008
0.824 0.170 0.006
0.768 0.208 0.024
0.014 0.004 0.982
0.007 0.004 0.990
0.032 0.002 0.966
0.011 0.006 0.983
0.003 0.001 0.996
0.005 0.002 0.993
0.008 0.011 0.981
0.001 0.001 0.997
0.003 0.001 0.996
0.024 0.005 0.971
0.018 0.004 0.978
0.002 0.002 0.996
0.003 0.005 0.992
0.006 0.001 0.993
0.012 0.002 0.986
0.002 0.001 0.997
0.003 0.005 0.992
0.001 0.001 0.997
0.028 0.004 0.968
0.009 0.004 0.987
0.002 0.001 0.996
0.003 0.002 0.995
0.003 0.004 0.994
0.002 0.001 0.998
0.005 0.002 0.992
0.003 0.003 0.993
0.029 0.002 0.970
0.003 0.002 0.995
0.002 0.001 0.997
0.004 0.002 0.994
0.013 0.011 0.976
0.005 0.004 0.991
0.069 0.011 0.920
0.002 0.004 0.995
0.004 0.003 0.993
0.002 0.001 0.997
0.002 0.001 0.996
0.001 0.001 0.998
0.003 0.001 0.996
0.002 0.003 0.995
0.007 0.005 0.988
0.006 0.001 0.992
0.002 0.001 0.997
0.002 0.016 0.982
0.001 0.001 0.998
0.004 0.001 0.995
0.004 0.001 0.995
0.003 0.002 0.995
0.001 0.001 0.998
0.001 0.002 0.996
0.002 0.003 0.995
0.002 0.003 0.996
0.002 0.003 0.995
0.004 0.002 0.994
0.002 0.003 0.995
0.002 0.002 0.997
0.010 0.006 0.984
0.025 0.002 0.973
0.003 0.001 0.996
0.003 0.001 0.995
0.009 0.002 0.989
0.002 0.002 0.997
0.002 0.003 0.996
0.004 0.002 0.994
0.006 0.003 0.991
0.012 0.002 0.986
0.003 0.001 0.995
0.006 0.003 0.991
0.008 0.002 0.991
0.007 0.022 0.970
0.004 0.004 0.993
0.002 0.003 0.995
0.004 0.002 0.994
0.006 0.004 0.990
0.025 0.002 0.973
0.007 0.004 0.988
0.002 0.001 0.997
0.004 0.002 0.994
0.006 0.002 0.991
0.001 0.001 0.997
0.003 0.002 0.995
0.003 0.001 0.995
0.022 0.005 0.973
0.001 0.001 0.998
0.772 0.216 0.012
0.627 0.366 0.007
0.754 0.228 0.018
0.724 0.267 0.009
0.798 0.197 0.005
0.878 0.027 0.094
0.008 0.002 0.990
0.003 0.003 0.994
0.006 0.002 0.993
0.006 0.010 0.984
0.003 0.002 0.996
0.004 0.006 0.990
0.004 0.007 0.989
0.005 0.003 0.993
0.004 0.004 0.991
0.001 0.003 0.996
0.019 0.004 0.978
0.010 0.003 0.987
0.006 0.004 0.990
0.003 0.003 0.994
0.004 0.002 0.995
0.004 0.001 0.994
0.004 0.003 0.993
0.011 0.005 0.984
0.002 0.002 0.996
0.002 0.002 0.996
0.002 0.001 0.997
0.003 0.001 0.996
0.001 0.001 0.998
0.005 0.003 0.992
0.004 0.002 0.994
0.004 0.002 0.994
0.001 0.001 0.998
0.002 0.004 0.994
0.007 0.002 0.991
0.004 0.004 0.992
0.002 0.002 0.996
0.004 0.002 0.993
0.007 0.001 0.991
0.002 0.002 0.996
0.002 0.002 0.997
0.002 0.001 0.997
0.002 0.003 0.995
0.007 0.007 0.986
0.004 0.002 0.994
0.004 0.002 0.994
0.003 0.005 0.992
0.004 0.001 0.995
0.002 0.002 0.996
0.020 0.004 0.976
0.013 0.011 0.976
0.005 0.001 0.994
0.019 0.010 0.971
0.004 0.002 0.995
0.008 0.012 0.980
0.008 0.003 0.988
0.003 0.002 0.995
0.004 0.003 0.993
0.003 0.002 0.995
0.003 0.001 0.996
0.005 0.002 0.992
0.004 0.001 0.995
0.002 0.002 0.996
0.002 0.002 0.995
0.003 0.003 0.994
0.005 0.002 0.994
0.005 0.003 0.991
0.007 0.003 0.990
0.002 0.002 0.996
0.012 0.021 0.968
0.003 0.003 0.994
0.004 0.002 0.994
0.002 0.001 0.997
0.006 0.002 0.992
0.002 0.002 0.996
0.003 0.002 0.995
0.003 0.001 0.996
0.002 0.007 0.991
0.003 0.004 0.993
0.001 0.002 0.997
0.769 0.227 0.005
0.843 0.150 0.007
0.607 0.295 0.099
0.014 0.007 0.979
0.002 0.002 0.996
0.016 0.003 0.981
0.006 0.004 0.990
0.002 0.002 0.996
0.009 0.005 0.986
0.002 0.002 0.995
0.001 0.001 0.998
0.004 0.006 0.990
0.002 0.004 0.994
0.011 0.011 0.978
0.001 0.001 0.998
0.022 0.005 0.973
0.004 0.003 0.992
0.017 0.009 0.973
0.004 0.007 0.989
0.002 0.001 0.998
0.065 0.004 0.931
0.009 0.006 0.985
0.005 0.004 0.990
0.002 0.001 0.997
0.002 0.002 0.997
0.003 0.002 0.996
0.004 0.001 0.995
0.002 0.002 0.996
0.755 0.239 0.006
0.564 0.384 0.052
0.697 0.297 0.006
0.830 0.156 0.014
0.327 0.536 0.137
0.617 0.343 0.039
0.701 0.278 0.022
0.500 0.489 0.012
0.582 0.413 0.005
0.667 0.321 0.011
0.598 0.396 0.006
0.682 0.311 0.007
0.548 0.445 0.007
0.855 0.079 0.067
0.823 0.174 0.003
0.811 0.182 0.007
0.846 0.142 0.012
0.982 0.010 0.008
0.727 0.270 0.003
0.718 0.279 0.003
0.745 0.234 0.021
0.502 0.357 0.141
0.673 0.324 0.002
0.586 0.398 0.015
0.594 0.374 0.032
0.629 0.344 0.027
0.729 0.257 0.014
0.715 0.273 0.012
0.774 0.151 0.075
0.701 0.277 0.022
0.623 0.372 0.005
0.648 0.341 0.011
0.593 0.351 0.056
0.693 0.296 0.011
0.741 0.248 0.011
0.678 0.316 0.006
0.632 0.363 0.004
0.706 0.216 0.078
0.624 0.246 0.130
0.708 0.281 0.011
0.609 0.210 0.181
0.598 0.359 0.043
0.681 0.309 0.010
0.758 0.231 0.011
0.713 0.280 0.007
0.665 0.323 0.012
0.549 0.432 0.019
0.755 0.237 0.007
0.598 0.392 0.010
0.534 0.390 0.076
0.626 0.344 0.030
0.551 0.377 0.072
0.646 0.238 0.116
0.651 0.292 0.058
0.717 0.277 0.006
0.746 0.151 0.103
0.579 0.365 0.055
0.577 0.414 0.008
0.763 0.196 0.042
0.658 0.316 0.026
0.692 0.294 0.014
0.730 0.266 0.004
0.633 0.342 0.026
0.694 0.297 0.009
0.615 0.370 0.015
0.685 0.299 0.016
0.956 0.042 0.002
0.634 0.360 0.006
0.727 0.229 0.045
0.640 0.280 0.080
0.652 0.342 0.007
0.775 0.214 0.011
0.780 0.210 0.010
0.823 0.162 0.015
0.640 0.357 0.003
0.477 0.413 0.110
0.726 0.271 0.003
0.646 0.342 0.013
0.692 0.286 0.022
0.755 0.238 0.006
0.648 0.345 0.007
0.759 0.233 0.008
0.624 0.366 0.011
0.656 0.338 0.006
0.637 0.288 0.076
0.758 0.215 0.027
0.584 0.401 0.015
0.834 0.162 0.005
0.430 0.546 0.023
0.733 0.227 0.040
0.935 0.055 0.010
0.680 0.208 0.112
0.741 0.247 0.012
0.736 0.259 0.005
0.740 0.195 0.065
0.750 0.235 0.014
0.685 0.213 0.102
0.671 0.321 0.008
0.716 0.276 0.008
0.656 0.334 0.010
0.724 0.275 0.002
0.715 0.273 0.012
0.725 0.242 0.033
0.602 0.364 0.034
0.773 0.217 0.010
0.731 0.268 0.001
0.731 0.221 0.049
0.773 0.221 0.006
0.664 0.332 0.004
0.873 0.124 0.004
0.590 0.314 0.096
0.555 0.416 0.029
0.445 0.404 0.151
0.483 0.467 0.050
0.611 0.386 0.003
0.700 0.218 0.082
0.528 0.351 0.121
0.581 0.368 0.052
0.519 0.473 0.008
0.640 0.356 0.004
0.569 0.427 0.004
0.532 0.463 0.004
0.693 0.296 0.010
0.502 0.432 0.065
0.602 0.391 0.006
0.510 0.401 0.089
0.688 0.300 0.012
0.570 0.414 0.016
0.488 0.498 0.014
0.543 0.455 0.003
0.670 0.319 0.011
0.704 0.293 0.003
0.609 0.377 0.013
0.747 0.234 0.019
0.649 0.347 0.004
0.688 0.306 0.006
0.633 0.341 0.025
0.716 0.240 0.044
0.758 0.238 0.004
0.670 0.309 0.022
0.613 0.375 0.013
0.563 0.359 0.078
0.546 0.449 0.005
0.515 0.461 0.024
0.747 0.226 0.027
0.610 0.310 0.079
0.644 0.346 0.010
0.705 0.280 0.016
0.833 0.087 0.080
0.564 0.411 0.025
0.680 0.231 0.089
0.624 0.371 0.006
0.635 0.357 0.009
0.686 0.250 0.063
0.723 0.274 0.003
0.749 0.210 0.042
0.652 0.341 0.007
0.763 0.138 0.100
0.821 0.177 0.002
0.720 0.267 0.013
0.835 0.145 0.020
0.731 0.264 0.005
0.619 0.323 0.058
0.730 0.223 0.048
0.830 0.146 0.025
0.684 0.212 0.103
0.676 0.295 0.029
0.733 0.240 0.027
0.744 0.232 0.023
0.710 0.285 0.005
0.757 0.145 0.098
0.810 0.174 0.015
0.621 0.367 0.012
0.559 0.429 0.012
0.480 0.509 0.011
0.573 0.422 0.006
0.649 0.347 0.004
0.652 0.335 0.013
0.594 0.321 0.084
0.767 0.222 0.011
0.678 0.318 0.003
0.661 0.334 0.006
0.687 0.299 0.014
0.437 0.554 0.009
0.538 0.459 0.003
0.785 0.207 0.008
0.581 0.406 0.013
0.643 0.331 0.026
0.538 0.371 0.090
0.575 0.416 0.009
0.576 0.422 0.002
0.712 0.275 0.012
0.701 0.267 0.033
0.659 0.335 0.006
0.762 0.226 0.012
0.592 0.399 0.010
0.627 0.364 0.009
0.665 0.285 0.050
0.697 0.295 0.008
0.758 0.198 0.044
0.516 0.403 0.081
0.711 0.271 0.018
0.708 0.265 0.027
0.594 0.304 0.102
0.601 0.333 0.066
0.809 0.187 0.004
0.835 0.161 0.004
0.523 0.472 0.005
0.710 0.285 0.005
0.771 0.225 0.004
0.716 0.273 0.011
0.698 0.298 0.004
0.693 0.290 0.017
0.627 0.371 0.002
0.680 0.319 0.001
0.848 0.148 0.003
0.631 0.344 0.025
0.783 0.199 0.019
0.577 0.416 0.007
0.676 0.314 0.010
0.739 0.166 0.095
0.681 0.314 0.005
0.583 0.373 0.043
0.827 0.165 0.008
0.778 0.213 0.009
0.679 0.297 0.024
0.690 0.300 0.011
0.615 0.372 0.013
0.638 0.311 0.051
0.740 0.257 0.003
0.617 0.379 0.004
0.889 0.105 0.005
0.678 0.304 0.017
0.666 0.330 0.004
0.575 0.421 0.004
0.589 0.400 0.010
0.799 0.152 0.049
0.660 0.330 0.010
0.626 0.372 0.002
0.615 0.379 0.006
0.722 0.266 0.012
0.758 0.235 0.007
0.625 0.328 0.047
0.620 0.370 0.010
0.796 0.199 0.005
0.759 0.211 0.030
0.724 0.258 0.018
0.701 0.243 0.057
0.695 0.302 0.003
0.643 0.337 0.020
0.731 0.225 0.045
0.734 0.260 0.006
0.659 0.323 0.017
0.653 0.326 0.021
0.751 0.227 0.022
0.600 0.394 0.006
0.655 0.337 0.008
0.686 0.293 0.021
0.645 0.333 0.022
0.680 0.313 0.007
0.595 0.386 0.019
0.698 0.278 0.024
0.817 0.172 0.011
0.614 0.376 0.009
0.759 0.240 0.001
0.689 0.298 0.013
0.692 0.256 0.052
0.588 0.406 0.007
0.535 0.373 0.091
0.569 0.420 0.010
0.669 0.322 0.009
0.654 0.344 0.002
0.604 0.386 0.010
0.679 0.308 0.013
0.716 0.272 0.012
0.715 0.280 0.006
0.436 0.552 0.011
0.610 0.378 0.012
0.669 0.329 0.002
0.561 0.430 0.009
0.729 0.264 0.006
0.604 0.374 0.022
0.532 0.428 0.040
0.617 0.377 0.006
0.493 0.486 0.021
0.529 0.464 0.007
0.686 0.201 0.113
0.762 0.168 0.071
0.529 0.454 0.017
0.712 0.285 0.002
0.571 0.425 0.003
0.634 0.358 0.009
0.639 0.353 0.008
0.703 0.222 0.076
0.761 0.215 0.023
0.678 0.294 0.028
0.675 0.312 0.013
0.699 0.296 0.005
0.776 0.214 0.010
0.671 0.316 0.013
0.697 0.301 0.003
0.669 0.318 0.013
0.816 0.179 0.005
0.794 0.193 0.013
0.728 0.256 0.016
0.587 0.406 0.007
0.768 0.222 0.010
0.570 0.374 0.056
0.760 0.207 0.034
0.595 0.394 0.011
0.986 0.008 0.006
0.987 0.001 0.012
0.977 0.021 0.002
0.993 0.003 0.004
0.995 0.002 0.003
0.989 0.008 0.003
0.977 0.003 0.020
0.991 0.007 0.002
0.994 0.002 0.004
0.991 0.006 0.003
0.989 0.010 0.001
0.966 0.018 0.016
0.990 0.005 0.005
0.988 0.005 0.007
0.990 0.008 0.002
0.988 0.002 0.010
0.991 0.001 0.008
0.997 0.002 0.001
0.990 0.009 0.002
0.975 0.005 0.020
0.994 0.004 0.003
0.987 0.006 0.007
0.989 0.003 0.008
0.985 0.005 0.011
0.974 0.016 0.011
0.988 0.009 0.003
0.985 0.007 0.007
0.983 0.010 0.007
0.994 0.003 0.004
0.985 0.010 0.005
0.989 0.004 0.007
0.994 0.004 0.001
0.982 0.006 0.011
0.976 0.003 0.021
0.990 0.001 0.008
0.971 0.022 0.007
0.987 0.005 0.008
0.995 0.002 0.003
0.982 0.014 0.004
0.995 0.002 0.002
0.982 0.005 0.013
0.985 0.011 0.004
0.993 0.003 0.004
0.986 0.004 0.011
0.975 0.023 0.002
0.996 0.003 0.001
0.990 0.007 0.003
0.977 0.005 0.018
0.995 0.002 0.004
0.992 0.002 0.006
0.990 0.005 0.005
0.965 0.017 0.018
0.996 0.002 0.003
0.994 0.002 0.005
0.979 0.016 0.005
0.974 0.022 0.004
0.996 0.001 0.003
0.991 0.004 0.005
0.981 0.008 0.011
0.994 0.002 0.004
0.994 0.002 0.003
0.987 0.010 0.003
0.994 0.004 0.002
0.987 0.006 0.007
0.988 0.003 0.009
0.991 0.004 0.004
0.987 0.011 0.002
0.977 0.002 0.020
0.990 0.005 0.005
0.995 0.003 0.003
0.994 0.002 0.003
0.992 0.005 0.003
0.993 0.002 0.005
0.990 0.008 0.002
0.996 0.002 0.002
0.986 0.006 0.008
0.992 0.004 0.004
0.990 0.005 0.004
0.989 0.007 0.004
0.990 0.007 0.003
0.992 0.007 0.001
0.995 0.002 0.003
0.996 0.002 0.002
0.989 0.005 0.006
0.992 0.006 0.003
0.969 0.006 0.025
0.974 0.021 0.005
0.992 0.002 0.005
0.988 0.005 0.007
0.982 0.005 0.013
0.990 0.003 0.006
0.995 0.003 0.002
0.985 0.004 0.012
0.991 0.004 0.005
0.967 0.030 0.003
0.973 0.003 0.024
0.991 0.003 0.006
0.967 0.006 0.028
0.993 0.004 0.003
0.003 0.002 0.995
0.022 0.008 0.970
0.033 0.007 0.961
0.011 0.006 0.983
0.002 0.002 0.996
0.002 0.001 0.997
0.002 0.001 0.997
0.002 0.001 0.997
0.003 0.001 0.996
0.006 0.002 0.992
0.002 0.003 0.995
0.006 0.005 0.989
0.004 0.002 0.994
0.003 0.002 0.996
0.004 0.002 0.994
0.007 0.003 0.990
0.003 0.001 0.996
0.012 0.012 0.977
0.014 0.008 0.978
0.017 0.971 0.012
0.015 0.968 0.017
0.014 0.978 0.008
0.008 0.983 0.010
0.009 0.980 0.012
0.118 0.879 0.003
0.010 0.988 0.001
0.003 0.994 0.004
0.003 0.992 0.005
0.020 0.974 0.007
0.004 0.990 0.005
0.021 0.974 0.005
0.025 0.971 0.004
0.014 0.979 0.007
0.016 0.981 0.003
0.003 0.992 0.004
0.018 0.965 0.017
0.003 0.994 0.003
0.025 0.958 0.017
0.007 0.979 0.014
0.004 0.993 0.003
0.004 0.994 0.002
0.005 0.991 0.005
0.007 0.990 0.002
0.189 0.809 0.002
0.025 0.943 0.032
0.045 0.921 0.034
0.007 0.979 0.014
0.015 0.979 0.006
0.063 0.928 0.009
0.013 0.983 0.003
0.012 0.979 0.009
0.009 0.978 0.013
0.009 0.849 0.142
0.002 0.994 0.004
0.006 0.990 0.004
0.003 0.993 0.004
0.003 0.992 0.005
0.023 0.971 0.006
0.004 0.989 0.006
0.019 0.978 0.004
0.009 0.979 0.012
0.025 0.972 0.004
0.003 0.996 0.001
0.002 0.996 0.002
0.005 0.992 0.003
0.012 0.968 0.019
0.017 0.975 0.008
0.002 0.994 0.004
0.006 0.991 0.002
0.102 0.869 0.029
0.005 0.991 0.004
0.012 0.982 0.006
0.005 0.985 0.011
0.004 0.994 0.002
0.005 0.992 0.003
0.056 0.824 0.120
0.008 0.989 0.002
0.046 0.949 0.004
0.007 0.971 0.022
0.006 0.992 0.002
0.024 0.975 0.002
0.013 0.936 0.051
0.010 0.969 0.021
0.005 0.992 0.003
0.004 0.994 0.002
0.006 0.992 0.003
0.004 0.990 0.006
0.011 0.985 0.004
0.224 0.773 0.003
0.014 0.980 0.006
0.024 0.939 0.037
0.011 0.986 0.004
0.013 0.983 0.004
0.085 0.898 0.017
0.005 0.990 0.005
0.007 0.987 0.007
0.027 0.957 0.016
0.015 0.979 0.006
0.005 0.967 0.028
0.023 0.959 0.018
0.023 0.937 0.040
0.011 0.976 0.013
0.006 0.987 0.007
0.012 0.975 0.013
0.013 0.977 0.010
0.008 0.981 0.011
0.002 0.996 0.002
0.024 0.966 0.010
0.015 0.978 0.007
0.065 0.917 0.018
0.039 0.943 0.018
0.006 0.993 0.002
0.021 0.974 0.005
0.009 0.987 0.004
0.015 0.978 0.007
0.002 0.994 0.004
0.005 0.993 0.003
0.006 0.992 0.002
0.021 0.973 0.006
0.005 0.990 0.005
0.009 0.988 0.003
0.010 0.984 0.005
0.022 0.008 0.970
0.007 0.003 0.990
0.004 0.002 0.994
0.003 0.001 0.996
0.002 0.001 0.997
0.014 0.003 0.983
0.003 0.004 0.993
0.005 0.005 0.990
0.005 0.004 0.991
0.002 0.003 0.995
0.006 0.004 0.990
0.005 0.002 0.993
0.002 0.003 0.995
0.005 0.026 0.969
0.002 0.002 0.996
0.006 0.003 0.992
0.003 0.002 0.995
0.001 0.002 0.996
0.004 0.002 0.994
0.009 0.004 0.987
0.012 0.002 0.986
0.001 0.001 0.998
0.002 0.001 0.997
0.002 0.001 0.997
0.004 0.002 0.994
0.003 0.001 0.996
0.003 0.003 0.994
0.001 0.002 0.997
0.009 0.003 0.988
0.034 0.957 0.009
0.087 0.907 0.006
0.016 0.976 0.008
0.014 0.982 0.004
0.184 0.795 0.021
0.032 0.943 0.025
0.004 0.990 0.005
0.024 0.969 0.007
0.008 0.877 0.115
0.021 0.971 0.009
0.003 0.995 0.002
0.197 0.793 0.010
0.004 0.986 0.009
0.143 0.854 0.003
0.007 0.989 0.004
0.006 0.990 0.004
0.031 0.964 0.005
0.027 0.959 0.013
0.019 0.973 0.008
0.008 0.987 0.004
0.048 0.949 0.003
0.004 0.992 0.004
0.008 0.987 0.005
0.006 0.990 0.005
0.015 0.792 0.193
0.002 0.994 0.003
0.201 0.791 0.008
0.083 0.908 0.009
0.006 0.989 0.005
0.003 0.994 0.003
0.008 0.986 0.006
0.174 0.798 0.028
0.003 0.994 0.003
0.015 0.978 0.007
0.057 0.938 0.006
0.006 0.990 0.004
0.029 0.963 0.008
0.010 0.956 0.033
0.010 0.983 0.007
0.109 0.884 0.007
0.010 0.956 0.034
0.014 0.967 0.019
0.016 0.979 0.005
0.009 0.986 0.004
0.009 0.986 0.005
0.032 0.923 0.046
0.009 0.989 0.002
0.005 0.991 0.003
0.104 0.890 0.006
0.007 0.972 0.021
0.027 0.963 0.010
0.016 0.981 0.003
0.056 0.933 0.011
0.020 0.964 0.016
0.086 0.905 0.009
0.018 0.976 0.006
0.026 0.971 0.002
0.010 0.986 0.004
0.013 0.984 0.004
0.008 0.984 0.008
0.016 0.977 0.007
0.028 0.970 0.003
0.047 0.947 0.006
0.009 0.988 0.002
0.090 0.904 0.006
0.005 0.993 0.002
0.011 0.980 0.010
0.034 0.964 0.003
0.013 0.953 0.034
0.008 0.990 0.002
0.002 0.002 0.996
0.008 0.002 0.990
0.052 0.007 0.941
0.007 0.002 0.991
0.002 0.005 0.993
0.016 0.010 0.975
0.113 0.008 0.879
0.076 0.004 0.920
0.023 0.038 0.939
0.006 0.004 0.989
0.106 0.015 0.879
0.012 0.002 0.985
0.023 0.005 0.971
0.014 0.009 0.977
0.010 0.011 0.979
0.007 0.002 0.991
0.136 0.020 0.844
0.031 0.006 0.963
0.005 0.988 0.006
0.007 0.986 0.007
0.005 0.987 0.008
0.022 0.970 0.008
0.007 0.989 0.004
0.004 0.994 0.002
0.061 0.928 0.011
0.005 0.990 0.005
0.004 0.994 0.002
0.021 0.974 0.005
0.016 0.955 0.029
0.005 0.991 0.003
0.005 0.988 0.008
0.085 0.905 0.010
0.021 0.940 0.038
0.033 0.957 0.010
0.036 0.961 0.003
0.006 0.978 0.015
0.005 0.989 0.005
0.010 0.978 0.012
0.006 0.989 0.005
0.010 0.975 0.015
0.058 0.935 0.007
0.012 0.981 0.007
0.022 0.975 0.004
0.008 0.978 0.014
0.014 0.972 0.014
0.063 0.934 0.003
0.014 0.983 0.003
0.035 0.956 0.010
0.014 0.973 0.012
0.013 0.973 0.014
0.013 0.969 0.018
0.004 0.993 0.004
0.005 0.004 0.991
0.007 0.003 0.990
0.006 0.002 0.992
0.003 0.003 0.994
0.001 0.001 0.998
0.002 0.001 0.996
0.003 0.002 0.995
0.004 0.002 0.994
0.002 0.002 0.996
0.003 0.005 0.993
0.002 0.001 0.998
0.003 0.001 0.995
0.002 0.001 0.997
0.007 0.003 0.991
0.001 0.001 0.998
0.004 0.003 0.993
0.002 0.002 0.996
0.005 0.004 0.991
0.025 0.004 0.971
0.007 0.002 0.991
0.005 0.002 0.993
0.006 0.006 0.988
0.007 0.004 0.989
0.022 0.003 0.975
0.003 0.002 0.995
0.003 0.004 0.993
0.002 0.001 0.997
0.002 0.006 0.992
0.003 0.002 0.996
0.003 0.002 0.996
0.001 0.002 0.997
0.015 0.003 0.983
0.002 0.003 0.995
0.005 0.002 0.993
0.012 0.004 0.984
0.008 0.003 0.989
0.006 0.009 0.984
0.015 0.004 0.981
0.007 0.001 0.992
0.006 0.003 0.991
0.041 0.024 0.935
0.003 0.001 0.995
0.006 0.009 0.985
0.003 0.003 0.994
0.005 0.002 0.993
0.014 0.005 0.981
0.008 0.005 0.987
0.002 0.002 0.997
0.002 0.004 0.994
0.003 0.004 0.993
0.004 0.002 0.995
0.003 0.001 0.995
0.004 0.002 0.994
0.002 0.004 0.993
0.004 0.002 0.994
0.002 0.003 0.995
0.068 0.009 0.923
0.001 0.001 0.998
0.003 0.003 0.994
0.002 0.001 0.996
0.116 0.008 0.876
0.003 0.003 0.994
0.019 0.021 0.961
0.029 0.020 0.951
0.005 0.004 0.991
0.008 0.008 0.984
0.087 0.003 0.910
0.021 0.016 0.962
0.003 0.007 0.990
0.004 0.003 0.994
0.040 0.016 0.944
0.004 0.001 0.995
0.005 0.005 0.990
0.018 0.007 0.974
0.008 0.004 0.989
0.029 0.035 0.936
0.002 0.004 0.994
0.028 0.006 0.966
0.040 0.009 0.952
0.074 0.006 0.920
0.002 0.001 0.997
0.031 0.008 0.961
0.005 0.004 0.991
0.008 0.006 0.987
0.003 0.005 0.992
0.051 0.013 0.936
0.033 0.037 0.929
0.002 0.004 0.995
0.041 0.010 0.949
0.068 0.022 0.910
0.008 0.025 0.967
0.098 0.007 0.895
0.004 0.003 0.993
0.004 0.003 0.993
0.012 0.010 0.978
0.010 0.004 0.986
0.064 0.006 0.930
0.007 0.003 0.990
