0.991 0.004 0.004 0.001
0.976 0.002 0.005 0.017
0.990 0.002 0.007 0.001
0.979 0.009 0.006 0.006
0.963 0.014 0.002 0.021
0.968 0.011 0.017 0.004
0.989 0.003 0.002 0.006
0.994 0.001 0.005 0.000
0.995 0.004 0.001 0.001
0.991 0.002 0.003 0.004
0.945 0.046 0.004 0.005
0.986 0.007 0.003 0.004
0.980 0.004 0.005 0.011
0.985 0.007 0.003 0.006
0.977 0.004 0.004 0.015
0.996 0.002 0.001 0.001
0.953 0.035 0.008 0.004
0.996 0.002 0.001 0.001
0.994 0.004 0.001 0.002
0.980 0.002 0.014 0.004
0.984 0.004 0.008 0.004
0.963 0.031 0.003 0.002
0.990 0.004 0.002 0.004
0.977 0.011 0.003 0.009
0.995 0.003 0.001 0.001
0.998 0.001 0.000 0.001
0.985 0.012 0.003 0.001
0.929 0.012 0.001 0.058
0.973 0.015 0.003 0.009
0.971 0.005 0.014 0.010
0.998 0.001 0.001 0.001
0.981 0.010 0.001 0.008
0.964 0.025 0.009 0.003
0.986 0.006 0.002 0.006
0.984 0.004 0.003 0.009
0.981 0.003 0.012 0.004
0.994 0.001 0.002 0.003
0.983 0.008 0.003 0.006
0.994 0.003 0.001 0.002
0.996 0.002 0.001 0.001
0.973 0.010 0.005 0.012
0.856 0.018 0.000 0.126
0.873 0.076 0.035 0.016
0.919 0.006 0.053 0.022
0.992 0.005 0.001 0.002
0.989 0.002 0.001 0.009
0.976 0.006 0.010 0.009
0.905 0.017 0.077 0.002
0.993 0.001 0.001 0.004
0.995 0.003 0.001 0.001
0.983 0.008 0.000 0.009
0.994 0.004 0.001 0.002
0.982 0.007 0.008 0.002
0.983 0.004 0.007 0.005
0.990 0.007 0.001 0.002
0.988 0.004 0.003 0.005
0.991 0.005 0.001 0.003
0.995 0.001 0.002 0.002
0.993 0.003 0.001 0.003
0.911 0.002 0.035 0.052
0.915 0.005 0.067 0.013
0.992 0.002 0.003 0.003
0.954 0.005 0.025 0.015
0.986 0.005 0.007 0.002
0.993 0.001 0.001 0.006
0.890 0.063 0.010 0.037
0.993 0.003 0.002 0.002
0.995 0.001 0.002 0.001
0.980 0.011 0.001 0.007
0.973 0.021 0.003 0.003
0.977 0.006 0.001 0.016
0.987 0.005 0.003 0.005
0.989 0.004 0.004 0.004
0.936 0.026 0.009 0.029
0.976 0.016 0.002 0.005
0.959 0.028 0.001 0.012
0.990 0.001 0.007 0.002
0.980 0.002 0.003 0.015
0.921 0.043 0.018 0.019
0.935 0.027 0.004 0.034
0.988 0.007 0.003 0.002
0.962 0.027 0.002 0.009
0.990 0.004 0.004 0.002
0.971 0.016 0.006 0.006
0.995 0.001 0.002 0.002
0.973 0.013 0.009 0.006
0.993 0.003 0.001 0.003
0.960 0.021 0.010 0.008
0.986 0.006 0.003 0.005
0.990 0.004 0.003 0.003
0.716 0.280 0.002 0.001
0.992 0.003 0.005 0.001
0.986 0.004 0.007 0.003
0.992 0.003 0.002 0.003
0.985 0.005 0.008 0.002
0.991 0.002 0.001 0.007
0.007 0.007 0.001 0.985
0.001 0.002 0.002 0.995
0.002 0.014 0.012 0.973
0.004 0.011 0.003 0.982
0.001 0.002 0.001 0.996
0.001 0.002 0.003 0.995
0.001 0.007 0.005 0.987
0.001 0.003 0.002 0.993
0.001 0.002 0.002 0.996
0.002 0.002 0.004 0.992
0.009 0.006 0.004 0.982
0.001 0.002 0.006 0.992
0.001 0.007 0.007 0.986
0.003 0.001 0.002 0.994
0.002 0.011 0.001 0.985
0.001 0.018 0.032 0.949
0.004 0.015 0.002 0.980
0.001 0.002 0.001 0.996
0.003 0.004 0.003 0.990
0.003 0.004 0.001 0.992
0.003 0.005 0.005 0.987
0.000 0.029 0.002 0.969
0.004 0.001 0.001 0.994
0.001 0.001 0.002 0.996
0.001 0.002 0.004 0.992
0.001 0.002 0.001 0.997
0.001 0.001 0.001 0.998
0.001 0.001 0.001 0.998
0.003 0.020 0.001 0.977
0.004 0.005 0.001 0.991
0.001 0.004 0.002 0.994
0.002 0.003 0.001 0.994
0.004 0.001 0.001 0.994
0.004 0.006 0.003 0.987
0.006 0.003 0.002 0.989
0.008 0.012 0.007 0.973
0.001 0.001 0.002 0.996
0.006 0.007 0.015 0.972
0.006 0.027 0.009 0.959
0.004 0.015 0.001 0.980
0.001 0.006 0.000 0.992
0.001 0.001 0.003 0.995
0.001 0.005 0.001 0.993
0.001 0.001 0.004 0.993
0.007 0.002 0.002 0.989
0.001 0.000 0.001 0.997
0.001 0.002 0.005 0.992
0.002 0.001 0.001 0.996
0.002 0.035 0.005 0.958
0.001 0.002 0.001 0.996
0.002 0.001 0.004 0.994
0.001 0.022 0.003 0.974
0.005 0.007 0.002 0.986
0.003 0.007 0.007 0.983
0.003 0.002 0.001 0.994
0.005 0.018 0.013 0.964
0.036 0.027 0.003 0.934
0.010 0.008 0.005 0.977
0.004 0.006 0.001 0.989
0.003 0.022 0.001 0.974
0.009 0.021 0.013 0.957
0.005 0.117 0.001 0.876
0.001 0.038 0.002 0.959
0.004 0.012 0.014 0.971
0.004 0.022 0.006 0.968
0.002 0.005 0.002 0.992
0.012 0.007 0.014 0.967
0.013 0.012 0.001 0.974
0.004 0.018 0.005 0.973
0.038 0.016 0.002 0.944
0.001 0.010 0.000 0.988
0.003 0.002 0.003 0.992
0.002 0.001 0.001 0.996
0.003 0.005 0.000 0.992
0.002 0.010 0.001 0.986
0.011 0.054 0.002 0.933
0.003 0.058 0.004 0.935
0.001 0.002 0.003 0.994
0.001 0.002 0.002 0.995
0.001 0.010 0.005 0.984
0.003 0.014 0.006 0.978
0.001 0.002 0.000 0.997
0.001 0.121 0.001 0.877
0.003 0.001 0.001 0.995
0.000 0.003 0.002 0.994
0.004 0.004 0.005 0.986
0.009 0.019 0.003 0.969
0.004 0.004 0.003 0.989
0.001 0.007 0.005 0.986
0.001 0.002 0.002 0.996
0.001 0.001 0.001 0.997
0.001 0.002 0.001 0.997
0.001 0.012 0.004 0.983
0.002 0.007 0.001 0.991
0.003 0.008 0.001 0.988
0.002 0.022 0.001 0.975
0.006 0.003 0.002 0.989
0.016 0.003 0.006 0.976
0.001 0.003 0.001 0.995
0.001 0.004 0.003 0.992
0.002 0.005 0.008 0.985
0.002 0.003 0.003 0.992
0.007 0.017 0.001 0.974
0.172 0.005 0.004 0.819
0.057 0.007 0.001 0.936
0.002 0.001 0.001 0.997
0.006 0.005 0.005 0.983
0.068 0.003 0.002 0.927
0.064 0.003 0.002 0.932
0.109 0.004 0.003 0.884
0.047 0.027 0.005 0.921
0.013 0.020 0.001 0.966
0.003 0.444 0.003 0.550
0.001 0.002 0.001 0.996
0.014 0.019 0.002 0.965
0.116 0.028 0.002 0.853
0.011 0.029 0.014 0.947
0.033 0.038 0.004 0.925
0.008 0.003 0.001 0.989
0.004 0.010 0.003 0.983
0.010 0.043 0.002 0.945
0.011 0.045 0.002 0.942
0.018 0.007 0.031 0.945
0.002 0.002 0.004 0.992
0.005 0.003 0.005 0.987
0.006 0.049 0.003 0.942
0.042 0.008 0.001 0.949
0.007 0.011 0.003 0.979
0.001 0.001 0.001 0.997
0.229 0.050 0.002 0.719
0.001 0.006 0.003 0.990
0.018 0.006 0.002 0.974
0.145 0.196 0.000 0.659
0.082 0.030 0.006 0.881
0.006 0.041 0.003 0.950
0.012 0.007 0.013 0.968
0.008 0.008 0.001 0.983
0.052 0.014 0.001 0.934
0.002 0.007 0.012 0.979
0.003 0.007 0.002 0.988
0.097 0.070 0.001 0.832
0.013 0.022 0.002 0.963
0.033 0.018 0.002 0.947
0.014 0.002 0.001 0.983
0.001 0.004 0.005 0.990
0.010 0.007 0.005 0.979
0.001 0.008 0.004 0.987
0.089 0.005 0.001 0.904
0.005 0.008 0.014 0.973
0.002 0.008 0.005 0.984
0.053 0.022 0.001 0.924
0.051 0.060 0.001 0.888
0.005 0.003 0.003 0.989
0.031 0.012 0.004 0.953
0.002 0.009 0.002 0.987
0.003 0.010 0.002 0.985
0.031 0.015 0.001 0.953
0.001 0.004 0.001 0.994
0.063 0.357 0.001 0.579
0.006 0.015 0.014 0.965
0.006 0.007 0.004 0.983
0.002 0.001 0.002 0.995
0.002 0.006 0.006 0.986
0.009 0.066 0.015 0.909
0.086 0.018 0.028 0.868
0.024 0.084 0.007 0.885
0.057 0.041 0.008 0.894
0.008 0.003 0.001 0.989
0.006 0.081 0.001 0.912
0.021 0.017 0.041 0.921
0.003 0.001 0.000 0.996
0.061 0.025 0.001 0.913
0.001 0.002 0.001 0.996
0.006 0.020 0.002 0.973
0.127 0.002 0.001 0.869
0.006 0.029 0.001 0.964
0.003 0.006 0.004 0.987
0.006 0.020 0.002 0.973
0.005 0.002 0.009 0.984
0.014 0.019 0.038 0.928
0.063 0.092 0.007 0.838
0.006 0.003 0.001 0.989
0.012 0.004 0.003 0.981
0.004 0.008 0.004 0.984
0.002 0.006 0.007 0.985
0.995 0.001 0.002 0.002
0.996 0.002 0.001 0.001
0.976 0.002 0.006 0.017
0.986 0.008 0.003 0.003
0.994 0.001 0.004 0.001
0.983 0.011 0.004 0.002
0.968 0.019 0.004 0.009
0.996 0.002 0.001 0.002
0.987 0.006 0.002 0.005
0.993 0.003 0.002 0.002
0.991 0.004 0.003 0.001
0.971 0.014 0.001 0.013
0.987 0.003 0.001 0.008
0.994 0.002 0.001 0.003
0.995 0.002 0.002 0.001
0.994 0.003 0.002 0.001
0.993 0.002 0.005 0.001
0.995 0.001 0.001 0.003
0.986 0.006 0.004 0.004
0.989 0.004 0.005 0.002
0.983 0.003 0.011 0.003
0.993 0.003 0.002 0.001
0.966 0.005 0.022 0.006
0.975 0.023 0.001 0.001
0.991 0.003 0.003 0.003
0.976 0.018 0.003 0.003
0.983 0.006 0.002 0.008
0.987 0.005 0.001 0.006
0.986 0.003 0.010 0.002
0.988 0.004 0.003 0.005
0.996 0.001 0.001 0.002
0.925 0.006 0.001 0.068
0.988 0.001 0.008 0.003
0.989 0.004 0.005 0.002
0.948 0.003 0.023 0.026
0.994 0.003 0.002 0.002
0.980 0.004 0.003 0.012
0.948 0.027 0.003 0.022
0.985 0.004 0.010 0.002
0.992 0.002 0.003 0.004
0.994 0.003 0.001 0.002
0.990 0.005 0.001 0.005
0.004 0.006 0.012 0.978
0.007 0.259 0.355 0.378
0.002 0.006 0.006 0.986
0.984 0.008 0.005 0.003
0.996 0.001 0.001 0.002
0.989 0.003 0.003 0.004
0.993 0.003 0.002 0.002
0.986 0.005 0.001 0.008
0.997 0.001 0.001 0.001
0.996 0.001 0.002 0.001
0.974 0.010 0.004 0.012
0.991 0.005 0.001 0.003
0.995 0.002 0.002 0.001
0.987 0.009 0.001 0.003
0.974 0.020 0.002 0.004
0.992 0.005 0.001 0.002
0.992 0.004 0.002 0.002
0.997 0.001 0.000 0.002
0.997 0.002 0.000 0.001
0.994 0.003 0.001 0.002
0.991 0.004 0.002 0.003
0.995 0.001 0.002 0.002
0.992 0.005 0.001 0.001
0.979 0.011 0.001 0.009
0.992 0.001 0.002 0.004
0.990 0.006 0.001 0.002
0.982 0.005 0.010 0.003
0.990 0.005 0.003 0.002
0.990 0.002 0.002 0.006
0.959 0.029 0.004 0.008
0.994 0.001 0.004 0.001
0.982 0.008 0.008 0.001
0.994 0.002 0.001 0.003
0.988 0.007 0.004 0.001
0.982 0.006 0.002 0.009
0.978 0.005 0.003 0.014
0.984 0.005 0.001 0.010
0.980 0.009 0.009 0.002
0.008 0.225 0.149 0.619
0.216 0.046 0.023 0.715
0.022 0.039 0.006 0.933
0.131 0.016 0.021 0.832
0.985 0.009 0.002 0.004
0.961 0.021 0.006 0.012
0.993 0.004 0.001 0.002
0.973 0.013 0.006 0.008
0.995 0.003 0.002 0.001
0.968 0.012 0.004 0.016
0.996 0.002 0.001 0.001
0.988 0.004 0.003 0.005
0.995 0.002 0.001 0.002
0.990 0.004 0.004 0.002
0.954 0.043 0.001 0.002
0.992 0.003 0.003 0.002
0.995 0.001 0.001 0.003
0.992 0.003 0.003 0.001
0.996 0.001 0.002 0.001
0.944 0.032 0.021 0.003
0.994 0.003 0.001 0.002
0.996 0.001 0.001 0.002
0.977 0.007 0.008 0.008
0.958 0.005 0.025 0.012
0.991 0.004 0.003 0.002
0.976 0.013 0.005 0.006
0.990 0.004 0.005 0.002
0.994 0.002 0.003 0.001
0.978 0.011 0.004 0.007
0.984 0.011 0.003 0.002
0.993 0.004 0.002 0.002
0.994 0.003 0.002 0.001
0.022 0.023 0.029 0.926
0.042 0.023 0.001 0.934
0.003 0.122 0.129 0.747
0.012 0.019 0.004 0.965
0.004 0.002 0.017 0.977
0.004 0.005 0.003 0.988
0.080 0.011 0.030 0.879
0.032 0.003 0.021 0.944
0.038 0.048 0.002 0.911
0.993 0.005 0.001 0.002
0.890 0.096 0.002 0.012
0.990 0.006 0.002 0.003
0.994 0.002 0.001 0.002
0.994 0.003 0.002 0.001
0.924 0.006 0.067 0.003
0.994 0.003 0.001 0.002
0.997 0.001 0.002 0.001
0.977 0.010 0.009 0.004
0.989 0.004 0.003 0.004
0.995 0.001 0.001 0.003
0.994 0.004 0.001 0.001
0.992 0.003 0.002 0.003
0.992 0.003 0.001 0.004
0.921 0.070 0.003 0.006
0.003 0.025 0.010 0.963
0.256 0.022 0.002 0.720
0.008 0.010 0.433 0.550
0.009 0.051 0.051 0.890
0.011 0.023 0.145 0.820
0.099 0.020 0.009 0.872
0.007 0.002 0.179 0.812
0.162 0.003 0.001 0.834
0.007 0.003 0.013 0.977
0.008 0.004 0.009 0.979
0.001 0.038 0.248 0.712
0.137 0.003 0.006 0.854
0.145 0.001 0.003 0.850
0.001 0.002 0.003 0.994
0.007 0.037 0.078 0.878
0.154 0.081 0.009 0.756
0.036 0.060 0.006 0.898
0.292 0.001 0.052 0.655
0.025 0.011 0.004 0.960
0.003 0.005 0.009 0.984
0.002 0.019 0.003 0.976
0.138 0.023 0.011 0.829
0.355 0.202 0.004 0.439
0.002 0.004 0.195 0.799
0.006 0.011 0.009 0.973
0.130 0.001 0.008 0.862
0.006 0.006 0.072 0.915
0.003 0.001 0.004 0.991
0.003 0.004 0.032 0.962
0.055 0.092 0.009 0.845
0.003 0.003 0.126 0.868
0.083 0.007 0.003 0.907
0.014 0.012 0.121 0.853
0.004 0.005 0.283 0.708
0.001 0.006 0.641 0.352
0.002 0.014 0.009 0.975
0.005 0.104 0.005 0.887
0.002 0.008 0.030 0.960
0.032 0.014 0.742 0.213
0.230 0.097 0.005 0.668
0.156 0.081 0.003 0.760
0.003 0.004 0.002 0.990
0.154 0.002 0.089 0.754
0.249 0.004 0.004 0.743
0.276 0.001 0.003 0.720
0.150 0.006 0.159 0.685
0.024 0.038 0.020 0.918
0.028 0.013 0.009 0.950
0.004 0.339 0.007 0.651
0.001 0.000 0.223 0.776
0.337 0.001 0.001 0.661
0.003 0.015 0.003 0.979
0.030 0.231 0.391 0.347
0.231 0.002 0.026 0.740
0.029 0.010 0.024 0.937
0.094 0.363 0.003 0.540
0.031 0.015 0.172 0.781
0.002 0.001 0.001 0.996
0.190 0.025 0.136 0.649
0.092 0.007 0.003 0.898
0.018 0.037 0.012 0.933
0.066 0.021 0.005 0.907
0.001 0.002 0.205 0.791
0.018 0.197 0.001 0.783
0.137 0.002 0.108 0.754
0.213 0.060 0.003 0.724
0.001 0.002 0.028 0.969
0.004 0.012 0.064 0.920
0.054 0.007 0.042 0.897
0.004 0.013 0.025 0.957
0.003 0.017 0.080 0.900
0.002 0.004 0.014 0.980
0.334 0.036 0.009 0.620
0.004 0.002 0.252 0.742
0.001 0.006 0.117 0.875
0.506 0.004 0.053 0.437
0.175 0.005 0.018 0.802
0.016 0.005 0.202 0.777
0.021 0.005 0.005 0.969
0.061 0.004 0.013 0.923
0.005 0.009 0.002 0.984
0.003 0.070 0.473 0.454
0.003 0.002 0.858 0.136
0.003 0.003 0.324 0.670
0.005 0.006 0.007 0.982
0.155 0.011 0.001 0.833
0.164 0.002 0.003 0.830
0.006 0.003 0.002 0.988
0.133 0.049 0.019 0.799
0.007 0.304 0.049 0.640
0.008 0.003 0.104 0.884
0.003 0.010 0.002 0.985
0.446 0.006 0.022 0.526
0.059 0.007 0.001 0.934
0.036 0.031 0.001 0.932
0.223 0.003 0.344 0.430
0.007 0.004 0.001 0.988
0.026 0.004 0.150 0.820
0.002 0.003 0.021 0.974
0.009 0.007 0.003 0.981
0.014 0.045 0.002 0.939
0.001 0.003 0.382 0.615
0.006 0.029 0.040 0.925
0.001 0.002 0.070 0.928
0.001 0.001 0.320 0.678
0.002 0.002 0.259 0.737
0.008 0.010 0.011 0.972
0.030 0.069 0.001 0.900
0.035 0.024 0.025 0.916
0.002 0.030 0.232 0.737
0.001 0.003 0.060 0.936
0.002 0.010 0.002 0.986
0.591 0.002 0.001 0.406
0.233 0.006 0.324 0.438
0.024 0.148 0.002 0.827
0.233 0.019 0.003 0.745
0.454 0.012 0.007 0.527
0.147 0.009 0.003 0.841
0.048 0.013 0.005 0.934
0.249 0.006 0.011 0.734
0.222 0.018 0.013 0.746
0.195 0.137 0.068 0.599
0.146 0.010 0.008 0.836
0.002 0.004 0.049 0.944
0.224 0.030 0.002 0.744
0.198 0.013 0.001 0.789
0.295 0.008 0.263 0.434
0.374 0.052 0.025 0.549
0.099 0.009 0.075 0.818
0.546 0.001 0.011 0.442
0.213 0.036 0.024 0.727
0.280 0.002 0.001 0.717
0.299 0.005 0.140 0.557
0.287 0.013 0.003 0.696
0.004 0.255 0.002 0.740
0.134 0.044 0.007 0.815
0.032 0.056 0.043 0.870
0.002 0.088 0.003 0.907
0.002 0.002 0.459 0.537
0.007 0.025 0.403 0.565
0.004 0.037 0.025 0.934
0.149 0.029 0.000 0.821
0.029 0.011 0.225 0.736
0.063 0.018 0.005 0.913
0.071 0.167 0.262 0.500
0.195 0.021 0.226 0.558
0.028 0.013 0.050 0.908
0.006 0.009 0.036 0.948
0.272 0.002 0.015 0.711
0.248 0.001 0.184 0.567
0.002 0.016 0.168 0.815
0.101 0.001 0.001 0.898
0.286 0.004 0.007 0.703
0.003 0.003 0.006 0.988
0.001 0.001 0.007 0.991
0.011 0.014 0.123 0.852
0.365 0.029 0.006 0.601
0.440 0.001 0.003 0.556
0.059 0.099 0.299 0.543
0.005 0.030 0.050 0.916
0.070 0.004 0.004 0.922
0.283 0.002 0.001 0.713
0.192 0.007 0.012 0.789
0.430 0.001 0.028 0.541
0.362 0.002 0.096 0.539
0.016 0.010 0.330 0.644
0.053 0.064 0.001 0.881
0.005 0.009 0.002 0.984
0.003 0.005 0.004 0.988
0.013 0.025 0.177 0.785
0.056 0.002 0.453 0.489
0.003 0.024 0.005 0.968
0.135 0.008 0.132 0.726
0.003 0.020 0.005 0.972
0.151 0.003 0.084 0.762
0.002 0.002 0.003 0.993
0.112 0.005 0.475 0.408
0.098 0.001 0.182 0.719
0.020 0.015 0.011 0.954
0.019 0.014 0.009 0.958
0.025 0.070 0.012 0.893
0.003 0.004 0.001 0.993
0.002 0.023 0.011 0.964
0.002 0.005 0.002 0.991
0.002 0.012 0.004 0.983
0.001 0.013 0.003 0.983
0.002 0.004 0.002 0.991
0.002 0.004 0.001 0.994
0.001 0.007 0.005 0.987
0.001 0.001 0.002 0.995
0.000 0.000 0.001 0.999
0.001 0.002 0.001 0.996
0.001 0.003 0.004 0.993
0.001 0.001 0.001 0.997
0.011 0.011 0.006 0.972
0.003 0.001 0.010 0.986
0.004 0.006 0.004 0.986
0.001 0.001 0.000 0.997
0.001 0.001 0.011 0.987
0.001 0.004 0.003 0.992
0.001 0.006 0.016 0.976
0.002 0.004 0.003 0.991
0.012 0.012 0.018 0.958
0.000 0.006 0.002 0.992
0.165 0.011 0.006 0.819
0.011 0.001 0.412 0.576
0.001 0.114 0.369 0.516
0.505 0.009 0.009 0.477
0.010 0.235 0.003 0.752
0.287 0.009 0.002 0.702
0.445 0.007 0.001 0.547
0.291 0.011 0.008 0.690
0.461 0.005 0.002 0.532
0.004 0.832 0.006 0.159
0.005 0.500 0.010 0.484
0.063 0.889 0.010 0.037
0.003 0.753 0.002 0.242
0.882 0.064 0.035 0.020
0.992 0.005 0.001 0.002
0.991 0.003 0.005 0.001
0.983 0.011 0.005 0.001
0.981 0.012 0.005 0.002
0.993 0.004 0.001 0.001
0.001 0.003 0.002 0.994
0.001 0.002 0.009 0.989
0.002 0.004 0.010 0.984
0.001 0.001 0.001 0.997
0.002 0.022 0.006 0.970
0.001 0.011 0.007 0.981
0.002 0.006 0.002 0.990
0.001 0.003 0.004 0.993
0.002 0.001 0.003 0.994
0.003 0.009 0.059 0.929
0.001 0.010 0.005 0.984
0.003 0.031 0.002 0.964
0.001 0.005 0.001 0.993
0.002 0.006 0.003 0.988
0.004 0.004 0.005 0.987
0.001 0.001 0.005 0.992
0.001 0.017 0.001 0.981
0.025 0.026 0.017 0.932
0.008 0.060 0.206 0.725
0.003 0.008 0.003 0.986
0.001 0.003 0.001 0.994
0.001 0.001 0.003 0.995
0.002 0.017 0.009 0.973
0.011 0.012 0.004 0.973
0.002 0.003 0.020 0.975
0.002 0.002 0.002 0.993
0.007 0.283 0.002 0.708
0.001 0.001 0.001 0.998
0.001 0.003 0.001 0.996
0.002 0.003 0.004 0.991
0.002 0.004 0.001 0.993
0.001 0.002 0.005 0.992
0.002 0.026 0.014 0.959
0.002 0.008 0.001 0.990
0.001 0.002 0.003 0.995
0.002 0.001 0.004 0.993
0.005 0.001 0.002 0.992
0.001 0.003 0.078 0.918
0.003 0.009 0.005 0.984
0.000 0.004 0.018 0.978
0.003 0.002 0.000 0.995
0.002 0.004 0.004 0.991
0.002 0.030 0.003 0.965
0.005 0.121 0.001 0.873
0.008 0.007 0.002 0.982
0.003 0.003 0.009 0.985
0.009 0.008 0.047 0.937
0.025 0.036 0.010 0.929
0.002 0.003 0.013 0.983
0.001 0.004 0.010 0.984
0.004 0.003 0.001 0.991
0.007 0.010 0.001 0.982
0.002 0.001 0.001 0.996
0.005 0.016 0.001 0.978
0.002 0.050 0.002 0.946
0.004 0.036 0.009 0.952
0.005 0.006 0.002 0.986
0.002 0.002 0.002 0.995
0.002 0.006 0.006 0.987
0.002 0.002 0.002 0.994
0.002 0.001 0.005 0.992
0.002 0.005 0.002 0.991
0.004 0.009 0.005 0.982
0.003 0.001 0.001 0.995
0.001 0.003 0.003 0.993
0.001 0.011 0.004 0.984
0.003 0.003 0.005 0.990
0.000 0.001 0.008 0.991
0.009 0.034 0.001 0.956
0.002 0.050 0.072 0.876
0.004 0.005 0.001 0.990
0.001 0.009 0.005 0.984
0.000 0.001 0.005 0.994
0.991 0.005 0.001 0.003
0.991 0.003 0.002 0.005
0.991 0.003 0.003 0.003
0.973 0.013 0.012 0.003
0.965 0.017 0.005 0.014
0.996 0.001 0.001 0.002
0.994 0.001 0.004 0.001
0.986 0.007 0.005 0.002
0.972 0.016 0.006 0.006
0.997 0.001 0.001 0.001
0.993 0.003 0.003 0.001
0.981 0.007 0.005 0.007
0.991 0.003 0.001 0.004
0.967 0.004 0.020 0.008
0.992 0.003 0.003 0.003
0.906 0.008 0.085 0.002
0.989 0.005 0.004 0.002
0.983 0.006 0.002 0.009
0.993 0.002 0.002 0.002
0.992 0.002 0.003 0.003
0.994 0.003 0.001 0.001
0.972 0.009 0.006 0.012
0.989 0.003 0.001 0.007
0.995 0.001 0.002 0.001
0.969 0.023 0.001 0.007
0.969 0.016 0.004 0.010
0.987 0.006 0.006 0.002
0.991 0.004 0.003 0.002
0.956 0.025 0.014 0.005
0.988 0.002 0.006 0.004
0.961 0.034 0.004 0.002
0.945 0.044 0.001 0.010
0.964 0.015 0.001 0.020
0.991 0.004 0.001 0.004
0.885 0.106 0.001 0.008
0.992 0.004 0.003 0.001
0.967 0.011 0.007 0.015
0.949 0.027 0.015 0.009
0.976 0.006 0.007 0.011
0.984 0.010 0.001 0.005
0.991 0.002 0.002 0.005
0.992 0.007 0.000 0.001
0.994 0.002 0.001 0.003
0.984 0.004 0.010 0.001
0.985 0.006 0.001 0.008
0.981 0.009 0.005 0.006
0.992 0.004 0.002 0.003
0.925 0.062 0.009 0.004
0.981 0.006 0.006 0.006
0.985 0.004 0.004 0.006
0.983 0.005 0.008 0.004
0.990 0.006 0.002 0.002
0.964 0.018 0.010 0.009
0.991 0.006 0.001 0.002
0.986 0.010 0.002 0.001
0.826 0.162 0.002 0.009
0.006 0.036 0.824 0.134
0.000 0.524 0.473 0.002
0.021 0.040 0.883 0.057
0.005 0.064 0.493 0.439
0.001 0.001 0.867 0.131
0.001 0.012 0.559 0.429
0.002 0.004 0.991 0.002
0.002 0.003 0.993 0.002
0.495 0.002 0.005 0.497
0.654 0.011 0.003 0.332
0.011 0.016 0.797 0.176
0.002 0.004 0.988 0.005
0.006 0.129 0.842 0.023
0.015 0.010 0.691 0.284
0.002 0.001 0.993 0.004
0.512 0.016 0.001 0.472
0.345 0.000 0.002 0.653
0.741 0.009 0.007 0.243
0.627 0.005 0.012 0.356
0.673 0.014 0.007 0.306
0.378 0.039 0.239 0.344
0.738 0.027 0.075 0.160
0.558 0.009 0.001 0.432
0.486 0.001 0.001 0.512
0.372 0.097 0.173 0.358
0.449 0.001 0.001 0.550
0.649 0.001 0.004 0.346
0.642 0.008 0.001 0.349
0.319 0.013 0.009 0.659
0.602 0.010 0.002 0.386
0.454 0.012 0.150 0.385
0.806 0.174 0.010 0.011
0.593 0.002 0.010 0.395
0.389 0.014 0.191 0.406
0.656 0.002 0.002 0.339
0.721 0.006 0.007 0.266
0.660 0.042 0.002 0.296
0.575 0.006 0.004 0.415
0.642 0.090 0.001 0.267
0.000 0.001 0.996 0.003
0.001 0.001 0.997 0.002
0.684 0.001 0.001 0.314
0.265 0.003 0.473 0.258
0.297 0.005 0.039 0.658
0.679 0.243 0.007 0.071
0.493 0.003 0.003 0.500
0.254 0.008 0.228 0.510
0.569 0.010 0.006 0.416
0.617 0.122 0.003 0.259
0.485 0.002 0.002 0.511
0.443 0.003 0.001 0.554
0.414 0.001 0.003 0.582
0.330 0.042 0.003 0.625
0.683 0.002 0.000 0.314
0.002 0.011 0.868 0.118
0.001 0.002 0.846 0.151
0.000 0.004 0.328 0.668
0.125 0.003 0.541 0.331
0.074 0.067 0.839 0.020
0.513 0.001 0.001 0.485
0.708 0.036 0.007 0.249
0.622 0.005 0.003 0.370
0.595 0.014 0.003 0.388
0.734 0.004 0.003 0.259
0.329 0.002 0.289 0.380
0.694 0.001 0.002 0.303
0.005 0.006 0.974 0.015
0.001 0.001 0.640 0.357
0.001 0.005 0.989 0.005
0.003 0.002 0.993 0.003
0.002 0.001 0.995 0.002
0.986 0.003 0.009 0.003
0.982 0.014 0.002 0.002
0.986 0.001 0.002 0.011
0.951 0.022 0.014 0.013
0.987 0.005 0.002 0.006
0.995 0.003 0.001 0.001
0.908 0.023 0.007 0.061
0.987 0.005 0.002 0.006
0.968 0.022 0.003 0.007
0.974 0.011 0.006 0.010
0.989 0.002 0.002 0.006
0.988 0.006 0.001 0.005
0.992 0.004 0.002 0.002
0.968 0.013 0.005 0.014
0.961 0.031 0.004 0.004
0.994 0.003 0.002 0.002
0.986 0.004 0.007 0.002
0.003 0.005 0.652 0.340
0.002 0.007 0.895 0.097
0.001 0.001 0.997 0.001
0.011 0.006 0.952 0.031
0.955 0.010 0.017 0.018
0.907 0.062 0.021 0.010
0.875 0.115 0.006 0.005
0.794 0.185 0.003 0.019
0.949 0.034 0.009 0.007
0.936 0.039 0.010 0.014
0.945 0.002 0.052 0.001
0.967 0.005 0.021 0.007
0.638 0.352 0.001 0.009
0.986 0.008 0.004 0.001
0.986 0.002 0.003 0.009
0.982 0.007 0.004 0.008
0.976 0.020 0.003 0.001
0.995 0.002 0.002 0.002
0.968 0.013 0.010 0.009
0.977 0.002 0.004 0.017
0.988 0.006 0.003 0.003
0.979 0.006 0.011 0.004
0.937 0.046 0.002 0.015
0.992 0.002 0.003 0.003
0.977 0.006 0.012 0.005
0.554 0.002 0.004 0.441
0.506 0.004 0.001 0.489
0.001 0.001 0.997 0.001
0.716 0.000 0.003 0.281
0.598 0.001 0.003 0.398
0.718 0.003 0.001 0.278
0.019 0.009 0.930 0.042
0.002 0.001 0.996 0.001
0.002 0.004 0.990 0.003
0.898 0.088 0.011 0.004
0.996 0.002 0.001 0.001
0.995 0.001 0.001 0.002
0.923 0.061 0.006 0.011
0.988 0.006 0.002 0.004
0.989 0.003 0.005 0.002
0.981 0.013 0.001 0.004
0.856 0.096 0.026 0.021
0.962 0.006 0.018 0.014
0.947 0.027 0.012 0.014
0.973 0.006 0.016 0.006
0.968 0.023 0.003 0.006
0.875 0.042 0.008 0.075
0.996 0.001 0.002 0.001
0.962 0.026 0.007 0.005
0.962 0.029 0.003 0.006
0.994 0.002 0.002 0.002
0.098 0.056 0.844 0.002
0.001 0.002 0.822 0.174
0.438 0.020 0.016 0.526
0.619 0.068 0.002 0.311
0.700 0.001 0.003 0.297
0.959 0.020 0.006 0.016
0.988 0.007 0.003 0.002
0.984 0.010 0.004 0.002
0.996 0.001 0.001 0.002
0.993 0.003 0.001 0.003
0.978 0.010 0.003 0.010
0.988 0.002 0.002 0.007
0.988 0.006 0.003 0.003
0.985 0.008 0.002 0.005
0.989 0.003 0.004 0.004
0.977 0.008 0.007 0.008
0.995 0.001 0.003 0.001
0.989 0.002 0.002 0.007
0.995 0.003 0.002 0.001
0.997 0.001 0.001 0.001
0.997 0.001 0.001 0.001
0.969 0.010 0.003 0.017
0.993 0.004 0.001 0.002
0.979 0.005 0.011 0.005
0.995 0.003 0.001 0.000
0.002 0.001 0.002 0.995
0.002 0.051 0.008 0.939
0.001 0.008 0.004 0.987
0.001 0.005 0.006 0.989
0.002 0.002 0.002 0.995
0.001 0.002 0.003 0.995
0.002 0.008 0.005 0.985
0.007 0.002 0.005 0.985
0.003 0.002 0.002 0.993
0.001 0.000 0.001 0.998
0.001 0.012 0.001 0.985
0.010 0.009 0.008 0.973
0.001 0.006 0.004 0.989
0.001 0.007 0.022 0.970
0.918 0.034 0.039 0.010
0.223 0.082 0.001 0.694
0.225 0.118 0.001 0.656
0.001 0.001 0.998 0.001
0.008 0.011 0.563 0.418
0.783 0.001 0.001 0.215
0.404 0.002 0.001 0.593
0.621 0.030 0.007 0.342
0.459 0.001 0.001 0.539
0.558 0.014 0.019 0.408
0.581 0.001 0.001 0.416
0.745 0.001 0.002 0.252
0.471 0.216 0.235 0.077
0.759 0.002 0.001 0.239
0.575 0.004 0.002 0.419
0.707 0.007 0.001 0.285
0.001 0.003 0.755 0.240
0.001 0.000 0.899 0.099
0.002 0.011 0.836 0.151
0.001 0.004 0.840 0.156
0.636 0.002 0.004 0.358
0.548 0.023 0.005 0.424
0.682 0.002 0.000 0.316
0.551 0.011 0.002 0.436
0.344 0.002 0.004 0.649
0.525 0.002 0.003 0.470
0.668 0.042 0.003 0.287
0.416 0.020 0.019 0.545
0.149 0.004 0.831 0.016
0.002 0.003 0.990 0.006
0.002 0.003 0.992 0.002
0.439 0.002 0.001 0.558
0.001 0.001 0.890 0.108
0.001 0.000 0.997 0.001
0.001 0.001 0.996 0.002
0.002 0.002 0.992 0.003
0.008 0.232 0.755 0.004
0.000 0.002 0.995 0.002
0.001 0.002 0.996 0.001
0.002 0.026 0.859 0.113
0.001 0.002 0.995 0.002
0.003 0.021 0.596 0.380
0.001 0.002 0.996 0.001
0.008 0.012 0.978 0.002
0.012 0.004 0.745 0.240
0.474 0.015 0.002 0.509
0.557 0.016 0.004 0.423
0.987 0.007 0.001 0.005
0.990 0.004 0.006 0.001
0.993 0.005 0.001 0.001
0.996 0.001 0.001 0.001
0.997 0.001 0.001 0.001
0.994 0.002 0.002 0.002
0.994 0.001 0.003 0.002
0.991 0.004 0.002 0.003
0.988 0.002 0.005 0.005
0.965 0.006 0.003 0.025
0.987 0.008 0.002 0.002
0.979 0.009 0.005 0.007
0.995 0.002 0.002 0.001
0.990 0.003 0.004 0.002
0.995 0.003 0.001 0.002
0.990 0.005 0.003 0.002
0.946 0.003 0.049 0.002
0.847 0.131 0.009 0.012
0.989 0.007 0.002 0.003
0.850 0.137 0.005 0.009
0.971 0.013 0.010 0.006
0.980 0.005 0.007 0.008
0.934 0.008 0.046 0.012
0.978 0.010 0.002 0.010
0.972 0.002 0.022 0.003
0.991 0.004 0.001 0.004
0.946 0.018 0.030 0.005
0.979 0.006 0.003 0.012
0.979 0.011 0.004 0.006
0.991 0.004 0.002 0.002
0.992 0.003 0.003 0.003
0.993 0.002 0.004 0.002
0.982 0.008 0.003 0.006
0.958 0.013 0.015 0.014
0.987 0.006 0.003 0.004
0.001 0.001 0.997 0.002
0.007 0.011 0.652 0.330
0.010 0.005 0.242 0.743
0.001 0.003 0.687 0.310
0.001 0.000 0.998 0.001
0.001 0.002 0.651 0.345
0.070 0.014 0.839 0.077
0.002 0.011 0.985 0.002
0.065 0.008 0.925 0.002
0.001 0.047 0.667 0.286
0.000 0.001 0.997 0.001
0.001 0.003 0.759 0.237
0.003 0.004 0.980 0.012
0.001 0.012 0.977 0.010
0.001 0.001 0.998 0.001
0.003 0.005 0.987 0.005
0.000 0.000 0.996 0.003
0.001 0.000 0.998 0.001
0.001 0.001 0.992 0.005
0.001 0.003 0.610 0.386
0.001 0.001 0.997 0.001
0.041 0.043 0.909 0.008
0.001 0.001 0.996 0.002
0.001 0.014 0.431 0.553
0.001 0.001 0.997 0.001
0.003 0.990 0.002 0.005
0.005 0.914 0.003 0.079
0.001 0.643 0.008 0.348
0.001 0.479 0.001 0.519
0.001 0.001 0.996 0.001
0.030 0.011 0.955 0.004
0.010 0.023 0.965 0.002
0.009 0.011 0.482 0.499
0.004 0.139 0.656 0.202
0.004 0.011 0.519 0.467
0.000 0.002 0.995 0.002
0.979 0.005 0.005 0.011
0.993 0.002 0.003 0.002
0.984 0.005 0.008 0.002
0.956 0.038 0.003 0.003
0.001 0.002 0.997 0.001
0.001 0.005 0.993 0.002
0.002 0.004 0.986 0.008
0.007 0.011 0.729 0.253
0.003 0.004 0.989 0.004
0.002 0.001 0.995 0.002
0.111 0.013 0.873 0.004
0.003 0.002 0.992 0.003
0.001 0.001 0.839 0.159
0.007 0.007 0.975 0.011
0.006 0.007 0.973 0.014
0.001 0.001 0.998 0.000
0.002 0.013 0.982 0.004
0.002 0.006 0.983 0.009
0.001 0.012 0.978 0.009
0.002 0.001 0.990 0.007
0.001 0.002 0.996 0.001
0.001 0.001 0.998 0.001
0.001 0.003 0.996 0.000
0.000 0.001 0.997 0.001
0.012 0.008 0.977 0.003
0.001 0.003 0.995 0.001
0.040 0.023 0.928 0.010
0.000 0.001 0.996 0.002
0.002 0.007 0.986 0.005
0.000 0.002 0.996 0.001
0.001 0.002 0.996 0.002
0.006 0.578 0.006 0.411
0.001 0.791 0.021 0.187
0.087 0.688 0.007 0.218
0.001 0.913 0.023 0.064
0.003 0.960 0.002 0.035
0.001 0.008 0.984 0.007
0.001 0.003 0.993 0.003
0.011 0.006 0.941 0.043
0.004 0.010 0.981 0.005
0.002 0.016 0.958 0.024
0.000 0.000 0.998 0.001
0.001 0.002 0.994 0.002
0.001 0.001 0.996 0.002
0.002 0.004 0.990 0.004
0.002 0.005 0.987 0.006
0.003 0.005 0.979 0.013
0.023 0.007 0.957 0.013
0.001 0.003 0.990 0.005
0.001 0.002 0.994 0.003
0.001 0.000 0.996 0.003
0.001 0.001 0.992 0.005
0.003 0.765 0.003 0.229
0.002 0.951 0.001 0.046
0.002 0.627 0.015 0.356
0.030 0.586 0.001 0.383
0.001 0.968 0.004 0.028
0.023 0.899 0.003 0.075
0.002 0.640 0.001 0.356
0.005 0.694 0.004 0.296
0.001 0.988 0.006 0.005
0.005 0.980 0.005 0.010
0.003 0.008 0.981 0.008
0.003 0.007 0.987 0.004
0.012 0.008 0.974 0.006
0.004 0.001 0.992 0.003
0.002 0.002 0.996 0.001
0.000 0.001 0.998 0.001
0.002 0.679 0.003 0.317
0.002 0.947 0.004 0.047
0.001 0.991 0.005 0.003
0.001 0.984 0.007 0.008
0.003 0.980 0.006 0.011
0.003 0.991 0.002 0.004
0.001 0.789 0.004 0.206
0.001 0.858 0.004 0.137
0.004 0.956 0.004 0.035
0.014 0.876 0.014 0.097
0.001 0.606 0.011 0.382
0.013 0.619 0.002 0.366
0.004 0.914 0.012 0.070
0.009 0.012 0.969 0.009
0.001 0.002 0.996 0.001
0.001 0.002 0.993 0.005
0.001 0.004 0.987 0.008
0.001 0.002 0.996 0.001
0.004 0.012 0.979 0.005
0.001 0.985 0.003 0.011
0.008 0.988 0.001 0.002
0.045 0.907 0.003 0.045
0.002 0.684 0.000 0.314
0.006 0.937 0.034 0.023
0.005 0.647 0.009 0.338
0.007 0.868 0.057 0.067
0.001 0.686 0.003 0.309
0.003 0.986 0.004 0.008
0.001 0.002 0.996 0.002
0.019 0.006 0.970 0.006
0.001 0.001 0.998 0.001
0.001 0.001 0.998 0.000
0.005 0.006 0.972 0.017
0.003 0.001 0.995 0.001
0.003 0.003 0.993 0.001
0.002 0.001 0.996 0.001
0.001 0.001 0.997 0.001
0.003 0.987 0.001 0.008
0.003 0.992 0.001 0.004
0.018 0.953 0.015 0.015
0.001 0.785 0.003 0.210
0.001 0.728 0.001 0.270
0.005 0.984 0.001 0.010
0.017 0.975 0.003 0.006
0.003 0.987 0.001 0.009
0.008 0.627 0.015 0.349
0.005 0.985 0.004 0.006
0.007 0.978 0.008 0.006
0.012 0.973 0.011 0.004
0.003 0.006 0.985 0.007
0.016 0.010 0.964 0.010
0.002 0.005 0.985 0.008
0.001 0.002 0.996 0.002
0.001 0.001 0.995 0.002
0.001 0.001 0.997 0.001
0.030 0.059 0.894 0.017
0.015 0.003 0.813 0.169
0.002 0.002 0.993 0.003
0.008 0.006 0.951 0.035
0.004 0.004 0.983 0.009
0.002 0.008 0.981 0.008
0.003 0.002 0.993 0.002
0.001 0.002 0.987 0.011
0.004 0.002 0.989 0.005
0.001 0.000 0.996 0.002
0.001 0.000 0.998 0.001
0.007 0.034 0.947 0.011
0.003 0.001 0.992 0.003
0.001 0.002 0.995 0.002
0.001 0.001 0.997 0.001
0.002 0.005 0.991 0.003
0.005 0.018 0.965 0.012
0.001 0.001 0.998 0.000
0.001 0.001 0.990 0.008
0.015 0.011 0.969 0.004
0.002 0.004 0.993 0.001
0.001 0.001 0.994 0.004
0.001 0.003 0.994 0.001
0.003 0.006 0.912 0.079
0.033 0.029 0.890 0.048
0.001 0.002 0.995 0.002
0.000 0.003 0.995 0.002
0.001 0.000 0.998 0.001
0.003 0.027 0.966 0.005
0.000 0.001 0.998 0.001
0.003 0.003 0.993 0.001
0.002 0.001 0.996 0.001
0.002 0.001 0.994 0.004
0.001 0.001 0.992 0.005
0.001 0.002 0.996 0.001
0.002 0.001 0.995 0.002
0.002 0.002 0.995 0.001
0.001 0.001 0.995 0.003
0.000 0.002 0.993 0.004
0.001 0.003 0.993 0.003
0.001 0.002 0.995 0.001
0.002 0.001 0.995 0.001
0.003 0.004 0.990 0.002
0.001 0.006 0.991 0.002
0.002 0.002 0.994 0.002
0.001 0.001 0.997 0.002
0.001 0.001 0.997 0.001
0.000 0.001 0.997 0.001
0.000 0.001 0.998 0.001
0.001 0.002 0.997 0.001
0.003 0.002 0.991 0.004
0.019 0.008 0.963 0.010
0.220 0.779 0.001 0.001
0.003 0.995 0.001 0.001
0.036 0.952 0.006 0.005
0.022 0.974 0.002 0.002
0.012 0.897 0.002 0.089
0.001 0.789 0.006 0.204
0.001 0.989 0.003 0.008
0.004 0.894 0.003 0.099
0.005 0.849 0.002 0.144
0.011 0.795 0.022 0.172
0.002 0.004 0.984 0.010
0.001 0.004 0.991 0.004
0.001 0.005 0.984 0.011
0.001 0.010 0.987 0.002
0.001 0.001 0.996 0.002
0.001 0.001 0.996 0.002
0.005 0.004 0.988 0.002
0.001 0.001 0.998 0.001
0.000 0.001 0.997 0.001
0.003 0.009 0.978 0.010
0.005 0.009 0.981 0.004
0.001 0.002 0.996 0.001
0.003 0.003 0.993 0.001
0.002 0.002 0.995 0.002
0.001 0.003 0.993 0.003
0.001 0.001 0.996 0.001
0.003 0.002 0.994 0.001
0.000 0.001 0.998 0.001
0.002 0.007 0.986 0.006
0.002 0.007 0.988 0.003
0.000 0.001 0.997 0.001
0.001 0.003 0.993 0.002
0.001 0.001 0.998 0.000
0.000 0.001 0.999 0.000
0.002 0.002 0.994 0.002
0.002 0.002 0.995 0.001
0.001 0.006 0.975 0.018
0.001 0.001 0.998 0.001
0.000 0.001 0.997 0.002
0.002 0.000 0.997 0.001
0.006 0.006 0.980 0.008
0.001 0.002 0.992 0.005
0.013 0.033 0.918 0.035
0.002 0.001 0.995 0.001
0.003 0.001 0.995 0.001
0.001 0.000 0.998 0.001
0.001 0.000 0.998 0.001
0.000 0.001 0.999 0.000
0.001 0.001 0.996 0.003
0.000 0.002 0.996 0.002
0.004 0.003 0.990 0.003
0.002 0.003 0.995 0.001
0.001 0.002 0.996 0.002
0.002 0.007 0.989 0.002
0.001 0.000 0.998 0.001
0.001 0.001 0.996 0.002
0.000 0.003 0.996 0.001
0.001 0.001 0.996 0.001
0.001 0.000 0.998 0.000
0.000 0.001 0.998 0.000
0.001 0.001 0.994 0.003
0.001 0.001 0.997 0.001
0.003 0.001 0.994 0.001
0.001 0.002 0.996 0.000
0.001 0.001 0.997 0.002
0.000 0.001 0.997 0.002
0.002 0.003 0.991 0.003
0.002 0.011 0.980 0.007
0.001 0.000 0.998 0.001
0.000 0.001 0.998 0.001
0.001 0.003 0.994 0.002
0.001 0.001 0.998 0.001
0.001 0.001 0.997 0.000
0.001 0.001 0.995 0.003
0.001 0.002 0.997 0.001
0.001 0.003 0.993 0.003
0.001 0.001 0.997 0.001
0.001 0.002 0.995 0.002
0.001 0.002 0.996 0.001
0.010 0.005 0.979 0.005
0.001 0.002 0.995 0.002
0.001 0.001 0.997 0.001
0.001 0.002 0.996 0.001
0.002 0.002 0.994 0.003
0.001 0.004 0.988 0.007
0.001 0.001 0.992 0.005
0.000 0.000 0.998 0.001
0.001 0.001 0.996 0.002
0.001 0.002 0.995 0.003
0.001 0.001 0.998 0.001
0.003 0.004 0.991 0.002
0.000 0.001 0.996 0.002
0.004 0.004 0.980 0.012
0.000 0.001 0.998 0.001
0.002 0.992 0.004 0.003
0.006 0.992 0.001 0.001
0.002 0.896 0.002 0.099
0.005 0.982 0.002 0.011
0.003 0.671 0.001 0.325
0.004 0.582 0.075 0.339
0.001 0.003 0.991 0.005
0.000 0.001 0.997 0.001
0.001 0.001 0.997 0.002
0.005 0.005 0.985 0.005
0.001 0.000 0.996 0.002
0.002 0.002 0.995 0.001
0.002 0.003 0.992 0.003
0.001 0.001 0.995 0.004
0.002 0.004 0.992 0.002
0.002 0.001 0.996 0.001
0.002 0.005 0.984 0.009
0.002 0.006 0.987 0.005
0.002 0.002 0.995 0.002
0.001 0.002 0.993 0.004
0.002 0.002 0.995 0.001
0.001 0.001 0.997 0.001
0.001 0.002 0.995 0.001
0.006 0.004 0.987 0.003
0.001 0.001 0.998 0.001
0.001 0.001 0.997 0.001
0.001 0.001 0.997 0.001
0.001 0.001 0.997 0.001
0.000 0.000 0.999 0.001
0.004 0.002 0.993 0.001
0.001 0.001 0.997 0.001
0.001 0.001 0.997 0.001
0.000 0.000 0.999 0.000
0.001 0.002 0.997 0.001
0.001 0.008 0.989 0.002
0.002 0.001 0.994 0.003
0.000 0.001 0.998 0.001
0.000 0.002 0.996 0.002
0.001 0.001 0.997 0.001
0.001 0.001 0.997 0.001
0.001 0.000 0.998 0.001
0.000 0.001 0.997 0.001
0.001 0.001 0.997 0.001
0.004 0.002 0.990 0.004
0.001 0.001 0.998 0.000
0.001 0.003 0.995 0.001
0.001 0.001 0.996 0.002
0.001 0.001 0.997 0.001
0.001 0.001 0.997 0.001
0.003 0.003 0.991 0.002
0.004 0.006 0.978 0.013
0.001 0.001 0.996 0.002
0.008 0.011 0.972 0.008
0.001 0.002 0.994 0.002
0.004 0.002 0.991 0.003
0.001 0.002 0.991 0.006
0.001 0.001 0.997 0.001
0.002 0.002 0.995 0.002
0.001 0.001 0.997 0.002
0.000 0.001 0.998 0.001
0.001 0.001 0.995 0.002
0.001 0.001 0.996 0.002
0.001 0.002 0.997 0.001
0.001 0.002 0.997 0.001
0.001 0.001 0.996 0.002
0.002 0.000 0.995 0.003
0.002 0.003 0.989 0.005
0.001 0.004 0.992 0.003
0.002 0.001 0.996 0.001
0.004 0.049 0.944 0.003
0.001 0.001 0.998 0.000
0.003 0.003 0.993 0.001
0.000 0.001 0.998 0.001
0.001 0.002 0.994 0.003
0.001 0.001 0.997 0.001
0.001 0.001 0.997 0.001
0.000 0.000 0.997 0.002
0.005 0.001 0.993 0.001
0.002 0.002 0.995 0.001
0.000 0.001 0.998 0.001
0.003 0.986 0.002 0.009
0.001 0.721 0.004 0.274
0.007 0.979 0.012 0.002
0.004 0.006 0.984 0.005
0.002 0.002 0.995 0.001
0.002 0.003 0.990 0.006
0.001 0.001 0.996 0.002
0.001 0.002 0.995 0.002
0.001 0.004 0.994 0.001
0.001 0.001 0.997 0.001
0.001 0.001 0.998 0.001
0.004 0.001 0.991 0.003
0.001 0.002 0.996 0.001
0.004 0.014 0.979 0.003
0.000 0.001 0.999 0.000
0.003 0.010 0.983 0.004
0.002 0.002 0.992 0.004
0.003 0.005 0.983 0.009
0.004 0.003 0.992 0.001
0.001 0.001 0.998 0.001
0.001 0.009 0.960 0.030
0.005 0.003 0.989 0.003
0.001 0.004 0.992 0.003
0.000 0.001 0.998 0.001
0.000 0.001 0.998 0.001
0.001 0.001 0.997 0.001
0.001 0.001 0.997 0.001
0.001 0.000 0.995 0.003
0.015 0.951 0.003 0.030
0.028 0.943 0.026 0.003
0.041 0.947 0.005 0.007
0.001 0.992 0.001 0.006
0.217 0.763 0.019 0.001
0.007 0.974 0.009 0.010
0.002 0.991 0.005 0.002
0.004 0.992 0.002 0.001
0.230 0.704 0.007 0.060
0.005 0.980 0.008 0.008
0.025 0.973 0.000 0.002
0.011 0.959 0.002 0.028
0.172 0.819 0.002 0.006
0.001 0.594 0.042 0.363
0.006 0.650 0.001 0.343
0.002 0.846 0.001 0.152
0.002 0.916 0.008 0.074
0.003 0.496 0.001 0.500
0.012 0.968 0.002 0.018
0.009 0.807 0.002 0.182
0.002 0.991 0.004 0.003
0.005 0.986 0.008 0.001
0.003 0.989 0.004 0.004
0.075 0.921 0.003 0.001
0.002 0.994 0.004 0.001
0.018 0.971 0.005 0.007
0.016 0.921 0.008 0.055
0.019 0.945 0.005 0.030
0.002 0.905 0.010 0.082
0.003 0.995 0.002 0.001
0.009 0.987 0.002 0.003
0.032 0.948 0.002 0.018
0.010 0.973 0.015 0.001
0.003 0.991 0.003 0.003
0.002 0.984 0.006 0.008
0.008 0.987 0.001 0.003
0.025 0.965 0.001 0.009
0.004 0.973 0.015 0.008
0.001 0.992 0.006 0.001
0.005 0.974 0.008 0.013
0.002 0.894 0.097 0.007
0.017 0.972 0.004 0.006
0.008 0.988 0.001 0.003
0.002 0.993 0.001 0.004
0.011 0.981 0.004 0.003
0.009 0.976 0.004 0.010
0.051 0.944 0.001 0.004
0.006 0.742 0.017 0.234
0.013 0.983 0.002 0.002
0.014 0.979 0.005 0.002
0.001 0.982 0.005 0.011
0.006 0.989 0.004 0.001
0.004 0.952 0.036 0.008
0.006 0.978 0.011 0.005
0.004 0.981 0.005 0.009
0.002 0.788 0.059 0.152
0.011 0.969 0.016 0.004
0.015 0.984 0.001 0.001
0.002 0.980 0.009 0.010
0.005 0.983 0.010 0.002
0.005 0.822 0.011 0.162
0.004 0.979 0.001 0.015
0.009 0.983 0.007 0.001
0.002 0.988 0.002 0.009
0.012 0.982 0.004 0.002
0.003 0.972 0.015 0.010
0.000 0.984 0.002 0.014
0.031 0.962 0.003 0.004
0.008 0.981 0.006 0.005
0.008 0.970 0.016 0.005
0.004 0.991 0.002 0.003
0.001 0.980 0.004 0.015
0.001 0.987 0.005 0.007
0.003 0.976 0.005 0.016
0.004 0.973 0.002 0.021
0.137 0.838 0.023 0.002
0.011 0.970 0.002 0.017
0.003 0.987 0.006 0.005
0.002 0.990 0.003 0.005
0.003 0.951 0.003 0.044
0.003 0.990 0.001 0.006
0.003 0.981 0.006 0.010
0.004 0.992 0.001 0.003
0.008 0.985 0.004 0.003
0.001 0.978 0.018 0.003
0.003 0.984 0.006 0.007
0.003 0.994 0.002 0.001
0.001 0.988 0.001 0.010
0.259 0.738 0.003 0.001
0.083 0.529 0.017 0.371
0.005 0.909 0.004 0.082
0.001 0.979 0.016 0.004
0.002 0.991 0.003 0.004
0.001 0.994 0.002 0.002
0.001 0.983 0.005 0.011
0.004 0.922 0.004 0.071
0.002 0.962 0.024 0.013
0.011 0.976 0.003 0.010
0.004 0.988 0.001 0.007
0.004 0.991 0.002 0.003
0.011 0.978 0.001 0.011
0.008 0.941 0.002 0.049
0.001 0.994 0.002 0.002
0.002 0.994 0.003 0.002
0.002 0.996 0.001 0.001
0.003 0.984 0.001 0.012
0.001 0.950 0.025 0.024
0.003 0.988 0.002 0.007
0.024 0.943 0.001 0.032
0.001 0.974 0.002 0.023
0.011 0.978 0.006 0.004
0.024 0.974 0.001 0.001
0.083 0.904 0.011 0.003
0.053 0.942 0.004 0.002
0.011 0.971 0.001 0.017
0.002 0.981 0.011 0.006
0.126 0.853 0.021 0.001
0.240 0.677 0.067 0.016
0.239 0.755 0.003 0.003
0.019 0.952 0.004 0.025
0.243 0.753 0.002 0.001
0.274 0.718 0.001 0.007
0.008 0.980 0.005 0.007
0.114 0.878 0.007 0.001
0.081 0.916 0.002 0.001
0.140 0.834 0.011 0.016
0.013 0.946 0.002 0.039
0.032 0.964 0.002 0.002
0.325 0.653 0.006 0.015
0.165 0.822 0.009 0.004
0.013 0.981 0.004 0.002
0.005 0.989 0.000 0.006
0.007 0.984 0.007 0.001
0.007 0.968 0.016 0.009
0.009 0.988 0.001 0.002
0.006 0.988 0.003 0.004
0.025 0.966 0.007 0.001
0.002 0.980 0.016 0.002
0.003 0.992 0.001 0.005
0.004 0.989 0.002 0.005
0.029 0.968 0.001 0.002
0.002 0.990 0.008 0.001
0.006 0.992 0.001 0.001
0.013 0.981 0.005 0.001
0.001 0.993 0.004 0.001
0.003 0.986 0.008 0.003
0.005 0.990 0.003 0.003
0.002 0.995 0.001 0.002
0.004 0.726 0.083 0.187
0.004 0.990 0.004 0.002
0.001 0.950 0.042 0.007
0.015 0.981 0.002 0.002
0.003 0.995 0.001 0.001
0.005 0.960 0.005 0.029
0.003 0.994 0.001 0.003
0.005 0.955 0.004 0.036
0.132 0.862 0.001 0.005
0.001 0.822 0.079 0.098
0.008 0.889 0.001 0.103
0.004 0.989 0.002 0.005
0.002 0.966 0.004 0.027
0.001 0.994 0.002 0.003
0.010 0.973 0.009 0.008
0.002 0.912 0.011 0.075
0.003 0.966 0.018 0.013
0.005 0.958 0.034 0.004
0.006 0.983 0.004 0.007
0.004 0.986 0.006 0.004
0.001 0.986 0.004 0.009
0.002 0.994 0.001 0.002
0.002 0.853 0.019 0.126
0.002 0.960 0.001 0.036
0.010 0.984 0.002 0.004
0.034 0.962 0.003 0.002
0.125 0.871 0.002 0.002
0.065 0.933 0.001 0.001
0.031 0.933 0.005 0.031
0.015 0.976 0.003 0.006
0.034 0.889 0.071 0.007
0.002 0.989 0.001 0.008
0.003 0.993 0.002 0.002
0.075 0.912 0.001 0.011
0.020 0.963 0.004 0.012
0.230 0.767 0.002 0.001
0.118 0.877 0.002 0.004
0.003 0.984 0.004 0.010
0.007 0.988 0.004 0.001
0.060 0.860 0.013 0.067
0.165 0.788 0.035 0.013
0.105 0.891 0.003 0.001
0.084 0.911 0.002 0.004
0.010 0.982 0.004 0.004
0.001 0.994 0.002 0.003
0.003 0.994 0.001 0.001
0.009 0.891 0.004 0.096
0.012 0.984 0.001 0.003
0.026 0.965 0.002 0.006
0.006 0.965 0.008 0.021
0.003 0.995 0.001 0.001
0.004 0.846 0.013 0.138
0.034 0.953 0.010 0.003
0.003 0.984 0.006 0.006
0.005 0.927 0.027 0.041
0.003 0.986 0.006 0.004
0.015 0.963 0.014 0.007
0.002 0.939 0.002 0.058
0.003 0.991 0.001 0.005
0.021 0.973 0.001 0.005
0.001 0.992 0.004 0.003
0.003 0.983 0.003 0.011
0.007 0.974 0.005 0.014
0.002 0.991 0.002 0.005
0.022 0.940 0.008 0.030
0.005 0.992 0.001 0.002
0.006 0.990 0.001 0.004
0.001 0.978 0.001 0.021
0.011 0.979 0.006 0.003
0.004 0.964 0.005 0.026
0.005 0.991 0.002 0.002
0.005 0.993 0.001 0.001
0.003 0.952 0.025 0.019
0.005 0.983 0.002 0.010
0.014 0.982 0.002 0.003
0.001 0.996 0.002 0.002
