0.002 0.988 0.005 0.005
0.010 0.977 0.003 0.011
0.001 0.992 0.002 0.005
0.008 0.982 0.005 0.006
0.012 0.980 0.003 0.005
0.005 0.962 0.010 0.023
0.003 0.988 0.001 0.007
0.003 0.994 0.002 0.002
0.001 0.996 0.002 0.001
0.006 0.981 0.004 0.010
0.001 0.965 0.006 0.028
0.008 0.987 0.002 0.003
0.009 0.962 0.004 0.025
0.002 0.994 0.002 0.002
0.006 0.982 0.010 0.002
0.001 0.998 0.001 0.000
0.010 0.958 0.010 0.023
0.003 0.991 0.003 0.002
0.004 0.991 0.001 0.003
0.005 0.985 0.004 0.006
0.001 0.975 0.019 0.005
0.001 0.976 0.003 0.019
0.002 0.994 0.001 0.003
0.009 0.976 0.007 0.008
0.003 0.994 0.002 0.001
0.000 0.997 0.002 0.001
0.002 0.994 0.001 0.003
0.036 0.937 0.005 0.022
0.006 0.987 0.004 0.003
0.004 0.955 0.015 0.026
0.001 0.997 0.001 0.001
0.009 0.984 0.002 0.004
0.006 0.968 0.008 0.018
0.001 0.988 0.004 0.006
0.005 0.989 0.001 0.005
0.017 0.967 0.009 0.006
0.001 0.997 0.001 0.001
0.004 0.987 0.002 0.007
0.001 0.994 0.002 0.002
0.001 0.996 0.000 0.003
0.009 0.961 0.021 0.010
0.049 0.919 0.006 0.025
0.009 0.917 0.058 0.016
0.009 0.936 0.050 0.004
0.002 0.993 0.001 0.004
0.007 0.992 0.001 0.001
0.005 0.982 0.006 0.007
0.002 0.901 0.076 0.020
0.007 0.990 0.002 0.002
0.001 0.996 0.001 0.002
0.015 0.977 0.001 0.007
0.003 0.990 0.002 0.005
0.003 0.984 0.006 0.007
0.005 0.991 0.002 0.001
0.005 0.991 0.002 0.003
0.004 0.988 0.002 0.006
0.004 0.988 0.001 0.008
0.001 0.993 0.002 0.004
0.002 0.993 0.004 0.002
0.038 0.929 0.021 0.013
0.011 0.915 0.072 0.003
0.001 0.994 0.003 0.002
0.006 0.975 0.016 0.003
0.002 0.990 0.006 0.002
0.004 0.993 0.001 0.002
0.025 0.914 0.026 0.035
0.006 0.990 0.001 0.003
0.001 0.995 0.002 0.002
0.005 0.987 0.001 0.006
0.004 0.985 0.007 0.004
0.004 0.993 0.002 0.002
0.003 0.990 0.001 0.006
0.005 0.989 0.002 0.004
0.035 0.943 0.007 0.016
0.002 0.990 0.005 0.003
0.042 0.938 0.003 0.017
0.002 0.990 0.006 0.002
0.004 0.988 0.006 0.002
0.014 0.951 0.018 0.017
0.015 0.963 0.005 0.017
0.001 0.997 0.001 0.001
0.014 0.974 0.001 0.011
0.003 0.986 0.007 0.004
0.014 0.954 0.008 0.024
0.002 0.993 0.004 0.001
0.005 0.978 0.006 0.011
0.003 0.995 0.001 0.001
0.004 0.975 0.003 0.018
0.002 0.988 0.001 0.009
0.004 0.994 0.001 0.001
0.002 0.739 0.001 0.258
0.003 0.991 0.002 0.003
0.004 0.983 0.002 0.011
0.004 0.989 0.002 0.005
0.002 0.984 0.006 0.008
0.008 0.987 0.003 0.003
0.991 0.004 0.002 0.003
0.996 0.001 0.001 0.002
0.980 0.002 0.006 0.012
0.981 0.009 0.004 0.006
0.995 0.001 0.001 0.002
0.997 0.001 0.001 0.002
0.989 0.001 0.001 0.009
0.988 0.001 0.003 0.008
0.990 0.002 0.002 0.006
0.993 0.003 0.002 0.003
0.988 0.003 0.003 0.006
0.996 0.002 0.001 0.001
0.981 0.003 0.009 0.007
0.993 0.001 0.001 0.005
0.988 0.003 0.003 0.006
0.957 0.001 0.040 0.002
0.986 0.004 0.000 0.009
0.992 0.003 0.000 0.004
0.974 0.001 0.004 0.020
0.991 0.001 0.004 0.004
0.992 0.002 0.002 0.004
0.971 0.002 0.004 0.022
0.984 0.003 0.009 0.004
0.992 0.003 0.001 0.005
0.993 0.003 0.002 0.003
0.997 0.001 0.001 0.002
0.997 0.000 0.002 0.001
0.997 0.001 0.001 0.002
0.981 0.001 0.003 0.015
0.994 0.002 0.001 0.003
0.995 0.001 0.001 0.003
0.995 0.002 0.001 0.002
0.994 0.001 0.004 0.001
0.991 0.001 0.005 0.003
0.989 0.004 0.004 0.003
0.976 0.004 0.007 0.013
0.995 0.001 0.002 0.001
0.974 0.005 0.013 0.008
0.934 0.004 0.016 0.046
0.987 0.006 0.001 0.007
0.995 0.003 0.001 0.002
0.995 0.001 0.002 0.002
0.995 0.001 0.003 0.002
0.996 0.002 0.001 0.001
0.990 0.004 0.002 0.004
0.996 0.001 0.002 0.001
0.994 0.001 0.002 0.003
0.995 0.002 0.001 0.002
0.968 0.003 0.003 0.026
0.996 0.000 0.002 0.001
0.993 0.001 0.006 0.000
0.971 0.000 0.001 0.027
0.978 0.011 0.002 0.008
0.979 0.003 0.004 0.013
0.997 0.001 0.001 0.001
0.980 0.005 0.003 0.012
0.951 0.039 0.002 0.008
0.982 0.010 0.002 0.006
0.979 0.002 0.002 0.018
0.972 0.003 0.002 0.023
0.949 0.007 0.010 0.035
0.908 0.013 0.007 0.072
0.960 0.001 0.002 0.036
0.967 0.002 0.014 0.017
0.964 0.003 0.002 0.031
0.992 0.004 0.001 0.002
0.961 0.017 0.018 0.004
0.976 0.016 0.001 0.007
0.988 0.002 0.008 0.002
0.927 0.045 0.006 0.021
0.989 0.001 0.002 0.008
0.992 0.002 0.003 0.003
0.996 0.001 0.001 0.002
0.991 0.004 0.001 0.005
0.987 0.001 0.000 0.011
0.959 0.005 0.005 0.031
0.946 0.005 0.007 0.043
0.994 0.001 0.002 0.003
0.995 0.001 0.002 0.002
0.986 0.001 0.005 0.007
0.982 0.002 0.007 0.009
0.996 0.002 0.001 0.002
0.969 0.003 0.001 0.028
0.993 0.004 0.001 0.002
0.996 0.001 0.002 0.002
0.971 0.005 0.002 0.022
0.974 0.006 0.003 0.017
0.984 0.004 0.004 0.008
0.991 0.002 0.005 0.002
0.994 0.002 0.001 0.003
0.992 0.001 0.006 0.002
0.997 0.001 0.001 0.001
0.990 0.002 0.002 0.006
0.989 0.006 0.001 0.004
0.990 0.006 0.001 0.002
0.975 0.004 0.001 0.020
0.989 0.006 0.001 0.004
0.976 0.007 0.002 0.015
0.996 0.001 0.002 0.002
0.993 0.001 0.004 0.003
0.987 0.002 0.003 0.007
0.993 0.001 0.002 0.004
0.976 0.001 0.002 0.021
0.800 0.186 0.001 0.013
0.913 0.077 0.001 0.009
0.994 0.001 0.001 0.004
0.976 0.010 0.010 0.004
0.961 0.031 0.003 0.005
0.930 0.068 0.001 0.002
0.868 0.130 0.000 0.001
0.922 0.054 0.002 0.022
0.974 0.020 0.004 0.002
0.539 0.002 0.006 0.453
0.992 0.004 0.002 0.002
0.958 0.018 0.001 0.023
0.857 0.106 0.007 0.030
0.964 0.016 0.009 0.011
0.961 0.015 0.003 0.021
0.981 0.011 0.003 0.005
0.979 0.005 0.009 0.007
0.942 0.018 0.001 0.039
0.955 0.007 0.001 0.037
0.958 0.010 0.016 0.016
0.997 0.002 0.001 0.001
0.983 0.004 0.009 0.004
0.918 0.001 0.002 0.080
0.936 0.043 0.004 0.017
0.980 0.007 0.002 0.011
0.997 0.001 0.001 0.001
0.726 0.253 0.001 0.021
0.995 0.001 0.001 0.003
0.979 0.009 0.001 0.011
0.610 0.112 0.001 0.277
0.833 0.166 0.001 0.001
0.944 0.006 0.007 0.043
0.964 0.006 0.007 0.023
0.990 0.003 0.005 0.002
0.945 0.042 0.002 0.011
0.983 0.004 0.009 0.004
0.979 0.003 0.001 0.017
0.810 0.088 0.004 0.098
0.981 0.012 0.001 0.005
0.966 0.002 0.000 0.032
0.987 0.009 0.001 0.002
0.992 0.003 0.004 0.001
0.978 0.008 0.009 0.006
0.986 0.001 0.005 0.008
0.896 0.070 0.004 0.030
0.969 0.010 0.018 0.003
0.989 0.005 0.002 0.004
0.935 0.024 0.001 0.040
0.837 0.022 0.002 0.139
0.974 0.005 0.002 0.019
0.951 0.028 0.002 0.019
0.991 0.004 0.001 0.004
0.979 0.002 0.001 0.018
0.963 0.005 0.002 0.030
0.994 0.001 0.001 0.004
0.641 0.053 0.004 0.302
0.962 0.007 0.007 0.025
0.973 0.016 0.002 0.009
0.988 0.002 0.009 0.001
0.986 0.004 0.002 0.008
0.965 0.004 0.008 0.023
0.905 0.040 0.021 0.034
0.914 0.022 0.005 0.058
0.889 0.043 0.003 0.065
0.987 0.010 0.002 0.002
0.947 0.008 0.002 0.043
0.926 0.012 0.060 0.002
0.991 0.006 0.002 0.001
0.897 0.052 0.000 0.050
0.998 0.001 0.000 0.001
0.989 0.004 0.004 0.003
0.836 0.129 0.001 0.034
0.951 0.002 0.001 0.046
0.993 0.002 0.001 0.004
0.964 0.005 0.001 0.030
0.965 0.018 0.005 0.012
0.927 0.011 0.025 0.038
0.871 0.122 0.006 0.001
0.992 0.005 0.001 0.002
0.971 0.018 0.002 0.010
0.985 0.005 0.005 0.005
0.993 0.001 0.001 0.004
0.004 0.989 0.003 0.005
0.001 0.993 0.003 0.002
0.003 0.986 0.003 0.008
0.005 0.980 0.004 0.011
0.002 0.989 0.007 0.002
0.002 0.984 0.009 0.006
0.006 0.970 0.007 0.017
0.001 0.996 0.002 0.001
0.005 0.984 0.000 0.010
0.001 0.991 0.004 0.004
0.004 0.970 0.001 0.025
0.010 0.981 0.002 0.007
0.002 0.991 0.001 0.006
0.002 0.995 0.001 0.002
0.003 0.992 0.003 0.002
0.001 0.997 0.001 0.001
0.002 0.994 0.003 0.001
0.004 0.991 0.002 0.003
0.002 0.990 0.003 0.006
0.005 0.990 0.001 0.004
0.004 0.987 0.005 0.004
0.004 0.991 0.002 0.003
0.003 0.971 0.022 0.004
0.005 0.963 0.000 0.032
0.007 0.986 0.004 0.003
0.002 0.978 0.003 0.018
0.025 0.965 0.004 0.006
0.005 0.985 0.002 0.008
0.002 0.987 0.004 0.007
0.004 0.989 0.004 0.003
0.001 0.996 0.001 0.003
0.022 0.940 0.001 0.038
0.002 0.986 0.008 0.004
0.002 0.995 0.002 0.001
0.016 0.939 0.041 0.005
0.001 0.996 0.002 0.002
0.010 0.982 0.001 0.006
0.013 0.977 0.001 0.008
0.003 0.984 0.005 0.009
0.004 0.989 0.003 0.004
0.002 0.997 0.001 0.001
0.010 0.984 0.001 0.004
0.988 0.001 0.009 0.003
0.313 0.007 0.374 0.306
0.991 0.002 0.001 0.006
0.004 0.980 0.009 0.008
0.001 0.997 0.001 0.000
0.005 0.993 0.001 0.001
0.002 0.995 0.001 0.002
0.004 0.991 0.001 0.004
0.002 0.993 0.001 0.004
0.001 0.998 0.001 0.001
0.005 0.947 0.006 0.042
0.005 0.989 0.003 0.004
0.001 0.994 0.001 0.004
0.008 0.988 0.001 0.002
0.007 0.963 0.010 0.020
0.003 0.994 0.001 0.002
0.010 0.984 0.002 0.005
0.001 0.997 0.001 0.001
0.003 0.994 0.001 0.001
0.001 0.996 0.001 0.001
0.006 0.983 0.003 0.008
0.001 0.991 0.002 0.006
0.004 0.992 0.001 0.003
0.007 0.978 0.007 0.008
0.001 0.997 0.001 0.001
0.004 0.990 0.002 0.005
0.000 0.990 0.005 0.005
0.000 0.994 0.002 0.003
0.001 0.995 0.001 0.002
0.007 0.984 0.003 0.006
0.001 0.994 0.001 0.004
0.004 0.983 0.009 0.003
0.003 0.994 0.001 0.002
0.002 0.988 0.002 0.008
0.005 0.986 0.002 0.007
0.003 0.992 0.002 0.003
0.003 0.993 0.001 0.004
0.005 0.983 0.006 0.006
0.629 0.001 0.156 0.213
0.715 0.248 0.025 0.011
0.920 0.021 0.005 0.054
0.854 0.116 0.016 0.014
0.006 0.985 0.001 0.007
0.006 0.956 0.003 0.035
0.001 0.990 0.001 0.009
0.005 0.978 0.005 0.012
0.001 0.996 0.002 0.002
0.021 0.962 0.010 0.008
0.001 0.995 0.002 0.001
0.006 0.983 0.003 0.008
0.001 0.993 0.001 0.004
0.005 0.989 0.002 0.004
0.002 0.958 0.004 0.036
0.002 0.992 0.003 0.004
0.002 0.996 0.002 0.001
0.004 0.990 0.002 0.004
0.002 0.989 0.002 0.007
0.004 0.957 0.019 0.020
0.002 0.988 0.001 0.008
0.002 0.997 0.001 0.000
0.002 0.989 0.007 0.002
0.012 0.948 0.037 0.003
0.005 0.986 0.001 0.007
0.005 0.988 0.001 0.006
0.003 0.980 0.004 0.013
0.002 0.989 0.004 0.005
0.004 0.979 0.005 0.012
0.002 0.992 0.002 0.004
0.003 0.993 0.001 0.002
0.002 0.996 0.001 0.001
0.892 0.027 0.024 0.057
0.921 0.057 0.003 0.019
0.678 0.002 0.148 0.172
0.968 0.023 0.004 0.005
0.978 0.001 0.019 0.002
0.991 0.002 0.006 0.001
0.902 0.046 0.017 0.035
0.983 0.008 0.004 0.005
0.934 0.027 0.002 0.038
0.004 0.992 0.002 0.002
0.015 0.927 0.013 0.046
0.004 0.989 0.002 0.005
0.002 0.994 0.002 0.002
0.001 0.994 0.004 0.001
0.020 0.920 0.050 0.011
0.002 0.991 0.001 0.006
0.000 0.998 0.000 0.001
0.003 0.991 0.005 0.001
0.010 0.977 0.003 0.010
0.003 0.993 0.001 0.002
0.001 0.996 0.001 0.002
0.004 0.992 0.002 0.002
0.001 0.994 0.001 0.003
0.010 0.960 0.002 0.028
0.971 0.002 0.012 0.015
0.699 0.258 0.001 0.042
0.573 0.003 0.418 0.006
0.891 0.001 0.079 0.029
0.795 0.008 0.186 0.011
0.828 0.064 0.003 0.105
0.813 0.005 0.181 0.001
0.846 0.147 0.003 0.005
0.972 0.010 0.007 0.011
0.987 0.003 0.007 0.003
0.745 0.004 0.236 0.015
0.834 0.149 0.009 0.008
0.850 0.147 0.002 0.000
0.988 0.002 0.008 0.003
0.926 0.009 0.038 0.027
0.781 0.196 0.010 0.013
0.904 0.032 0.004 0.060
0.644 0.300 0.035 0.022
0.977 0.003 0.007 0.013
0.988 0.005 0.002 0.005
0.972 0.006 0.003 0.019
0.809 0.174 0.002 0.015
0.330 0.328 0.002 0.340
0.793 0.002 0.205 0.001
0.964 0.006 0.011 0.019
0.857 0.127 0.013 0.003
0.902 0.005 0.092 0.001
0.989 0.002 0.006 0.003
0.966 0.006 0.026 0.001
0.768 0.021 0.003 0.208
0.836 0.002 0.160 0.002
0.901 0.076 0.005 0.019
0.898 0.005 0.073 0.024
0.696 0.001 0.295 0.009
0.358 0.001 0.634 0.007
0.980 0.007 0.005 0.008
0.876 0.006 0.008 0.110
0.956 0.007 0.034 0.003
0.272 0.002 0.720 0.005
0.698 0.248 0.003 0.050
0.671 0.056 0.002 0.271
0.995 0.002 0.001 0.002
0.770 0.190 0.037 0.003
0.732 0.255 0.003 0.010
0.727 0.269 0.002 0.002
0.689 0.167 0.136 0.007
0.931 0.008 0.011 0.049
0.912 0.048 0.014 0.026
0.810 0.022 0.001 0.167
0.769 0.004 0.222 0.005
0.639 0.358 0.001 0.002
0.976 0.006 0.002 0.015
0.285 0.200 0.401 0.114
0.744 0.236 0.011 0.008
0.948 0.015 0.022 0.014
0.617 0.116 0.001 0.265
0.789 0.030 0.172 0.009
0.989 0.004 0.001 0.005
0.532 0.107 0.147 0.213
0.859 0.126 0.009 0.006
0.920 0.021 0.030 0.029
0.898 0.060 0.008 0.034
0.809 0.001 0.190 0.000
0.755 0.019 0.010 0.217
0.812 0.133 0.053 0.002
0.756 0.232 0.010 0.002
0.991 0.001 0.005 0.003
0.962 0.004 0.026 0.008
0.905 0.044 0.033 0.018
0.972 0.004 0.012 0.011
0.827 0.008 0.109 0.055
0.978 0.001 0.018 0.003
0.595 0.328 0.004 0.073
0.744 0.002 0.251 0.002
0.863 0.003 0.133 0.001
0.455 0.507 0.037 0.001
0.800 0.179 0.020 0.001
0.780 0.015 0.203 0.002
0.950 0.028 0.007 0.015
0.939 0.051 0.007 0.003
0.990 0.005 0.001 0.004
0.072 0.005 0.480 0.442
0.139 0.001 0.854 0.006
0.663 0.002 0.331 0.004
0.988 0.003 0.005 0.003
0.851 0.135 0.001 0.013
0.831 0.164 0.001 0.004
0.989 0.004 0.005 0.001
0.802 0.109 0.003 0.086
0.670 0.018 0.019 0.294
0.911 0.019 0.053 0.017
0.992 0.003 0.003 0.002
0.499 0.430 0.066 0.004
0.944 0.036 0.005 0.015
0.942 0.031 0.003 0.024
0.395 0.229 0.349 0.027
0.984 0.005 0.002 0.009
0.836 0.025 0.136 0.004
0.987 0.001 0.010 0.002
0.986 0.004 0.005 0.006
0.975 0.006 0.004 0.016
0.611 0.001 0.386 0.003
0.929 0.003 0.052 0.015
0.976 0.001 0.022 0.001
0.677 0.007 0.314 0.002
0.732 0.001 0.266 0.001
0.968 0.010 0.013 0.009
0.849 0.038 0.004 0.109
0.878 0.054 0.010 0.058
0.699 0.007 0.205 0.089
0.915 0.001 0.081 0.003
0.979 0.001 0.001 0.019
0.408 0.586 0.002 0.004
0.393 0.196 0.316 0.096
0.770 0.007 0.003 0.220
0.750 0.238 0.006 0.006
0.515 0.461 0.004 0.019
0.826 0.148 0.007 0.019
0.928 0.051 0.009 0.011
0.740 0.253 0.005 0.002
0.718 0.205 0.010 0.067
0.559 0.166 0.063 0.213
0.841 0.147 0.001 0.011
0.947 0.001 0.030 0.023
0.761 0.237 0.001 0.001
0.766 0.192 0.001 0.041
0.430 0.292 0.262 0.015
0.576 0.360 0.016 0.048
0.903 0.008 0.086 0.003
0.442 0.553 0.003 0.002
0.728 0.229 0.028 0.015
0.702 0.293 0.001 0.004
0.630 0.290 0.066 0.015
0.717 0.279 0.001 0.003
0.699 0.007 0.004 0.291
0.775 0.116 0.005 0.105
0.899 0.027 0.059 0.015
0.924 0.004 0.001 0.071
0.511 0.013 0.466 0.010
0.571 0.002 0.396 0.031
0.899 0.010 0.075 0.015
0.851 0.136 0.001 0.012
0.706 0.023 0.239 0.032
0.937 0.042 0.004 0.018
0.570 0.072 0.265 0.093
0.541 0.138 0.218 0.103
0.909 0.019 0.051 0.021
0.942 0.005 0.044 0.009
0.720 0.257 0.021 0.002
0.565 0.245 0.185 0.005
0.810 0.005 0.173 0.012
0.930 0.069 0.000 0.001
0.710 0.280 0.009 0.001
0.986 0.002 0.009 0.002
0.994 0.002 0.004 0.001
0.853 0.006 0.137 0.005
0.599 0.361 0.002 0.038
0.564 0.433 0.001 0.002
0.549 0.016 0.277 0.159
0.891 0.006 0.079 0.024
0.944 0.044 0.003 0.009
0.689 0.299 0.000 0.012
0.805 0.178 0.006 0.011
0.542 0.432 0.023 0.004
0.514 0.346 0.132 0.008
0.585 0.095 0.316 0.003
0.890 0.029 0.008 0.073
0.981 0.008 0.003 0.009
0.991 0.002 0.007 0.001
0.787 0.014 0.192 0.007
0.535 0.006 0.444 0.016
0.969 0.003 0.002 0.026
0.702 0.111 0.118 0.069
0.987 0.001 0.006 0.006
0.739 0.080 0.018 0.164
0.992 0.001 0.004 0.003
0.400 0.128 0.471 0.001
0.785 0.024 0.188 0.003
0.966 0.017 0.003 0.014
0.966 0.019 0.008 0.007
0.871 0.013 0.005 0.110
0.987 0.003 0.001 0.009
0.971 0.002 0.012 0.015
0.996 0.001 0.001 0.003
0.987 0.002 0.001 0.010
0.996 0.001 0.002 0.001
0.981 0.002 0.005 0.013
0.991 0.003 0.001 0.005
0.991 0.000 0.004 0.004
0.996 0.001 0.001 0.002
0.991 0.002 0.002 0.005
0.991 0.001 0.001 0.006
0.990 0.001 0.001 0.008
0.994 0.002 0.001 0.002
0.975 0.004 0.006 0.015
0.991 0.001 0.005 0.004
0.994 0.002 0.002 0.002
0.995 0.001 0.001 0.003
0.986 0.002 0.012 0.001
0.998 0.001 0.000 0.001
0.980 0.001 0.003 0.016
0.993 0.004 0.001 0.002
0.970 0.007 0.012 0.011
0.992 0.001 0.001 0.006
0.852 0.134 0.003 0.011
0.561 0.021 0.410 0.008
0.568 0.006 0.359 0.067
0.473 0.510 0.003 0.014
0.698 0.012 0.004 0.286
0.707 0.290 0.001 0.002
0.492 0.438 0.001 0.069
0.640 0.255 0.002 0.103
0.522 0.452 0.001 0.025
0.193 0.008 0.004 0.795
0.489 0.010 0.006 0.495
0.061 0.069 0.007 0.863
0.212 0.001 0.003 0.784
0.011 0.890 0.026 0.072
0.002 0.995 0.001 0.002
0.001 0.994 0.002 0.002
0.002 0.991 0.002 0.005
0.006 0.984 0.004 0.005
0.001 0.996 0.001 0.002
0.990 0.001 0.007 0.003
0.984 0.001 0.005 0.010
0.959 0.001 0.034 0.005
0.995 0.001 0.001 0.004
0.983 0.002 0.010 0.005
0.983 0.001 0.005 0.011
0.991 0.001 0.002 0.006
0.984 0.001 0.007 0.008
0.990 0.001 0.007 0.002
0.943 0.006 0.046 0.005
0.983 0.002 0.002 0.014
0.960 0.002 0.003 0.035
0.996 0.001 0.001 0.002
0.990 0.002 0.003 0.006
0.988 0.002 0.003 0.007
0.992 0.001 0.004 0.003
0.969 0.004 0.003 0.024
0.949 0.029 0.005 0.017
0.791 0.004 0.202 0.003
0.964 0.003 0.011 0.023
0.996 0.001 0.002 0.001
0.994 0.001 0.004 0.001
0.982 0.001 0.008 0.008
0.971 0.010 0.005 0.014
0.981 0.002 0.012 0.005
0.983 0.004 0.006 0.008
0.751 0.012 0.002 0.236
0.998 0.000 0.001 0.001
0.997 0.001 0.001 0.001
0.994 0.002 0.001 0.003
0.994 0.001 0.001 0.004
0.995 0.002 0.002 0.001
0.979 0.003 0.014 0.004
0.992 0.004 0.001 0.003
0.995 0.001 0.004 0.001
0.982 0.004 0.008 0.006
0.988 0.004 0.004 0.004
0.963 0.002 0.034 0.001
0.993 0.001 0.001 0.005
0.960 0.001 0.015 0.024
0.993 0.001 0.001 0.004
0.991 0.002 0.004 0.003
0.925 0.002 0.006 0.068
0.837 0.001 0.001 0.162
0.984 0.003 0.007 0.006
0.979 0.002 0.008 0.011
0.959 0.003 0.022 0.017
0.932 0.039 0.008 0.021
0.986 0.001 0.007 0.005
0.983 0.002 0.013 0.003
0.986 0.008 0.002 0.004
0.985 0.005 0.001 0.008
0.993 0.004 0.001 0.002
0.989 0.002 0.001 0.008
0.913 0.001 0.001 0.085
0.952 0.003 0.019 0.027
0.986 0.003 0.003 0.008
0.993 0.001 0.002 0.005
0.984 0.005 0.006 0.005
0.992 0.004 0.003 0.001
0.995 0.001 0.003 0.001
0.991 0.003 0.003 0.003
0.988 0.005 0.004 0.004
0.996 0.001 0.001 0.002
0.996 0.001 0.001 0.001
0.982 0.002 0.008 0.008
0.977 0.003 0.015 0.006
0.989 0.001 0.008 0.002
0.975 0.006 0.001 0.018
0.798 0.003 0.058 0.141
0.997 0.001 0.001 0.001
0.994 0.001 0.003 0.001
0.992 0.002 0.002 0.004
0.005 0.990 0.003 0.003
0.003 0.988 0.002 0.007
0.004 0.993 0.001 0.001
0.003 0.976 0.014 0.008
0.011 0.962 0.001 0.025
0.003 0.992 0.001 0.005
0.004 0.994 0.001 0.001
0.004 0.981 0.003 0.011
0.002 0.986 0.006 0.005
0.001 0.996 0.001 0.002
0.002 0.994 0.002 0.002
0.009 0.978 0.002 0.010
0.001 0.994 0.003 0.002
0.013 0.971 0.010 0.006
0.002 0.989 0.007 0.002
0.002 0.887 0.092 0.020
0.003 0.990 0.006 0.002
0.012 0.944 0.001 0.043
0.002 0.993 0.003 0.002
0.007 0.987 0.002 0.004
0.001 0.998 0.000 0.001
0.006 0.969 0.010 0.016
0.001 0.996 0.001 0.002
0.002 0.995 0.003 0.001
0.023 0.970 0.001 0.007
0.013 0.973 0.006 0.008
0.003 0.990 0.005 0.002
0.005 0.984 0.003 0.008
0.001 0.954 0.038 0.007
0.007 0.984 0.005 0.004
0.002 0.929 0.005 0.064
0.006 0.968 0.001 0.025
0.016 0.975 0.002 0.007
0.001 0.994 0.003 0.003
0.011 0.867 0.001 0.121
0.002 0.991 0.004 0.003
0.005 0.966 0.011 0.018
0.003 0.960 0.007 0.030
0.003 0.983 0.011 0.003
0.009 0.967 0.002 0.021
0.010 0.977 0.002 0.010
0.001 0.991 0.004 0.004
0.003 0.988 0.002 0.007
0.001 0.987 0.006 0.005
0.010 0.985 0.002 0.003
0.005 0.978 0.004 0.013
0.001 0.991 0.003 0.005
0.001 0.921 0.025 0.052
0.011 0.978 0.004 0.007
0.003 0.987 0.003 0.006
0.002 0.973 0.015 0.010
0.002 0.992 0.002 0.004
0.008 0.963 0.021 0.008
0.001 0.991 0.002 0.005
0.006 0.985 0.003 0.006
0.005 0.842 0.001 0.152
0.077 0.003 0.826 0.094
0.002 0.001 0.480 0.517
0.030 0.032 0.889 0.050
0.453 0.003 0.499 0.045
0.128 0.001 0.868 0.004
0.437 0.001 0.560 0.002
0.005 0.003 0.991 0.002
0.001 0.002 0.995 0.001
0.492 0.499 0.006 0.003
0.277 0.656 0.004 0.064
0.079 0.015 0.803 0.103
0.001 0.001 0.995 0.003
0.061 0.014 0.855 0.070
0.195 0.015 0.702 0.088
0.002 0.002 0.993 0.003
0.464 0.518 0.001 0.017
0.627 0.333 0.002 0.038
0.175 0.746 0.007 0.072
0.211 0.589 0.001 0.199
0.316 0.682 0.002 0.001
0.254 0.369 0.259 0.119
0.099 0.717 0.026 0.158
0.379 0.556 0.002 0.064
0.507 0.485 0.001 0.007
0.377 0.397 0.187 0.039
0.538 0.455 0.002 0.005
0.335 0.640 0.003 0.022
0.265 0.640 0.001 0.094
0.641 0.298 0.010 0.050
0.385 0.610 0.002 0.002
0.347 0.454 0.075 0.124
0.002 0.819 0.007 0.172
0.266 0.604 0.011 0.118
0.436 0.385 0.178 0.001
0.264 0.658 0.002 0.077
0.251 0.717 0.003 0.029
0.211 0.610 0.003 0.176
0.407 0.575 0.005 0.013
0.238 0.639 0.003 0.120
0.002 0.001 0.996 0.001
0.001 0.001 0.998 0.001
0.182 0.701 0.015 0.103
0.029 0.296 0.498 0.178
0.693 0.293 0.008 0.006
0.003 0.638 0.001 0.359
0.491 0.500 0.009 0.000
0.482 0.260 0.253 0.004
0.402 0.592 0.002 0.004
0.199 0.600 0.001 0.200
0.500 0.496 0.001 0.004
0.529 0.469 0.001 0.002
0.530 0.401 0.001 0.068
0.600 0.323 0.003 0.074
0.328 0.668 0.001 0.004
0.133 0.001 0.863 0.004
0.141 0.002 0.855 0.002
0.667 0.000 0.330 0.003
0.321 0.135 0.540 0.004
0.038 0.085 0.840 0.036
0.474 0.517 0.004 0.005
0.039 0.726 0.009 0.226
0.210 0.585 0.003 0.203
0.321 0.598 0.001 0.080
0.204 0.769 0.016 0.012
0.378 0.326 0.294 0.001
0.228 0.678 0.002 0.092
0.005 0.006 0.970 0.019
0.356 0.004 0.640 0.000
0.001 0.002 0.996 0.002
0.002 0.001 0.996 0.001
0.002 0.001 0.996 0.001
0.003 0.978 0.017 0.002
0.001 0.991 0.001 0.007
0.002 0.991 0.002 0.005
0.010 0.937 0.020 0.032
0.007 0.987 0.002 0.004
0.001 0.996 0.002 0.001
0.056 0.902 0.013 0.029
0.005 0.980 0.008 0.007
0.013 0.959 0.004 0.025
0.004 0.990 0.003 0.002
0.005 0.992 0.001 0.002
0.004 0.991 0.001 0.004
0.004 0.989 0.003 0.004
0.006 0.987 0.004 0.003
0.022 0.959 0.006 0.014
0.002 0.993 0.002 0.004
0.003 0.979 0.016 0.002
0.337 0.001 0.641 0.021
0.055 0.004 0.927 0.013
0.001 0.001 0.997 0.001
0.046 0.006 0.946 0.001
0.031 0.944 0.014 0.010
0.025 0.923 0.026 0.027
0.024 0.878 0.008 0.089
0.004 0.794 0.001 0.201
0.005 0.930 0.007 0.058
0.009 0.956 0.014 0.022
0.005 0.962 0.025 0.007
0.003 0.966 0.026 0.005
0.003 0.656 0.003 0.338
0.001 0.982 0.005 0.012
0.013 0.982 0.002 0.003
0.005 0.987 0.001 0.007
0.001 0.981 0.007 0.011
0.002 0.993 0.002 0.003
0.013 0.965 0.009 0.013
0.011 0.982 0.004 0.003
0.003 0.991 0.004 0.003
0.001 0.987 0.004 0.008
0.006 0.976 0.008 0.010
0.001 0.996 0.001 0.002
0.007 0.975 0.013 0.005
0.436 0.551 0.010 0.002
0.484 0.509 0.001 0.006
0.003 0.001 0.995 0.002
0.255 0.719 0.012 0.014
0.376 0.613 0.001 0.009
0.238 0.743 0.002 0.017
0.024 0.014 0.926 0.036
0.004 0.001 0.994 0.001
0.006 0.001 0.990 0.003
0.005 0.940 0.011 0.043
0.001 0.996 0.001 0.003
0.002 0.993 0.002 0.004
0.009 0.976 0.005 0.010
0.004 0.986 0.002 0.008
0.002 0.991 0.002 0.005
0.005 0.989 0.003 0.003
0.009 0.887 0.058 0.046
0.008 0.960 0.027 0.005
0.017 0.958 0.009 0.016
0.006 0.984 0.008 0.002
0.003 0.973 0.004 0.020
0.025 0.917 0.006 0.051
0.002 0.994 0.002 0.002
0.006 0.953 0.006 0.036
0.005 0.943 0.002 0.050
0.001 0.996 0.001 0.002
0.013 0.102 0.848 0.037
0.152 0.011 0.828 0.008
0.495 0.419 0.002 0.084
0.221 0.624 0.001 0.153
0.115 0.686 0.001 0.198
0.013 0.937 0.003 0.047
0.002 0.987 0.003 0.008
0.004 0.982 0.005 0.009
0.001 0.996 0.001 0.002
0.001 0.993 0.002 0.004
0.004 0.989 0.002 0.005
0.002 0.989 0.004 0.005
0.003 0.985 0.001 0.010
0.006 0.987 0.003 0.004
0.001 0.985 0.001 0.012
0.023 0.960 0.001 0.016
0.000 0.996 0.002 0.002
0.004 0.985 0.005 0.006
0.001 0.994 0.001 0.004
0.001 0.996 0.001 0.002
0.001 0.997 0.001 0.001
0.018 0.958 0.005 0.018
0.002 0.994 0.002 0.003
0.003 0.982 0.009 0.006
0.001 0.995 0.001 0.003
0.997 0.001 0.001 0.002
0.944 0.001 0.003 0.052
0.994 0.001 0.002 0.003
0.986 0.002 0.003 0.009
0.988 0.002 0.002 0.008
0.995 0.001 0.002 0.003
0.989 0.001 0.006 0.004
0.986 0.002 0.004 0.007
0.996 0.001 0.001 0.001
0.992 0.001 0.001 0.005
0.987 0.001 0.001 0.011
0.979 0.004 0.008 0.009
0.995 0.001 0.002 0.002
0.974 0.000 0.022 0.003
0.010 0.921 0.048 0.021
0.718 0.247 0.002 0.033
0.544 0.162 0.001 0.293
0.001 0.001 0.996 0.002
0.428 0.005 0.566 0.002
0.196 0.801 0.002 0.001
0.563 0.403 0.002 0.032
0.301 0.629 0.003 0.066
0.524 0.471 0.001 0.003
0.317 0.547 0.016 0.120
0.282 0.598 0.001 0.119
0.255 0.731 0.000 0.013
0.035 0.468 0.216 0.281
0.206 0.766 0.001 0.027
0.404 0.590 0.004 0.003
0.078 0.729 0.001 0.192
0.227 0.000 0.747 0.026
0.075 0.001 0.917 0.007
0.131 0.011 0.842 0.016
0.134 0.001 0.848 0.017
0.352 0.641 0.004 0.003
0.391 0.533 0.006 0.070
0.249 0.688 0.005 0.057
0.392 0.556 0.003 0.049
0.608 0.364 0.006 0.022
0.318 0.522 0.011 0.149
0.190 0.641 0.008 0.161
0.496 0.381 0.022 0.101
0.003 0.121 0.825 0.052
0.004 0.001 0.991 0.004
0.002 0.001 0.994 0.003
0.526 0.450 0.001 0.022
0.108 0.001 0.883 0.008
0.001 0.001 0.998 0.001
0.001 0.000 0.998 0.001
0.007 0.001 0.984 0.008
0.065 0.066 0.778 0.091
0.001 0.002 0.997 0.000
0.001 0.001 0.997 0.001
0.101 0.009 0.866 0.024
0.002 0.001 0.996 0.001
0.400 0.005 0.595 0.000
0.001 0.002 0.996 0.001
0.006 0.004 0.974 0.016
0.246 0.001 0.740 0.013
0.512 0.482 0.004 0.002
0.404 0.556 0.001 0.038
0.006 0.987 0.001 0.005
0.003 0.987 0.004 0.006
0.002 0.985 0.002 0.010
0.002 0.994 0.002 0.002
0.001 0.997 0.001 0.001
0.002 0.995 0.003 0.001
0.004 0.993 0.000 0.003
0.003 0.993 0.003 0.001
0.004 0.988 0.004 0.004
0.007 0.972 0.008 0.014
0.001 0.991 0.002 0.007
0.005 0.983 0.007 0.004
0.005 0.988 0.000 0.007
0.004 0.991 0.001 0.003
0.003 0.986 0.002 0.009
0.005 0.984 0.001 0.010
0.002 0.966 0.027 0.006
0.004 0.843 0.014 0.139
0.003 0.990 0.001 0.006
0.014 0.842 0.008 0.137
0.012 0.977 0.006 0.005
0.004 0.982 0.007 0.007
0.018 0.945 0.031 0.006
0.015 0.976 0.002 0.007
0.007 0.974 0.012 0.007
0.003 0.992 0.001 0.004
0.021 0.916 0.015 0.048
0.010 0.977 0.004 0.009
0.007 0.985 0.004 0.004
0.003 0.983 0.003 0.010
0.001 0.985 0.004 0.010
0.001 0.994 0.003 0.002
0.009 0.974 0.005 0.012
0.011 0.965 0.010 0.014
0.005 0.992 0.002 0.001
0.002 0.001 0.997 0.001
0.340 0.005 0.652 0.003
0.732 0.020 0.241 0.007
0.298 0.000 0.684 0.018
0.002 0.000 0.997 0.001
0.338 0.005 0.650 0.007
0.113 0.046 0.829 0.013
0.002 0.003 0.991 0.004
0.001 0.073 0.924 0.001
0.239 0.001 0.669 0.091
0.001 0.001 0.998 0.001
0.203 0.004 0.767 0.027
0.021 0.003 0.974 0.002
0.008 0.003 0.972 0.017
0.001 0.000 0.998 0.001
0.010 0.005 0.982 0.004
0.003 0.001 0.995 0.001
0.001 0.002 0.997 0.000
0.004 0.000 0.995 0.001
0.396 0.000 0.599 0.004
0.002 0.001 0.995 0.002
0.019 0.042 0.917 0.022
0.001 0.001 0.997 0.001
0.557 0.010 0.433 0.001
0.001 0.000 0.998 0.001
0.004 0.002 0.002 0.992
0.065 0.004 0.002 0.930
0.320 0.001 0.002 0.676
0.508 0.002 0.001 0.489
0.000 0.001 0.998 0.001
0.004 0.040 0.953 0.003
0.002 0.008 0.967 0.024
0.502 0.022 0.476 0.000
0.325 0.001 0.656 0.018
0.419 0.005 0.519 0.057
0.000 0.001 0.998 0.000
0.006 0.985 0.002 0.007
0.001 0.993 0.003 0.002
0.002 0.988 0.008 0.002
0.003 0.989 0.001 0.008
0.001 0.001 0.997 0.001
0.002 0.001 0.993 0.003
0.006 0.001 0.980 0.013
0.196 0.010 0.722 0.072
0.004 0.002 0.991 0.003
0.002 0.001 0.996 0.001
0.004 0.121 0.870 0.005
0.002 0.002 0.995 0.002
0.165 0.001 0.833 0.001
0.018 0.007 0.973 0.002
0.008 0.005 0.976 0.011
0.000 0.000 0.999 0.000
0.004 0.002 0.988 0.006
0.005 0.001 0.986 0.008
0.003 0.004 0.983 0.010
0.004 0.001 0.991 0.004
0.001 0.002 0.996 0.001
0.001 0.000 0.998 0.001
0.001 0.001 0.996 0.002
0.004 0.001 0.994 0.001
0.001 0.003 0.982 0.014
0.002 0.001 0.995 0.002
0.048 0.024 0.919 0.009
0.001 0.001 0.997 0.001
0.007 0.003 0.979 0.010
0.001 0.000 0.998 0.001
0.001 0.001 0.997 0.001
0.406 0.001 0.002 0.592
0.084 0.004 0.019 0.893
0.147 0.092 0.012 0.749
0.124 0.002 0.023 0.850
0.026 0.004 0.001 0.969
0.007 0.001 0.988 0.004
0.002 0.001 0.992 0.005
0.042 0.006 0.933 0.020
0.011 0.003 0.979 0.007
0.029 0.004 0.960 0.007
0.001 0.001 0.998 0.000
0.002 0.003 0.990 0.005
0.003 0.000 0.996 0.001
0.010 0.006 0.979 0.005
0.007 0.000 0.989 0.003
0.006 0.003 0.984 0.007
0.019 0.013 0.958 0.010
0.002 0.001 0.995 0.002
0.001 0.001 0.997 0.002
0.000 0.001 0.998 0.001
0.004 0.002 0.994 0.001
0.156 0.002 0.004 0.839
0.045 0.001 0.002 0.953
0.328 0.005 0.027 0.640
0.406 0.042 0.002 0.551
0.021 0.001 0.011 0.968
0.075 0.012 0.001 0.912
0.338 0.001 0.001 0.660
0.343 0.001 0.002 0.654
0.016 0.001 0.003 0.980
0.011 0.003 0.001 0.985
0.003 0.002 0.984 0.011
0.002 0.001 0.994 0.003
0.004 0.005 0.978 0.013
0.002 0.002 0.994 0.002
0.002 0.001 0.995 0.002
0.001 0.001 0.998 0.001
0.353 0.002 0.005 0.641
0.053 0.002 0.007 0.938
0.003 0.001 0.007 0.989
0.009 0.007 0.007 0.977
0.008 0.001 0.005 0.987
0.001 0.003 0.002 0.995
0.281 0.002 0.006 0.710
0.098 0.001 0.006 0.895
0.076 0.003 0.003 0.918
0.159 0.002 0.009 0.830
0.391 0.004 0.001 0.604
0.331 0.008 0.001 0.661
0.097 0.003 0.024 0.876
0.008 0.008 0.973 0.010
0.004 0.001 0.993 0.002
0.002 0.001 0.992 0.005
0.011 0.002 0.984 0.003
0.001 0.001 0.997 0.002
0.007 0.006 0.983 0.004
0.004 0.002 0.001 0.993
0.002 0.002 0.001 0.994
0.025 0.019 0.003 0.953
0.330 0.003 0.003 0.664
0.022 0.006 0.023 0.950
0.349 0.011 0.002 0.639
0.017 0.007 0.061 0.915
0.326 0.002 0.006 0.665
0.055 0.002 0.002 0.941
0.003 0.000 0.996 0.002
0.005 0.021 0.966 0.008
0.002 0.000 0.997 0.001
0.001 0.001 0.998 0.001
0.010 0.003 0.973 0.014
0.001 0.002 0.996 0.001
0.001 0.001 0.994 0.004
0.001 0.000 0.997 0.001
0.001 0.000 0.997 0.001
0.016 0.001 0.003 0.981
0.012 0.002 0.001 0.985
0.013 0.011 0.007 0.969
0.238 0.002 0.001 0.758
0.189 0.002 0.003 0.806
0.012 0.001 0.004 0.984
0.004 0.013 0.001 0.982
0.008 0.004 0.001 0.987
0.295 0.019 0.023 0.663
0.004 0.007 0.017 0.972
0.004 0.007 0.003 0.986
0.017 0.007 0.009 0.967
0.008 0.002 0.988 0.002
0.017 0.003 0.969 0.011
0.002 0.002 0.992 0.003
0.000 0.001 0.997 0.002
0.005 0.001 0.993 0.002
0.001 0.001 0.998 0.001
0.054 0.014 0.884 0.047
0.200 0.004 0.796 0.001
0.002 0.002 0.992 0.004
0.063 0.002 0.930 0.005
0.008 0.003 0.984 0.005
0.013 0.002 0.982 0.003
0.007 0.003 0.988 0.002
0.007 0.001 0.990 0.003
0.005 0.004 0.985 0.006
0.003 0.001 0.996 0.001
0.001 0.000 0.999 0.000
0.027 0.006 0.949 0.018
0.004 0.002 0.992 0.001
0.002 0.001 0.996 0.002
0.001 0.001 0.998 0.001
0.002 0.001 0.995 0.001
0.008 0.002 0.969 0.020
0.002 0.000 0.997 0.001
0.006 0.001 0.993 0.000
0.005 0.013 0.970 0.012
0.001 0.001 0.994 0.003
0.003 0.001 0.994 0.002
0.002 0.001 0.993 0.004
0.075 0.002 0.904 0.019
0.040 0.021 0.894 0.045
0.005 0.001 0.994 0.001
0.002 0.001 0.996 0.001
0.000 0.000 0.999 0.000
0.010 0.003 0.969 0.018
0.001 0.000 0.997 0.001
0.003 0.006 0.991 0.001
0.001 0.001 0.996 0.002
0.002 0.002 0.994 0.002
0.001 0.001 0.996 0.002
0.002 0.001 0.997 0.001
0.002 0.001 0.995 0.002
0.001 0.001 0.996 0.002
0.003 0.001 0.996 0.000
0.005 0.001 0.993 0.001
0.007 0.001 0.990 0.002
0.002 0.001 0.997 0.001
0.000 0.001 0.998 0.001
0.003 0.009 0.986 0.002
0.001 0.001 0.996 0.001
0.001 0.001 0.996 0.001
0.001 0.001 0.997 0.001
0.001 0.001 0.998 0.001
0.001 0.002 0.997 0.001
0.000 0.000 0.999 0.001
0.000 0.001 0.997 0.002
0.003 0.003 0.987 0.007
0.012 0.006 0.960 0.022
0.003 0.259 0.001 0.738
0.001 0.001 0.002 0.996
0.003 0.064 0.001 0.932
0.002 0.018 0.000 0.980
0.151 0.004 0.005 0.841
0.219 0.001 0.005 0.776
0.003 0.003 0.001 0.993
0.134 0.003 0.001 0.862
0.132 0.007 0.006 0.855
0.205 0.005 0.017 0.774
0.018 0.002 0.976 0.004
0.005 0.001 0.992 0.002
0.014 0.003 0.972 0.011
0.004 0.002 0.985 0.009
0.002 0.000 0.997 0.001
0.005 0.001 0.992 0.002
0.002 0.004 0.992 0.003
0.001 0.000 0.998 0.001
0.003 0.001 0.995 0.001
0.017 0.001 0.974 0.008
0.004 0.004 0.985 0.006
0.001 0.001 0.996 0.002
0.003 0.003 0.991 0.003
0.002 0.001 0.996 0.001
0.002 0.001 0.997 0.000
0.002 0.001 0.996 0.001
0.001 0.005 0.993 0.001
0.001 0.000 0.998 0.001
0.019 0.001 0.973 0.007
0.003 0.002 0.993 0.002
0.000 0.001 0.997 0.001
0.001 0.001 0.995 0.003
0.002 0.002 0.994 0.002
0.001 0.000 0.998 0.001
0.001 0.001 0.996 0.002
0.001 0.001 0.996 0.001
0.037 0.001 0.959 0.003
0.002 0.001 0.997 0.001
0.001 0.000 0.996 0.002
0.002 0.001 0.996 0.001
0.005 0.014 0.977 0.004
0.005 0.001 0.991 0.003
0.048 0.009 0.919 0.024
0.001 0.002 0.996 0.001
0.002 0.001 0.996 0.000
0.001 0.000 0.998 0.000
0.001 0.001 0.997 0.001
0.001 0.000 0.998 0.001
0.002 0.000 0.997 0.001
0.000 0.001 0.998 0.000
0.004 0.001 0.988 0.007
0.001 0.001 0.995 0.002
0.001 0.001 0.997 0.001
0.001 0.005 0.990 0.004
0.001 0.001 0.998 0.000
0.001 0.001 0.997 0.001
0.001 0.001 0.997 0.002
0.003 0.001 0.991 0.005
0.001 0.001 0.998 0.000
0.001 0.000 0.997 0.001
0.001 0.001 0.995 0.003
0.001 0.001 0.997 0.001
0.002 0.003 0.994 0.001
0.004 0.001 0.994 0.001
0.001 0.002 0.995 0.002
0.001 0.001 0.997 0.002
0.008 0.002 0.988 0.002
0.010 0.002 0.980 0.008
0.001 0.001 0.998 0.001
0.001 0.001 0.997 0.001
0.002 0.002 0.996 0.001
0.001 0.000 0.998 0.001
0.001 0.001 0.998 0.001
0.002 0.001 0.994 0.002
0.002 0.002 0.995 0.002
0.004 0.001 0.994 0.001
0.001 0.002 0.997 0.000
0.001 0.002 0.996 0.001
0.001 0.001 0.997 0.001
0.003 0.009 0.986 0.003
0.003 0.000 0.996 0.001
0.001 0.001 0.998 0.001
0.000 0.001 0.997 0.002
0.001 0.003 0.992 0.004
0.015 0.001 0.978 0.007
0.004 0.001 0.991 0.004
0.001 0.000 0.998 0.000
0.002 0.000 0.996 0.001
0.003 0.001 0.993 0.002
0.002 0.000 0.998 0.000
0.001 0.002 0.996 0.001
0.001 0.001 0.997 0.001
0.010 0.002 0.978 0.009
0.000 0.001 0.998 0.001
0.002 0.001 0.001 0.995
0.001 0.013 0.002 0.984
0.045 0.003 0.009 0.943
0.004 0.015 0.003 0.977
0.269 0.007 0.001 0.723
0.388 0.001 0.054 0.557
0.002 0.001 0.993 0.004
0.001 0.001 0.998 0.001
0.003 0.001 0.994 0.002
0.001 0.006 0.990 0.002
0.001 0.001 0.997 0.001
0.001 0.002 0.997 0.000
0.004 0.002 0.992 0.002
0.005 0.002 0.992 0.001
0.002 0.002 0.992 0.005
0.001 0.002 0.997 0.001
0.009 0.001 0.989 0.001
0.011 0.001 0.986 0.002
0.002 0.004 0.993 0.002
0.002 0.001 0.996 0.002
0.001 0.001 0.997 0.001
0.002 0.001 0.996 0.002
0.002 0.001 0.996 0.001
0.004 0.004 0.981 0.010
0.001 0.001 0.998 0.001
0.002 0.000 0.997 0.001
0.001 0.001 0.997 0.001
0.000 0.001 0.998 0.001
0.001 0.000 0.999 0.001
0.002 0.003 0.992 0.002
0.002 0.001 0.995 0.002
0.001 0.001 0.997 0.002
0.000 0.001 0.998 0.000
0.001 0.001 0.996 0.001
0.002 0.001 0.993 0.004
0.001 0.000 0.998 0.000
0.001 0.001 0.997 0.002
0.002 0.001 0.995 0.001
0.001 0.000 0.996 0.003
0.001 0.000 0.997 0.001
0.000 0.000 0.999 0.001
0.001 0.000 0.998 0.001
0.001 0.001 0.997 0.001
0.003 0.002 0.993 0.002
0.001 0.000 0.998 0.001
0.001 0.001 0.998 0.001
0.002 0.002 0.995 0.001
0.001 0.001 0.997 0.001
0.001 0.001 0.997 0.001
0.008 0.004 0.986 0.002
0.002 0.007 0.984 0.006
0.002 0.001 0.995 0.002
0.013 0.004 0.970 0.013
0.002 0.000 0.997 0.000
0.005 0.004 0.989 0.001
0.002 0.001 0.993 0.004
0.003 0.001 0.996 0.000
0.002 0.001 0.995 0.001
0.001 0.001 0.997 0.001
0.002 0.000 0.996 0.002
0.002 0.001 0.995 0.003
0.001 0.000 0.997 0.001
0.001 0.002 0.995 0.002
0.000 0.000 0.998 0.002
0.001 0.002 0.996 0.001
0.004 0.001 0.994 0.001
0.002 0.001 0.995 0.003
0.005 0.001 0.991 0.003
0.001 0.001 0.997 0.002
0.006 0.007 0.956 0.032
0.003 0.001 0.995 0.001
0.003 0.002 0.992 0.003
0.000 0.001 0.998 0.001
0.003 0.002 0.991 0.004
0.001 0.001 0.997 0.001
0.001 0.000 0.998 0.001
0.001 0.000 0.997 0.001
0.001 0.005 0.993 0.001
0.000 0.001 0.996 0.002
0.001 0.000 0.997 0.001
0.013 0.004 0.002 0.981
0.208 0.008 0.005 0.779
0.004 0.003 0.015 0.978
0.014 0.002 0.975 0.009
0.001 0.001 0.997 0.001
0.012 0.001 0.986 0.001
0.001 0.001 0.996 0.001
0.001 0.001 0.997 0.001
0.001 0.003 0.994 0.001
0.001 0.001 0.997 0.001
0.000 0.001 0.998 0.001
0.003 0.002 0.991 0.003
0.002 0.001 0.993 0.003
0.007 0.008 0.979 0.006
0.000 0.000 0.998 0.001
0.004 0.004 0.986 0.006
0.003 0.002 0.995 0.001
0.013 0.001 0.979 0.007
0.002 0.002 0.993 0.003
0.000 0.000 0.998 0.001
0.043 0.002 0.945 0.010
0.006 0.003 0.988 0.003
0.001 0.001 0.993 0.004
0.001 0.001 0.998 0.001
0.000 0.000 0.998 0.001
0.002 0.001 0.997 0.001
0.003 0.002 0.995 0.001
0.004 0.001 0.994 0.001
0.033 0.004 0.002 0.961
0.003 0.021 0.014 0.963
0.007 0.047 0.005 0.941
0.022 0.003 0.002 0.973
0.001 0.230 0.009 0.759
0.001 0.004 0.009 0.987
0.005 0.003 0.003 0.989
0.001 0.010 0.001 0.989
0.145 0.178 0.002 0.674
0.016 0.013 0.004 0.967
0.012 0.036 0.001 0.952
0.038 0.020 0.003 0.939
0.004 0.190 0.001 0.805
0.398 0.008 0.011 0.583
0.295 0.002 0.001 0.702
0.083 0.010 0.003 0.905
0.046 0.003 0.010 0.941
0.502 0.002 0.002 0.495
0.020 0.006 0.002 0.972
0.230 0.027 0.003 0.740
0.007 0.002 0.003 0.988
0.003 0.005 0.006 0.986
0.006 0.002 0.002 0.990
0.003 0.045 0.003 0.950
0.002 0.005 0.003 0.990
0.002 0.042 0.007 0.949
0.122 0.009 0.004 0.865
0.071 0.022 0.003 0.904
0.108 0.003 0.016 0.874
0.002 0.006 0.012 0.980
0.004 0.005 0.002 0.988
0.015 0.046 0.003 0.936
0.009 0.005 0.010 0.977
0.001 0.003 0.002 0.994
0.006 0.002 0.007 0.985
0.004 0.011 0.002 0.983
0.003 0.009 0.001 0.987
0.006 0.002 0.011 0.980
0.002 0.003 0.008 0.987
0.009 0.005 0.001 0.985
0.010 0.003 0.121 0.865
0.013 0.008 0.005 0.974
0.004 0.003 0.003 0.990
0.011 0.004 0.001 0.984
0.002 0.003 0.002 0.993
0.006 0.015 0.001 0.978
0.002 0.052 0.002 0.944
0.235 0.010 0.007 0.749
0.005 0.007 0.003 0.985
0.003 0.027 0.003 0.968
0.010 0.011 0.006 0.973
0.005 0.010 0.002 0.983
0.011 0.004 0.052 0.932
0.003 0.004 0.007 0.986
0.008 0.002 0.004 0.986
0.106 0.002 0.075 0.818
0.004 0.011 0.010 0.975
0.001 0.017 0.002 0.981
0.007 0.001 0.008 0.984
0.008 0.005 0.009 0.978
0.245 0.036 0.001 0.718
0.005 0.004 0.002 0.989
0.001 0.005 0.004 0.990
0.007 0.007 0.005 0.980
0.002 0.011 0.003 0.984
0.005 0.007 0.005 0.983
0.085 0.001 0.000 0.913
0.001 0.023 0.001 0.975
0.003 0.009 0.004 0.984
0.005 0.007 0.010 0.979
0.003 0.006 0.001 0.990
0.007 0.004 0.001 0.988
0.004 0.002 0.006 0.988
0.019 0.003 0.003 0.976
0.014 0.007 0.000 0.979
0.002 0.178 0.011 0.809
0.016 0.006 0.001 0.976
0.003 0.003 0.003 0.992
0.002 0.001 0.001 0.996
0.041 0.004 0.002 0.953
0.002 0.007 0.002 0.990
0.003 0.002 0.002 0.993
0.000 0.010 0.004 0.986
0.005 0.009 0.003 0.984
0.001 0.002 0.006 0.991
0.006 0.004 0.006 0.984
0.002 0.008 0.003 0.987
0.003 0.002 0.002 0.994
0.003 0.263 0.003 0.730
0.256 0.019 0.030 0.696
0.156 0.003 0.001 0.839
0.010 0.001 0.019 0.970
0.002 0.003 0.002 0.994
0.002 0.002 0.002 0.994
0.008 0.004 0.008 0.981
0.069 0.005 0.007 0.918
0.014 0.003 0.041 0.942
0.004 0.004 0.006 0.985
0.010 0.003 0.003 0.984
0.004 0.003 0.001 0.991
0.009 0.007 0.002 0.983
0.019 0.020 0.003 0.958
0.003 0.002 0.008 0.988
0.002 0.003 0.003 0.991
0.005 0.002 0.001 0.992
0.011 0.003 0.001 0.986
0.034 0.006 0.034 0.926
0.015 0.002 0.000 0.982
0.030 0.020 0.002 0.948
0.027 0.001 0.004 0.969
0.003 0.007 0.006 0.984
0.002 0.021 0.003 0.974
0.001 0.127 0.059 0.813
0.002 0.052 0.004 0.942
0.008 0.021 0.002 0.969
0.001 0.002 0.016 0.981
0.027 0.167 0.020 0.785
0.120 0.249 0.012 0.619
0.008 0.225 0.001 0.766
0.011 0.016 0.002 0.971
0.016 0.221 0.003 0.760
0.019 0.278 0.006 0.697
0.003 0.004 0.003 0.990
0.002 0.101 0.005 0.892
0.003 0.148 0.001 0.848
0.006 0.151 0.006 0.838
0.031 0.024 0.003 0.942
0.001 0.034 0.002 0.963
0.004 0.302 0.001 0.693
0.002 0.163 0.004 0.831
0.003 0.007 0.003 0.987
0.007 0.003 0.001 0.989
0.001 0.007 0.008 0.984
0.019 0.002 0.009 0.969
0.004 0.007 0.001 0.988
0.016 0.003 0.005 0.975
0.005 0.044 0.001 0.950
0.002 0.002 0.012 0.984
0.006 0.004 0.003 0.988
0.003 0.003 0.002 0.991
0.002 0.008 0.003 0.987
0.004 0.006 0.005 0.985
0.002 0.012 0.002 0.985
0.002 0.017 0.002 0.978
0.005 0.001 0.002 0.993
0.004 0.015 0.011 0.969
0.006 0.010 0.002 0.981
0.010 0.001 0.004 0.986
0.332 0.005 0.034 0.630
0.001 0.004 0.005 0.990
0.005 0.006 0.047 0.943
0.001 0.008 0.002 0.989
0.003 0.008 0.001 0.989
0.025 0.007 0.005 0.963
0.002 0.005 0.001 0.992
0.010 0.003 0.010 0.976
0.003 0.118 0.004 0.876
0.180 0.003 0.049 0.767
0.103 0.002 0.002 0.893
0.004 0.002 0.001 0.993
0.012 0.002 0.004 0.982
0.006 0.002 0.001 0.991
0.006 0.003 0.008 0.983
0.035 0.003 0.014 0.948
0.021 0.002 0.011 0.966
0.021 0.002 0.038 0.939
0.009 0.003 0.005 0.983
0.010 0.005 0.005 0.981
0.002 0.007 0.001 0.990
0.002 0.002 0.002 0.994
0.122 0.001 0.029 0.847
0.047 0.001 0.005 0.947
0.002 0.005 0.002 0.992
0.003 0.023 0.005 0.969
0.006 0.194 0.004 0.796
0.002 0.070 0.001 0.927
0.029 0.016 0.002 0.953
0.011 0.007 0.002 0.980
0.033 0.056 0.060 0.852
0.004 0.001 0.001 0.994
0.002 0.013 0.001 0.983
0.003 0.080 0.001 0.916
0.015 0.004 0.005 0.976
0.002 0.228 0.004 0.766
0.006 0.102 0.001 0.891
0.020 0.002 0.005 0.973
0.003 0.002 0.001 0.994
0.043 0.053 0.005 0.898
0.004 0.185 0.025 0.786
0.003 0.114 0.002 0.881
0.003 0.072 0.004 0.921
0.005 0.002 0.006 0.987
0.003 0.001 0.003 0.993
0.009 0.003 0.001 0.987
0.037 0.010 0.005 0.948
0.003 0.014 0.004 0.980
0.007 0.035 0.003 0.955
0.013 0.010 0.006 0.971
0.008 0.004 0.003 0.986
0.062 0.002 0.024 0.911
0.002 0.049 0.011 0.938
0.013 0.005 0.003 0.978
0.032 0.003 0.019 0.945
0.003 0.006 0.005 0.986
0.002 0.010 0.016 0.971
0.017 0.002 0.001 0.980
0.001 0.001 0.001 0.997
0.002 0.018 0.001 0.979
0.006 0.001 0.003 0.990
0.008 0.003 0.001 0.987
0.008 0.003 0.002 0.986
0.006 0.006 0.002 0.986
0.036 0.019 0.004 0.941
0.000 0.003 0.001 0.995
0.002 0.003 0.000 0.995
0.009 0.001 0.001 0.989
0.005 0.010 0.002 0.983
0.062 0.004 0.018 0.916
0.002 0.005 0.003 0.990
0.003 0.001 0.002 0.993
0.013 0.002 0.035 0.951
0.006 0.012 0.004 0.979
0.002 0.004 0.008 0.986
0.008 0.001 0.002 0.990
