0.001 0.996 0.002 0.001
0.004 0.974 0.005 0.017
0.003 0.987 0.007 0.003
0.006 0.980 0.007 0.008
0.005 0.960 0.015 0.020
0.011 0.962 0.010 0.017
0.002 0.993 0.003 0.002
0.002 0.994 0.002 0.002
0.002 0.995 0.001 0.002
0.006 0.984 0.005 0.005
0.002 0.981 0.015 0.003
0.002 0.993 0.002 0.003
0.002 0.967 0.023 0.007
0.003 0.985 0.009 0.003
0.007 0.974 0.007 0.012
0.001 0.997 0.001 0.002
0.004 0.937 0.057 0.002
0.001 0.994 0.001 0.004
0.000 0.994 0.001 0.004
0.015 0.981 0.002 0.002
0.012 0.982 0.001 0.004
0.008 0.964 0.025 0.003
0.001 0.994 0.003 0.002
0.004 0.976 0.005 0.016
0.001 0.994 0.002 0.003
0.001 0.997 0.001 0.000
0.003 0.994 0.002 0.001
0.002 0.961 0.019 0.017
0.002 0.988 0.006 0.004
0.032 0.954 0.012 0.002
0.002 0.997 0.001 0.001
0.004 0.985 0.007 0.004
0.008 0.956 0.034 0.002
0.006 0.972 0.018 0.004
0.002 0.979 0.005 0.014
0.011 0.978 0.007 0.004
0.002 0.992 0.003 0.003
0.002 0.993 0.002 0.003
0.001 0.996 0.001 0.002
0.000 0.997 0.001 0.001
0.016 0.976 0.005 0.002
0.004 0.895 0.001 0.100
0.046 0.909 0.028 0.018
0.050 0.937 0.013 0.001
0.001 0.995 0.002 0.002
0.001 0.988 0.001 0.010
0.006 0.985 0.003 0.007
0.102 0.890 0.005 0.003
0.002 0.991 0.001 0.006
0.002 0.997 0.001 0.000
0.000 0.972 0.012 0.015
0.003 0.985 0.005 0.007
0.007 0.987 0.002 0.003
0.004 0.985 0.006 0.006
0.001 0.990 0.003 0.007
0.001 0.994 0.001 0.004
0.003 0.991 0.003 0.003
0.001 0.995 0.003 0.001
0.001 0.993 0.004 0.002
0.039 0.933 0.004 0.023
0.062 0.923 0.007 0.008
0.001 0.997 0.002 0.001
0.018 0.962 0.004 0.016
0.001 0.998 0.001 0.000
0.003 0.987 0.005 0.006
0.019 0.933 0.038 0.010
0.002 0.995 0.002 0.001
0.002 0.989 0.006 0.004
0.002 0.989 0.004 0.005
0.005 0.986 0.008 0.001
0.003 0.983 0.004 0.011
0.003 0.980 0.011 0.006
0.004 0.988 0.007 0.002
0.007 0.964 0.015 0.015
0.006 0.989 0.004 0.001
0.005 0.955 0.029 0.010
0.002 0.993 0.001 0.004
0.005 0.987 0.003 0.005
0.027 0.937 0.028 0.008
0.004 0.957 0.021 0.018
0.002 0.991 0.006 0.001
0.001 0.921 0.023 0.055
0.007 0.987 0.002 0.004
0.004 0.972 0.010 0.014
0.002 0.994 0.003 0.001
0.006 0.966 0.017 0.010
0.000 0.998 0.000 0.001
0.004 0.986 0.008 0.002
0.001 0.988 0.007 0.005
0.001 0.991 0.006 0.002
0.002 0.750 0.244 0.004
0.005 0.980 0.007 0.008
0.001 0.992 0.006 0.001
0.005 0.991 0.004 0.001
0.007 0.984 0.004 0.005
0.001 0.985 0.006 0.008
0.001 0.004 0.005 0.990
0.001 0.001 0.002 0.996
0.006 0.002 0.023 0.970
0.004 0.008 0.007 0.981
0.001 0.001 0.008 0.990
0.002 0.002 0.001 0.996
0.003 0.001 0.005 0.991
0.003 0.004 0.008 0.985
0.003 0.001 0.023 0.974
0.002 0.002 0.003 0.993
0.014 0.002 0.007 0.976
0.001 0.002 0.005 0.993
0.005 0.000 0.001 0.993
0.001 0.001 0.004 0.994
0.002 0.003 0.011 0.985
0.022 0.001 0.005 0.973
0.001 0.009 0.017 0.972
0.001 0.002 0.007 0.991
0.004 0.001 0.005 0.990
0.001 0.003 0.004 0.991
0.002 0.004 0.003 0.992
0.002 0.002 0.026 0.970
0.013 0.003 0.002 0.982
0.001 0.001 0.001 0.997
0.003 0.003 0.003 0.991
0.001 0.001 0.001 0.998
0.001 0.001 0.002 0.995
0.001 0.002 0.001 0.997
0.003 0.003 0.004 0.990
0.002 0.001 0.002 0.994
0.001 0.001 0.002 0.996
0.001 0.005 0.002 0.992
0.001 0.001 0.001 0.997
0.004 0.001 0.002 0.993
0.003 0.004 0.002 0.991
0.005 0.004 0.042 0.948
0.001 0.001 0.002 0.996
0.018 0.003 0.005 0.974
0.026 0.004 0.050 0.920
0.001 0.003 0.003 0.993
0.000 0.002 0.001 0.997
0.003 0.002 0.002 0.993
0.002 0.001 0.002 0.995
0.003 0.001 0.001 0.995
0.003 0.005 0.001 0.990
0.001 0.002 0.004 0.993
0.002 0.002 0.002 0.995
0.001 0.001 0.001 0.997
0.005 0.002 0.037 0.956
0.002 0.001 0.003 0.995
0.001 0.001 0.002 0.996
0.002 0.001 0.021 0.976
0.003 0.006 0.008 0.983
0.002 0.003 0.013 0.981
0.001 0.001 0.003 0.995
0.004 0.003 0.011 0.982
0.003 0.030 0.027 0.940
0.003 0.003 0.012 0.983
0.002 0.004 0.007 0.986
0.001 0.004 0.026 0.969
0.016 0.005 0.049 0.930
0.003 0.011 0.069 0.917
0.002 0.002 0.035 0.961
0.006 0.013 0.011 0.970
0.004 0.008 0.014 0.975
0.001 0.003 0.004 0.992
0.013 0.009 0.008 0.970
0.002 0.002 0.003 0.993
0.014 0.001 0.003 0.982
0.005 0.023 0.010 0.962
0.002 0.002 0.010 0.987
0.002 0.003 0.002 0.993
0.001 0.002 0.001 0.996
0.001 0.005 0.007 0.988
0.001 0.001 0.006 0.992
0.002 0.004 0.038 0.956
0.004 0.006 0.026 0.963
0.000 0.001 0.006 0.992
0.004 0.002 0.004 0.990
0.002 0.001 0.004 0.993
0.018 0.001 0.002 0.979
0.000 0.001 0.003 0.995
0.001 0.002 0.131 0.867
0.001 0.001 0.001 0.997
0.002 0.001 0.001 0.997
0.004 0.006 0.004 0.985
0.003 0.007 0.011 0.978
0.007 0.008 0.010 0.975
0.002 0.002 0.005 0.991
0.001 0.001 0.002 0.996
0.006 0.001 0.003 0.991
0.001 0.001 0.001 0.997
0.002 0.003 0.003 0.992
0.000 0.009 0.001 0.990
0.002 0.001 0.012 0.984
0.001 0.001 0.015 0.983
0.001 0.002 0.004 0.993
0.007 0.008 0.009 0.976
0.001 0.002 0.003 0.994
0.003 0.001 0.005 0.991
0.006 0.003 0.013 0.978
0.002 0.001 0.003 0.994
0.002 0.004 0.016 0.977
0.001 0.169 0.010 0.820
0.002 0.039 0.009 0.951
0.001 0.001 0.002 0.996
0.010 0.004 0.009 0.977
0.001 0.052 0.007 0.940
0.001 0.053 0.001 0.945
0.001 0.080 0.006 0.913
0.001 0.038 0.020 0.942
0.004 0.014 0.016 0.967
0.004 0.012 0.405 0.579
0.001 0.003 0.006 0.990
0.002 0.013 0.024 0.961
0.003 0.061 0.005 0.931
0.003 0.006 0.031 0.959
0.003 0.039 0.010 0.947
0.002 0.008 0.005 0.985
0.002 0.001 0.008 0.989
0.002 0.014 0.053 0.931
0.001 0.004 0.055 0.940
0.014 0.015 0.006 0.965
0.001 0.001 0.002 0.996
0.003 0.004 0.004 0.989
0.003 0.001 0.012 0.984
0.001 0.048 0.010 0.940
0.004 0.009 0.005 0.982
0.001 0.002 0.000 0.997
0.000 0.204 0.072 0.724
0.001 0.000 0.001 0.997
0.001 0.018 0.005 0.976
0.006 0.095 0.250 0.649
0.004 0.177 0.012 0.807
0.002 0.005 0.029 0.964
0.011 0.016 0.022 0.951
0.004 0.004 0.004 0.989
0.004 0.056 0.024 0.916
0.013 0.003 0.001 0.983
0.001 0.001 0.003 0.995
0.003 0.115 0.068 0.814
0.000 0.019 0.011 0.970
0.002 0.014 0.016 0.969
0.003 0.005 0.007 0.984
0.009 0.002 0.001 0.988
0.002 0.006 0.006 0.986
0.002 0.008 0.012 0.978
0.005 0.079 0.017 0.899
0.024 0.007 0.003 0.966
0.002 0.003 0.005 0.989
0.003 0.053 0.039 0.905
0.004 0.007 0.116 0.873
0.002 0.007 0.016 0.975
0.002 0.048 0.003 0.946
0.003 0.002 0.008 0.987
0.001 0.005 0.007 0.987
0.002 0.018 0.027 0.953
0.001 0.001 0.004 0.994
0.002 0.015 0.410 0.573
0.020 0.006 0.025 0.949
0.001 0.007 0.011 0.981
0.008 0.004 0.002 0.986
0.002 0.002 0.010 0.986
0.009 0.009 0.016 0.965
0.003 0.061 0.031 0.905
0.006 0.021 0.027 0.946
0.010 0.040 0.070 0.881
0.000 0.009 0.009 0.982
0.002 0.010 0.090 0.898
0.042 0.010 0.014 0.934
0.002 0.002 0.002 0.994
0.001 0.063 0.054 0.882
0.001 0.001 0.003 0.995
0.002 0.004 0.006 0.988
0.002 0.111 0.006 0.881
0.002 0.015 0.013 0.970
0.001 0.001 0.010 0.988
0.001 0.008 0.010 0.981
0.004 0.007 0.003 0.986
0.021 0.013 0.028 0.938
0.007 0.118 0.013 0.863
0.001 0.003 0.004 0.993
0.001 0.019 0.004 0.976
0.006 0.008 0.012 0.974
0.008 0.001 0.002 0.989
0.009 0.986 0.003 0.002
0.002 0.997 0.001 0.001
0.002 0.977 0.006 0.014
0.001 0.986 0.004 0.009
0.007 0.991 0.001 0.001
0.003 0.987 0.009 0.001
0.006 0.981 0.004 0.009
0.002 0.996 0.001 0.001
0.002 0.984 0.008 0.005
0.001 0.996 0.002 0.001
0.001 0.981 0.011 0.007
0.001 0.985 0.008 0.006
0.001 0.994 0.003 0.003
0.001 0.998 0.001 0.001
0.006 0.991 0.001 0.002
0.002 0.995 0.001 0.002
0.006 0.992 0.001 0.001
0.001 0.995 0.001 0.003
0.001 0.986 0.009 0.004
0.003 0.987 0.006 0.003
0.010 0.980 0.005 0.005
0.002 0.991 0.002 0.005
0.009 0.974 0.013 0.004
0.001 0.980 0.015 0.005
0.003 0.982 0.010 0.004
0.001 0.963 0.034 0.002
0.002 0.988 0.006 0.004
0.001 0.989 0.005 0.005
0.008 0.985 0.004 0.002
0.003 0.986 0.008 0.003
0.001 0.992 0.004 0.003
0.002 0.949 0.022 0.027
0.006 0.991 0.001 0.002
0.002 0.993 0.002 0.003
0.012 0.932 0.037 0.019
0.002 0.994 0.001 0.004
0.001 0.986 0.008 0.005
0.002 0.937 0.016 0.046
0.013 0.983 0.002 0.001
0.001 0.992 0.004 0.003
0.001 0.996 0.001 0.002
0.001 0.979 0.019 0.001
0.014 0.002 0.004 0.980
0.375 0.007 0.036 0.582
0.002 0.002 0.002 0.995
0.007 0.983 0.005 0.005
0.001 0.996 0.001 0.002
0.002 0.992 0.001 0.005
0.002 0.995 0.002 0.001
0.001 0.992 0.005 0.002
0.001 0.996 0.003 0.001
0.002 0.997 0.001 0.001
0.006 0.956 0.025 0.012
0.002 0.989 0.002 0.007
0.002 0.993 0.004 0.001
0.001 0.985 0.006 0.008
0.006 0.958 0.032 0.004
0.001 0.993 0.004 0.002
0.002 0.987 0.006 0.005
0.000 0.998 0.001 0.000
0.002 0.996 0.001 0.002
0.001 0.994 0.001 0.004
0.001 0.994 0.001 0.004
0.001 0.997 0.001 0.001
0.002 0.994 0.002 0.001
0.005 0.986 0.005 0.004
0.004 0.992 0.001 0.003
0.001 0.990 0.006 0.003
0.008 0.986 0.004 0.001
0.001 0.995 0.003 0.001
0.002 0.993 0.004 0.001
0.003 0.969 0.020 0.008
0.002 0.994 0.002 0.002
0.012 0.974 0.010 0.004
0.001 0.993 0.004 0.002
0.003 0.990 0.004 0.003
0.003 0.974 0.009 0.015
0.006 0.985 0.003 0.006
0.001 0.995 0.002 0.002
0.008 0.985 0.001 0.006
0.148 0.002 0.281 0.569
0.008 0.246 0.001 0.745
0.007 0.034 0.027 0.932
0.013 0.095 0.014 0.879
0.003 0.969 0.016 0.012
0.002 0.924 0.072 0.002
0.001 0.989 0.006 0.003
0.002 0.980 0.009 0.009
0.001 0.994 0.004 0.001
0.013 0.956 0.005 0.026
0.004 0.993 0.001 0.003
0.003 0.991 0.005 0.001
0.001 0.994 0.002 0.003
0.004 0.983 0.008 0.005
0.001 0.971 0.026 0.002
0.002 0.992 0.004 0.003
0.001 0.997 0.001 0.002
0.002 0.991 0.002 0.005
0.002 0.994 0.002 0.001
0.026 0.919 0.046 0.008
0.001 0.994 0.003 0.002
0.002 0.995 0.002 0.001
0.005 0.984 0.004 0.007
0.036 0.957 0.004 0.002
0.002 0.986 0.004 0.008
0.004 0.985 0.005 0.006
0.008 0.984 0.005 0.002
0.002 0.989 0.006 0.003
0.005 0.990 0.002 0.003
0.001 0.982 0.014 0.003
0.000 0.997 0.001 0.001
0.000 0.997 0.001 0.001
0.054 0.010 0.071 0.865
0.003 0.031 0.017 0.949
0.166 0.005 0.025 0.805
0.006 0.005 0.007 0.982
0.015 0.001 0.002 0.983
0.004 0.005 0.004 0.988
0.028 0.067 0.013 0.892
0.019 0.026 0.011 0.943
0.002 0.041 0.041 0.916
0.002 0.991 0.004 0.003
0.006 0.884 0.097 0.014
0.001 0.989 0.007 0.003
0.002 0.994 0.002 0.002
0.005 0.994 0.000 0.001
0.085 0.904 0.006 0.005
0.001 0.995 0.003 0.001
0.002 0.997 0.001 0.001
0.012 0.977 0.009 0.002
0.007 0.987 0.004 0.003
0.002 0.994 0.003 0.000
0.002 0.995 0.001 0.001
0.003 0.990 0.003 0.003
0.001 0.994 0.003 0.003
0.003 0.933 0.052 0.012
0.005 0.001 0.008 0.986
0.001 0.260 0.008 0.731
0.430 0.005 0.005 0.561
0.069 0.006 0.088 0.837
0.154 0.004 0.010 0.832
0.008 0.081 0.043 0.867
0.180 0.004 0.001 0.815
0.001 0.155 0.010 0.834
0.009 0.008 0.002 0.982
0.004 0.003 0.002 0.991
0.242 0.002 0.020 0.736
0.010 0.125 0.023 0.842
0.004 0.153 0.001 0.842
0.010 0.001 0.010 0.980
0.091 0.002 0.022 0.885
0.012 0.163 0.049 0.777
0.004 0.046 0.030 0.920
0.027 0.304 0.006 0.663
0.004 0.003 0.012 0.982
0.011 0.004 0.005 0.980
0.003 0.002 0.013 0.983
0.003 0.192 0.002 0.803
0.009 0.379 0.132 0.480
0.203 0.001 0.003 0.793
0.008 0.014 0.027 0.950
0.007 0.128 0.001 0.865
0.100 0.003 0.009 0.888
0.001 0.003 0.004 0.993
0.033 0.004 0.005 0.958
0.015 0.089 0.112 0.785
0.170 0.000 0.002 0.828
0.002 0.087 0.001 0.909
0.094 0.018 0.039 0.849
0.281 0.002 0.008 0.708
0.640 0.001 0.000 0.359
0.002 0.001 0.032 0.965
0.015 0.006 0.050 0.928
0.027 0.004 0.002 0.968
0.727 0.003 0.002 0.268
0.008 0.267 0.015 0.710
0.003 0.149 0.096 0.751
0.001 0.002 0.001 0.997
0.076 0.185 0.001 0.738
0.001 0.244 0.006 0.748
0.000 0.257 0.004 0.739
0.116 0.110 0.078 0.696
0.018 0.015 0.043 0.924
0.011 0.029 0.020 0.940
0.002 0.004 0.275 0.719
0.233 0.003 0.004 0.760
0.000 0.345 0.002 0.652
0.002 0.006 0.017 0.975
0.398 0.218 0.004 0.380
0.020 0.221 0.003 0.756
0.011 0.013 0.010 0.966
0.006 0.040 0.345 0.609
0.168 0.041 0.009 0.783
0.001 0.003 0.004 0.991
0.175 0.177 0.002 0.647
0.003 0.090 0.007 0.900
0.011 0.003 0.051 0.935
0.003 0.060 0.023 0.914
0.193 0.001 0.001 0.805
0.011 0.025 0.225 0.740
0.119 0.106 0.004 0.771
0.012 0.215 0.001 0.772
0.010 0.001 0.002 0.988
0.043 0.004 0.009 0.943
0.015 0.072 0.025 0.888
0.021 0.005 0.004 0.970
0.106 0.004 0.047 0.843
0.016 0.001 0.001 0.982
0.019 0.344 0.010 0.627
0.261 0.002 0.008 0.729
0.118 0.001 0.007 0.874
0.044 0.494 0.020 0.441
0.016 0.144 0.020 0.820
0.210 0.005 0.016 0.768
0.008 0.025 0.016 0.951
0.013 0.049 0.006 0.932
0.005 0.005 0.005 0.985
0.457 0.004 0.150 0.389
0.851 0.001 0.003 0.145
0.340 0.002 0.003 0.655
0.006 0.006 0.023 0.966
0.001 0.105 0.095 0.798
0.002 0.168 0.001 0.829
0.002 0.002 0.002 0.994
0.012 0.140 0.020 0.828
0.015 0.085 0.135 0.765
0.093 0.017 0.009 0.881
0.003 0.005 0.013 0.979
0.154 0.414 0.001 0.431
0.004 0.071 0.004 0.922
0.003 0.026 0.018 0.954
0.330 0.230 0.006 0.434
0.002 0.003 0.006 0.989
0.123 0.092 0.004 0.781
0.025 0.003 0.001 0.971
0.003 0.002 0.008 0.987
0.001 0.009 0.013 0.977
0.381 0.006 0.010 0.603
0.051 0.003 0.014 0.932
0.047 0.003 0.002 0.949
0.309 0.007 0.008 0.676
0.268 0.003 0.001 0.728
0.005 0.012 0.003 0.980
0.002 0.052 0.060 0.887
0.025 0.036 0.014 0.925
0.230 0.005 0.011 0.754
0.045 0.004 0.001 0.950
0.002 0.002 0.018 0.979
0.001 0.573 0.006 0.420
0.328 0.230 0.002 0.440
0.003 0.005 0.166 0.827
0.002 0.241 0.041 0.716
0.012 0.457 0.008 0.523
0.004 0.098 0.027 0.871
0.003 0.077 0.007 0.912
0.002 0.262 0.004 0.732
0.022 0.243 0.007 0.728
0.078 0.193 0.121 0.607
0.001 0.170 0.001 0.828
0.035 0.002 0.009 0.955
0.003 0.252 0.002 0.743
0.001 0.203 0.024 0.772
0.269 0.271 0.014 0.445
0.012 0.367 0.002 0.619
0.082 0.071 0.002 0.845
0.011 0.552 0.003 0.434
0.024 0.240 0.003 0.733
0.001 0.276 0.001 0.722
0.004 0.311 0.001 0.685
0.002 0.290 0.001 0.707
0.002 0.001 0.290 0.707
0.001 0.113 0.080 0.806
0.047 0.039 0.042 0.872
0.001 0.002 0.043 0.954
0.465 0.012 0.008 0.515
0.393 0.002 0.007 0.597
0.057 0.014 0.011 0.917
0.002 0.079 0.061 0.859
0.228 0.001 0.084 0.687
0.006 0.028 0.019 0.947
0.248 0.024 0.225 0.503
0.230 0.200 0.012 0.558
0.045 0.013 0.042 0.900
0.053 0.001 0.007 0.938
0.004 0.270 0.006 0.720
0.186 0.247 0.002 0.565
0.165 0.005 0.013 0.817
0.001 0.052 0.002 0.945
0.011 0.293 0.001 0.694
0.010 0.003 0.001 0.985
0.002 0.001 0.001 0.995
0.152 0.006 0.000 0.842
0.008 0.360 0.006 0.627
0.004 0.422 0.002 0.572
0.294 0.099 0.006 0.602
0.089 0.004 0.029 0.879
0.005 0.083 0.003 0.909
0.001 0.268 0.010 0.721
0.018 0.198 0.009 0.775
0.011 0.433 0.001 0.555
0.078 0.359 0.009 0.554
0.306 0.107 0.002 0.585
0.005 0.027 0.045 0.923
0.001 0.007 0.010 0.982
0.003 0.005 0.006 0.986
0.189 0.013 0.018 0.780
0.443 0.067 0.001 0.489
0.005 0.001 0.032 0.962
0.065 0.102 0.034 0.799
0.003 0.001 0.022 0.974
0.004 0.117 0.049 0.831
0.007 0.002 0.002 0.989
0.485 0.119 0.001 0.395
0.193 0.068 0.004 0.735
0.005 0.017 0.008 0.971
0.006 0.014 0.012 0.968
0.011 0.027 0.032 0.931
0.002 0.001 0.003 0.994
0.007 0.001 0.010 0.981
0.002 0.000 0.008 0.989
0.003 0.001 0.006 0.990
0.004 0.002 0.008 0.986
0.002 0.001 0.005 0.991
0.003 0.001 0.004 0.992
0.006 0.001 0.004 0.989
0.001 0.001 0.002 0.996
0.001 0.001 0.003 0.995
0.001 0.001 0.007 0.992
0.000 0.000 0.006 0.993
0.001 0.002 0.006 0.992
0.004 0.002 0.033 0.960
0.009 0.003 0.005 0.983
0.002 0.003 0.002 0.994
0.001 0.001 0.002 0.996
0.009 0.002 0.001 0.989
0.001 0.002 0.003 0.995
0.003 0.001 0.008 0.988
0.001 0.001 0.003 0.994
0.022 0.012 0.006 0.960
0.002 0.001 0.004 0.994
0.002 0.098 0.016 0.883
0.407 0.006 0.001 0.586
0.362 0.001 0.095 0.542
0.004 0.510 0.002 0.484
0.002 0.004 0.201 0.793
0.001 0.282 0.015 0.702
0.002 0.447 0.005 0.546
0.004 0.285 0.024 0.687
0.002 0.457 0.000 0.540
0.003 0.008 0.937 0.052
0.003 0.001 0.500 0.495
0.004 0.088 0.846 0.062
0.003 0.001 0.802 0.194
0.029 0.902 0.062 0.007
0.000 0.994 0.003 0.002
0.003 0.983 0.013 0.001
0.004 0.992 0.004 0.000
0.013 0.976 0.007 0.004
0.001 0.996 0.002 0.001
0.007 0.001 0.002 0.991
0.011 0.003 0.005 0.981
0.012 0.002 0.005 0.981
0.002 0.002 0.003 0.994
0.006 0.003 0.003 0.989
0.004 0.001 0.015 0.981
0.007 0.001 0.002 0.989
0.014 0.001 0.017 0.968
0.006 0.000 0.007 0.987
0.109 0.001 0.002 0.888
0.004 0.002 0.009 0.984
0.004 0.001 0.019 0.976
0.001 0.001 0.003 0.995
0.003 0.001 0.002 0.994
0.006 0.001 0.003 0.989
0.002 0.002 0.001 0.995
0.001 0.001 0.029 0.969
0.006 0.012 0.007 0.975
0.211 0.001 0.007 0.781
0.015 0.001 0.006 0.978
0.003 0.001 0.000 0.996
0.002 0.001 0.005 0.992
0.016 0.002 0.013 0.970
0.007 0.012 0.017 0.964
0.011 0.001 0.005 0.983
0.006 0.003 0.008 0.983
0.001 0.029 0.161 0.809
0.001 0.002 0.002 0.994
0.001 0.000 0.001 0.998
0.001 0.003 0.004 0.991
0.000 0.000 0.005 0.994
0.001 0.001 0.001 0.997
0.009 0.003 0.014 0.974
0.004 0.002 0.007 0.988
0.002 0.000 0.001 0.996
0.004 0.003 0.004 0.990
0.005 0.002 0.003 0.989
0.120 0.002 0.003 0.875
0.003 0.002 0.009 0.986
0.035 0.001 0.007 0.956
0.001 0.001 0.004 0.994
0.001 0.001 0.004 0.994
0.011 0.002 0.016 0.971
0.001 0.002 0.048 0.950
0.002 0.002 0.005 0.991
0.007 0.002 0.005 0.986
0.044 0.004 0.008 0.943
0.014 0.022 0.018 0.946
0.011 0.001 0.001 0.987
0.018 0.002 0.005 0.976
0.001 0.005 0.005 0.989
0.001 0.001 0.005 0.993
0.004 0.003 0.008 0.985
0.001 0.003 0.007 0.990
0.002 0.002 0.041 0.955
0.020 0.002 0.030 0.947
0.004 0.002 0.008 0.985
0.001 0.000 0.003 0.995
0.012 0.001 0.004 0.983
0.001 0.001 0.004 0.995
0.005 0.001 0.001 0.993
0.004 0.001 0.006 0.989
0.004 0.007 0.007 0.982
0.001 0.002 0.001 0.996
0.002 0.002 0.002 0.995
0.003 0.001 0.019 0.977
0.010 0.005 0.007 0.979
0.008 0.001 0.002 0.990
0.003 0.003 0.037 0.956
0.071 0.001 0.116 0.812
0.001 0.001 0.004 0.994
0.005 0.001 0.002 0.991
0.004 0.001 0.004 0.991
0.004 0.987 0.004 0.005
0.007 0.990 0.002 0.001
0.003 0.990 0.003 0.004
0.013 0.980 0.006 0.001
0.004 0.961 0.025 0.010
0.001 0.997 0.002 0.001
0.002 0.994 0.003 0.002
0.001 0.975 0.020 0.004
0.002 0.977 0.005 0.016
0.001 0.996 0.002 0.002
0.002 0.993 0.001 0.004
0.002 0.988 0.007 0.003
0.001 0.996 0.001 0.002
0.012 0.976 0.008 0.003
0.007 0.986 0.004 0.003
0.083 0.913 0.003 0.001
0.003 0.993 0.004 0.001
0.001 0.964 0.027 0.007
0.001 0.997 0.001 0.001
0.002 0.991 0.004 0.004
0.001 0.995 0.003 0.001
0.006 0.975 0.005 0.014
0.002 0.990 0.006 0.002
0.003 0.995 0.001 0.002
0.001 0.969 0.020 0.009
0.003 0.986 0.005 0.006
0.005 0.991 0.003 0.001
0.002 0.994 0.003 0.001
0.020 0.946 0.031 0.003
0.002 0.989 0.005 0.004
0.004 0.932 0.062 0.002
0.002 0.970 0.023 0.006
0.002 0.968 0.009 0.021
0.002 0.994 0.002 0.002
0.001 0.869 0.110 0.019
0.005 0.989 0.005 0.002
0.011 0.977 0.005 0.006
0.010 0.960 0.027 0.003
0.009 0.974 0.012 0.005
0.002 0.984 0.008 0.005
0.001 0.993 0.005 0.001
0.001 0.994 0.004 0.001
0.001 0.988 0.006 0.005
0.008 0.990 0.000 0.001
0.002 0.977 0.009 0.013
0.004 0.985 0.009 0.002
0.003 0.987 0.008 0.002
0.005 0.933 0.053 0.009
0.005 0.983 0.006 0.006
0.003 0.985 0.010 0.002
0.009 0.979 0.008 0.004
0.003 0.988 0.005 0.004
0.013 0.957 0.021 0.009
0.001 0.993 0.004 0.003
0.002 0.981 0.010 0.006
0.001 0.777 0.218 0.004
0.805 0.002 0.187 0.005
0.478 0.001 0.520 0.002
0.898 0.013 0.003 0.086
0.494 0.001 0.022 0.482
0.876 0.001 0.056 0.067
0.561 0.001 0.005 0.433
0.989 0.003 0.003 0.005
0.995 0.001 0.003 0.001
0.005 0.492 0.009 0.494
0.006 0.676 0.034 0.284
0.802 0.012 0.056 0.131
0.993 0.001 0.001 0.005
0.848 0.001 0.149 0.001
0.689 0.006 0.024 0.280
0.995 0.002 0.001 0.001
0.001 0.511 0.002 0.485
0.001 0.319 0.026 0.654
0.004 0.761 0.059 0.176
0.020 0.595 0.242 0.143
0.003 0.676 0.004 0.318
0.242 0.375 0.002 0.381
0.065 0.759 0.084 0.092
0.002 0.553 0.001 0.445
0.004 0.488 0.001 0.506
0.182 0.380 0.006 0.432
0.001 0.449 0.004 0.546
0.004 0.658 0.001 0.338
0.001 0.632 0.018 0.349
0.008 0.306 0.030 0.656
0.004 0.591 0.000 0.405
0.098 0.456 0.009 0.437
0.007 0.847 0.120 0.026
0.005 0.594 0.004 0.397
0.176 0.397 0.004 0.423
0.002 0.667 0.003 0.328
0.003 0.731 0.013 0.253
0.002 0.641 0.050 0.308
0.002 0.587 0.001 0.410
0.000 0.620 0.132 0.247
0.998 0.000 0.001 0.001
0.998 0.001 0.001 0.001
0.007 0.692 0.044 0.257
0.463 0.127 0.311 0.099
0.015 0.297 0.010 0.679
0.004 0.665 0.291 0.040
0.002 0.483 0.001 0.514
0.240 0.228 0.005 0.527
0.003 0.562 0.006 0.429
0.002 0.618 0.067 0.313
0.001 0.488 0.001 0.510
0.001 0.459 0.004 0.537
0.002 0.417 0.003 0.579
0.001 0.350 0.038 0.611
0.002 0.659 0.001 0.338
0.867 0.002 0.002 0.129
0.857 0.001 0.055 0.087
0.332 0.001 0.001 0.666
0.531 0.132 0.001 0.335
0.825 0.050 0.121 0.004
0.004 0.522 0.002 0.472
0.003 0.714 0.075 0.208
0.002 0.575 0.205 0.217
0.001 0.595 0.005 0.399
0.010 0.737 0.001 0.253
0.296 0.327 0.000 0.376
0.002 0.681 0.004 0.312
0.972 0.004 0.011 0.013
0.643 0.002 0.001 0.354
0.995 0.000 0.001 0.003
0.993 0.002 0.003 0.002
0.997 0.001 0.001 0.001
0.013 0.978 0.006 0.003
0.001 0.990 0.006 0.003
0.002 0.994 0.004 0.001
0.010 0.962 0.023 0.005
0.006 0.979 0.008 0.007
0.002 0.994 0.001 0.002
0.008 0.926 0.027 0.040
0.007 0.981 0.005 0.007
0.003 0.964 0.024 0.009
0.004 0.986 0.006 0.003
0.002 0.989 0.004 0.006
0.001 0.974 0.022 0.003
0.002 0.991 0.004 0.002
0.004 0.977 0.016 0.003
0.005 0.960 0.018 0.018
0.002 0.995 0.002 0.001
0.017 0.980 0.002 0.001
0.647 0.004 0.001 0.348
0.935 0.002 0.020 0.042
0.997 0.001 0.001 0.001
0.949 0.004 0.007 0.039
0.025 0.950 0.005 0.020
0.008 0.948 0.031 0.013
0.002 0.861 0.099 0.038
0.005 0.841 0.147 0.007
0.004 0.950 0.039 0.007
0.002 0.941 0.052 0.005
0.062 0.930 0.004 0.003
0.011 0.984 0.003 0.002
0.003 0.635 0.352 0.010
0.001 0.991 0.006 0.001
0.002 0.984 0.006 0.009
0.005 0.957 0.031 0.007
0.005 0.982 0.011 0.002
0.003 0.988 0.007 0.001
0.008 0.970 0.009 0.014
0.005 0.987 0.000 0.007
0.002 0.987 0.009 0.002
0.002 0.978 0.017 0.003
0.003 0.954 0.033 0.010
0.002 0.991 0.005 0.002
0.004 0.979 0.010 0.007
0.005 0.542 0.001 0.453
0.001 0.498 0.005 0.496
0.998 0.000 0.001 0.001
0.004 0.709 0.010 0.277
0.009 0.606 0.003 0.382
0.001 0.704 0.000 0.294
0.928 0.021 0.033 0.018
0.995 0.001 0.001 0.004
0.992 0.001 0.002 0.006
0.006 0.846 0.145 0.003
0.001 0.997 0.001 0.001
0.004 0.993 0.002 0.002
0.006 0.971 0.016 0.006
0.003 0.981 0.014 0.002
0.003 0.991 0.005 0.002
0.003 0.990 0.003 0.005
0.053 0.860 0.064 0.023
0.012 0.969 0.004 0.015
0.013 0.938 0.030 0.019
0.015 0.978 0.002 0.004
0.004 0.974 0.018 0.003
0.003 0.909 0.055 0.033
0.001 0.995 0.003 0.001
0.005 0.952 0.039 0.004
0.002 0.932 0.061 0.006
0.002 0.996 0.002 0.001
0.837 0.091 0.051 0.021
0.829 0.003 0.000 0.167
0.007 0.435 0.007 0.551
0.001 0.650 0.001 0.348
0.002 0.679 0.177 0.141
0.003 0.976 0.015 0.006
0.005 0.987 0.004 0.004
0.005 0.982 0.010 0.003
0.001 0.997 0.001 0.001
0.003 0.992 0.003 0.001
0.006 0.982 0.005 0.006
0.003 0.991 0.004 0.002
0.002 0.992 0.004 0.003
0.002 0.977 0.012 0.010
0.003 0.987 0.008 0.001
0.001 0.941 0.048 0.010
0.001 0.997 0.001 0.001
0.003 0.987 0.003 0.007
0.001 0.993 0.005 0.001
0.001 0.996 0.001 0.002
0.001 0.998 0.001 0.001
0.003 0.970 0.013 0.015
0.001 0.994 0.003 0.002
0.011 0.982 0.005 0.002
0.001 0.995 0.004 0.001
0.002 0.001 0.001 0.997
0.005 0.001 0.051 0.943
0.002 0.002 0.002 0.994
0.006 0.002 0.007 0.984
0.001 0.003 0.004 0.992
0.003 0.002 0.005 0.990
0.004 0.001 0.002 0.994
0.005 0.009 0.007 0.979
0.003 0.001 0.003 0.993
0.001 0.001 0.001 0.997
0.001 0.001 0.004 0.994
0.005 0.006 0.018 0.970
0.003 0.002 0.004 0.991
0.027 0.001 0.003 0.968
0.013 0.927 0.054 0.006
0.000 0.164 0.158 0.677
0.001 0.278 0.021 0.700
0.996 0.001 0.001 0.001
0.558 0.007 0.003 0.432
0.008 0.827 0.008 0.157
0.002 0.401 0.001 0.596
0.001 0.621 0.019 0.359
0.002 0.449 0.002 0.547
0.010 0.552 0.058 0.380
0.000 0.591 0.001 0.409
0.001 0.745 0.002 0.252
0.213 0.448 0.313 0.027
0.001 0.765 0.005 0.230
0.002 0.583 0.001 0.414
0.003 0.723 0.008 0.267
0.750 0.000 0.001 0.249
0.910 0.002 0.008 0.080
0.832 0.001 0.013 0.154
0.847 0.001 0.004 0.148
0.004 0.642 0.002 0.352
0.004 0.525 0.028 0.444
0.006 0.660 0.001 0.334
0.001 0.575 0.005 0.419
0.001 0.340 0.001 0.658
0.006 0.531 0.004 0.459
0.005 0.645 0.076 0.275
0.022 0.333 0.191 0.454
0.828 0.161 0.009 0.002
0.992 0.002 0.003 0.004
0.994 0.001 0.002 0.002
0.002 0.443 0.005 0.550
0.883 0.002 0.000 0.115
0.998 0.000 0.001 0.001
0.997 0.001 0.001 0.001
0.989 0.001 0.003 0.007
0.794 0.121 0.083 0.002
0.994 0.001 0.003 0.002
0.995 0.001 0.003 0.001
0.861 0.005 0.013 0.121
0.997 0.001 0.001 0.001
0.604 0.002 0.003 0.391
0.996 0.000 0.002 0.001
0.975 0.008 0.012 0.005
0.738 0.007 0.000 0.255
0.001 0.464 0.001 0.535
0.005 0.554 0.004 0.437
0.002 0.988 0.006 0.004
0.005 0.990 0.002 0.003
0.001 0.987 0.009 0.003
0.002 0.995 0.001 0.001
0.002 0.996 0.001 0.001
0.002 0.994 0.002 0.002
0.002 0.994 0.002 0.002
0.002 0.991 0.001 0.005
0.003 0.988 0.005 0.003
0.006 0.972 0.009 0.013
0.002 0.986 0.010 0.002
0.006 0.976 0.012 0.005
0.003 0.988 0.008 0.002
0.001 0.993 0.005 0.001
0.001 0.990 0.004 0.004
0.001 0.986 0.006 0.007
0.038 0.958 0.004 0.000
0.012 0.868 0.106 0.014
0.002 0.984 0.012 0.003
0.015 0.886 0.088 0.011
0.011 0.967 0.008 0.014
0.004 0.979 0.005 0.011
0.022 0.956 0.009 0.013
0.001 0.988 0.006 0.006
0.008 0.980 0.005 0.006
0.002 0.992 0.002 0.004
0.014 0.939 0.028 0.019
0.001 0.981 0.009 0.009
0.007 0.976 0.010 0.007
0.001 0.991 0.003 0.004
0.002 0.982 0.013 0.003
0.002 0.995 0.001 0.002
0.002 0.973 0.019 0.006
0.008 0.954 0.023 0.014
0.001 0.994 0.002 0.003
0.998 0.001 0.001 0.001
0.658 0.003 0.009 0.331
0.248 0.005 0.016 0.731
0.694 0.001 0.056 0.250
0.998 0.000 0.001 0.001
0.664 0.003 0.003 0.329
0.836 0.041 0.051 0.071
0.990 0.003 0.003 0.004
0.918 0.079 0.001 0.001
0.667 0.006 0.060 0.267
0.997 0.001 0.001 0.001
0.755 0.001 0.002 0.242
0.981 0.003 0.004 0.012
0.981 0.003 0.010 0.006
0.995 0.001 0.003 0.002
0.987 0.003 0.004 0.005
0.997 0.002 0.000 0.001
0.996 0.000 0.002 0.001
0.996 0.001 0.001 0.002
0.608 0.002 0.002 0.388
0.996 0.001 0.002 0.001
0.900 0.027 0.024 0.049
0.997 0.001 0.001 0.001
0.417 0.015 0.002 0.566
0.997 0.002 0.001 0.001
0.004 0.002 0.991 0.004
0.005 0.003 0.900 0.093
0.001 0.001 0.724 0.274
0.001 0.005 0.473 0.522
0.997 0.001 0.001 0.001
0.958 0.029 0.005 0.008
0.969 0.005 0.024 0.002
0.483 0.018 0.002 0.497
0.661 0.005 0.004 0.330
0.525 0.008 0.040 0.426
0.996 0.001 0.001 0.002
0.003 0.974 0.019 0.004
0.001 0.998 0.001 0.000
0.007 0.990 0.002 0.001
0.003 0.952 0.042 0.003
0.998 0.001 0.001 0.001
0.996 0.001 0.002 0.002
0.992 0.002 0.004 0.002
0.727 0.001 0.054 0.218
0.992 0.001 0.004 0.003
0.998 0.000 0.001 0.001
0.879 0.103 0.015 0.003
0.994 0.001 0.001 0.004
0.836 0.001 0.001 0.163
0.980 0.007 0.003 0.010
0.982 0.006 0.005 0.006
0.998 0.000 0.001 0.001
0.981 0.005 0.013 0.001
0.981 0.001 0.012 0.006
0.989 0.002 0.008 0.002
0.991 0.001 0.002 0.006
0.997 0.001 0.001 0.001
0.998 0.000 0.001 0.000
0.998 0.001 0.001 0.001
0.995 0.001 0.003 0.001
0.968 0.016 0.010 0.006
0.996 0.001 0.002 0.002
0.926 0.032 0.023 0.020
0.997 0.000 0.002 0.001
0.985 0.002 0.009 0.004
0.997 0.001 0.001 0.002
0.998 0.000 0.001 0.001
0.003 0.001 0.584 0.412
0.020 0.002 0.865 0.113
0.001 0.105 0.713 0.181
0.009 0.000 0.893 0.098
0.001 0.002 0.959 0.038
0.986 0.001 0.010 0.003
0.996 0.001 0.002 0.001
0.928 0.005 0.012 0.055
0.982 0.004 0.007 0.008
0.969 0.003 0.010 0.017
0.998 0.001 0.001 0.001
0.991 0.005 0.002 0.002
0.997 0.000 0.002 0.001
0.980 0.002 0.007 0.011
0.987 0.002 0.004 0.007
0.981 0.004 0.008 0.006
0.963 0.015 0.012 0.011
0.996 0.000 0.000 0.003
0.997 0.001 0.001 0.001
0.999 0.001 0.000 0.000
0.987 0.001 0.004 0.007
0.003 0.002 0.894 0.100
0.002 0.003 0.924 0.072
0.011 0.005 0.750 0.234
0.001 0.028 0.559 0.412
0.009 0.001 0.978 0.011
0.003 0.013 0.900 0.084
0.001 0.001 0.651 0.347
0.003 0.007 0.619 0.371
0.003 0.001 0.992 0.004
0.003 0.001 0.987 0.009
0.981 0.003 0.004 0.012
0.992 0.003 0.003 0.002
0.969 0.020 0.007 0.003
0.987 0.003 0.003 0.008
0.997 0.000 0.001 0.001
0.998 0.001 0.001 0.001
0.003 0.002 0.798 0.198
0.002 0.000 0.922 0.075
0.005 0.001 0.991 0.003
0.003 0.001 0.994 0.002
0.005 0.004 0.982 0.009
0.005 0.005 0.989 0.001
0.001 0.002 0.720 0.278
0.003 0.001 0.847 0.148
0.002 0.011 0.902 0.085
0.010 0.002 0.854 0.134
0.005 0.003 0.597 0.395
0.003 0.008 0.660 0.329
0.017 0.001 0.892 0.090
0.983 0.007 0.003 0.006
0.994 0.001 0.002 0.003
0.996 0.001 0.001 0.002
0.990 0.002 0.003 0.005
0.997 0.000 0.001 0.001
0.982 0.003 0.006 0.009
0.004 0.003 0.990 0.003
0.000 0.006 0.993 0.001
0.003 0.017 0.964 0.016
0.002 0.002 0.638 0.358
0.061 0.001 0.910 0.027
0.003 0.015 0.678 0.303
0.059 0.005 0.908 0.027
0.001 0.003 0.690 0.306
0.003 0.001 0.942 0.054
0.995 0.000 0.002 0.003
0.977 0.016 0.006 0.001
0.998 0.001 0.001 0.001
0.999 0.000 0.001 0.000
0.975 0.004 0.014 0.007
0.987 0.004 0.006 0.003
0.993 0.002 0.003 0.001
0.994 0.002 0.002 0.002
0.998 0.001 0.001 0.001
0.003 0.005 0.983 0.008
0.001 0.003 0.989 0.006
0.012 0.015 0.961 0.011
0.001 0.001 0.763 0.235
0.002 0.002 0.731 0.265
0.003 0.002 0.990 0.005
0.002 0.016 0.976 0.006
0.001 0.003 0.987 0.009
0.002 0.013 0.669 0.316
0.002 0.003 0.990 0.004
0.005 0.016 0.976 0.004
0.002 0.006 0.988 0.004
0.987 0.001 0.005 0.007
0.971 0.007 0.008 0.014
0.993 0.001 0.003 0.003
0.998 0.001 0.001 0.001
0.997 0.001 0.002 0.001
0.998 0.001 0.001 0.001
0.893 0.051 0.053 0.002
0.802 0.003 0.001 0.194
0.995 0.003 0.001 0.001
0.924 0.011 0.006 0.059
0.986 0.005 0.004 0.006
0.986 0.002 0.009 0.002
0.987 0.005 0.003 0.005
0.994 0.001 0.004 0.001
0.979 0.011 0.005 0.005
0.997 0.001 0.001 0.000
0.997 0.001 0.001 0.002
0.964 0.007 0.007 0.021
0.992 0.001 0.002 0.005
0.992 0.002 0.001 0.005
0.998 0.001 0.001 0.001
0.991 0.002 0.002 0.005
0.973 0.008 0.009 0.010
0.998 0.001 0.001 0.000
0.991 0.001 0.003 0.005
0.966 0.018 0.007 0.009
0.997 0.001 0.002 0.001
0.997 0.001 0.001 0.001
0.991 0.001 0.005 0.003
0.917 0.002 0.032 0.048
0.907 0.035 0.035 0.024
0.997 0.002 0.001 0.001
0.995 0.001 0.002 0.002
0.999 0.001 0.000 0.000
0.954 0.006 0.037 0.003
0.999 0.000 0.001 0.000
0.990 0.004 0.003 0.003
0.997 0.001 0.001 0.001
0.993 0.002 0.002 0.003
0.998 0.001 0.000 0.001
0.998 0.000 0.000 0.001
0.993 0.002 0.003 0.002
0.995 0.002 0.001 0.002
0.994 0.002 0.003 0.001
0.995 0.001 0.002 0.002
0.994 0.002 0.002 0.003
0.997 0.001 0.001 0.001
0.996 0.002 0.001 0.001
0.992 0.004 0.002 0.002
0.991 0.001 0.007 0.002
0.996 0.002 0.002 0.001
0.997 0.001 0.001 0.001
0.997 0.001 0.002 0.001
0.996 0.002 0.000 0.002
0.998 0.001 0.001 0.000
0.995 0.001 0.002 0.002
0.992 0.002 0.003 0.003
0.969 0.006 0.017 0.007
0.003 0.238 0.754 0.004
0.005 0.002 0.990 0.003
0.005 0.054 0.939 0.002
0.001 0.044 0.953 0.002
0.004 0.004 0.909 0.083
0.019 0.001 0.847 0.133
0.002 0.001 0.995 0.002
0.004 0.001 0.859 0.136
0.004 0.008 0.813 0.175
0.021 0.002 0.814 0.162
0.981 0.003 0.007 0.009
0.992 0.002 0.003 0.003
0.980 0.001 0.012 0.007
0.987 0.002 0.005 0.006
0.998 0.000 0.001 0.001
0.997 0.001 0.001 0.002
0.991 0.004 0.003 0.002
0.997 0.001 0.001 0.002
0.998 0.001 0.001 0.001
0.986 0.001 0.007 0.005
0.987 0.003 0.006 0.004
0.997 0.002 0.000 0.001
0.991 0.002 0.006 0.001
0.997 0.000 0.001 0.001
0.995 0.001 0.001 0.002
0.996 0.001 0.002 0.002
0.994 0.002 0.003 0.001
0.999 0.001 0.000 0.001
0.984 0.003 0.004 0.009
0.988 0.001 0.005 0.006
0.996 0.001 0.001 0.002
0.995 0.001 0.001 0.002
0.995 0.002 0.001 0.002
0.998 0.000 0.001 0.001
0.996 0.001 0.001 0.001
0.996 0.001 0.002 0.001
0.988 0.001 0.004 0.006
0.997 0.001 0.001 0.001
0.995 0.000 0.002 0.002
0.995 0.001 0.001 0.003
0.980 0.004 0.008 0.008
0.996 0.001 0.001 0.002
0.923 0.014 0.025 0.038
0.995 0.003 0.001 0.001
0.996 0.001 0.000 0.003
0.999 0.000 0.000 0.000
0.998 0.000 0.001 0.001
0.999 0.000 0.000 0.000
0.995 0.002 0.002 0.002
0.997 0.001 0.001 0.001
0.991 0.003 0.001 0.005
0.996 0.000 0.001 0.002
0.997 0.001 0.002 0.001
0.991 0.007 0.000 0.002
0.998 0.001 0.001 0.000
0.997 0.001 0.001 0.001
0.996 0.000 0.002 0.001
0.994 0.002 0.002 0.002
0.998 0.000 0.001 0.001
0.998 0.001 0.001 0.001
0.996 0.001 0.002 0.002
0.997 0.001 0.001 0.001
0.996 0.002 0.002 0.001
0.997 0.000 0.001 0.002
0.995 0.001 0.002 0.003
0.997 0.000 0.001 0.002
0.991 0.002 0.004 0.004
0.976 0.003 0.017 0.004
0.996 0.001 0.001 0.001
0.998 0.001 0.000 0.001
0.995 0.001 0.002 0.002
0.998 0.000 0.001 0.001
0.998 0.000 0.001 0.001
0.997 0.001 0.001 0.001
0.995 0.001 0.002 0.002
0.992 0.001 0.002 0.005
0.996 0.002 0.001 0.001
0.996 0.000 0.003 0.001
0.997 0.000 0.002 0.001
0.974 0.015 0.006 0.005
0.998 0.001 0.000 0.001
0.997 0.001 0.001 0.001
0.997 0.001 0.001 0.001
0.996 0.001 0.001 0.002
0.978 0.001 0.009 0.012
0.992 0.001 0.003 0.004
0.997 0.001 0.000 0.001
0.998 0.001 0.001 0.001
0.997 0.000 0.002 0.001
0.998 0.001 0.000 0.001
0.995 0.001 0.001 0.003
0.999 0.000 0.000 0.001
0.982 0.002 0.008 0.008
0.998 0.001 0.000 0.001
0.003 0.001 0.990 0.005
0.001 0.007 0.990 0.002
0.012 0.007 0.823 0.158
0.003 0.013 0.969 0.016
0.001 0.001 0.737 0.261
0.017 0.002 0.589 0.392
0.995 0.000 0.002 0.003
0.997 0.001 0.001 0.002
0.996 0.001 0.001 0.002
0.992 0.003 0.002 0.003
0.997 0.001 0.001 0.002
0.996 0.001 0.002 0.001
0.994 0.001 0.001 0.005
0.994 0.001 0.003 0.002
0.994 0.001 0.003 0.002
0.997 0.001 0.001 0.000
0.990 0.002 0.004 0.005
0.993 0.002 0.003 0.002
0.993 0.001 0.004 0.002
0.996 0.001 0.002 0.001
0.995 0.002 0.001 0.002
0.997 0.000 0.001 0.001
0.995 0.002 0.001 0.001
0.988 0.004 0.003 0.005
0.998 0.001 0.001 0.001
0.997 0.000 0.001 0.002
0.998 0.001 0.001 0.001
0.997 0.001 0.001 0.001
0.999 0.000 0.000 0.000
0.993 0.001 0.003 0.003
0.998 0.000 0.001 0.001
0.997 0.001 0.002 0.001
0.999 0.000 0.001 0.000
0.995 0.001 0.001 0.003
0.992 0.002 0.002 0.004
0.997 0.001 0.001 0.001
0.996 0.001 0.002 0.001
0.996 0.001 0.002 0.001
0.996 0.002 0.002 0.001
0.997 0.001 0.001 0.001
0.996 0.001 0.000 0.003
0.997 0.001 0.001 0.001
0.998 0.001 0.001 0.001
0.993 0.002 0.002 0.003
0.996 0.001 0.002 0.001
0.996 0.001 0.001 0.002
0.998 0.001 0.001 0.001
0.998 0.001 0.001 0.000
0.997 0.002 0.001 0.001
0.980 0.005 0.002 0.013
0.978 0.008 0.001 0.012
0.994 0.001 0.004 0.001
0.975 0.009 0.007 0.009
0.996 0.001 0.001 0.002
0.992 0.003 0.003 0.002
0.993 0.002 0.003 0.003
0.998 0.001 0.001 0.001
0.996 0.002 0.001 0.001
0.996 0.001 0.002 0.002
0.999 0.000 0.000 0.001
0.997 0.000 0.001 0.002
0.998 0.001 0.001 0.001
0.997 0.001 0.001 0.002
0.997 0.000 0.002 0.001
0.998 0.001 0.001 0.001
0.997 0.001 0.001 0.001
0.989 0.003 0.007 0.001
0.991 0.002 0.003 0.004
0.996 0.002 0.001 0.001
0.954 0.005 0.038 0.002
0.996 0.001 0.002 0.001
0.992 0.001 0.004 0.003
0.999 0.000 0.000 0.000
0.996 0.001 0.002 0.001
0.999 0.000 0.000 0.001
0.996 0.001 0.002 0.001
0.995 0.001 0.002 0.002
0.992 0.004 0.003 0.001
0.997 0.000 0.002 0.001
0.998 0.000 0.001 0.001
0.001 0.002 0.990 0.007
0.002 0.013 0.751 0.234
0.021 0.008 0.965 0.006
0.987 0.002 0.005 0.006
0.997 0.000 0.001 0.002
0.988 0.001 0.002 0.009
0.996 0.001 0.001 0.003
0.997 0.001 0.001 0.001
0.993 0.001 0.003 0.003
0.997 0.001 0.001 0.002
0.998 0.001 0.001 0.001
0.993 0.002 0.002 0.004
0.994 0.002 0.001 0.003
0.979 0.007 0.006 0.008
0.998 0.001 0.001 0.001
0.983 0.004 0.008 0.006
0.994 0.002 0.001 0.003
0.980 0.002 0.007 0.011
0.992 0.004 0.002 0.001
0.998 0.001 0.001 0.000
0.954 0.003 0.008 0.034
0.991 0.004 0.002 0.003
0.989 0.001 0.004 0.006
0.998 0.000 0.001 0.000
0.998 0.000 0.001 0.001
0.998 0.000 0.001 0.001
0.997 0.000 0.001 0.001
0.996 0.000 0.001 0.003
0.001 0.012 0.970 0.017
0.007 0.060 0.929 0.004
0.005 0.041 0.929 0.025
0.002 0.002 0.987 0.009
0.004 0.219 0.776 0.001
0.002 0.008 0.986 0.005
0.003 0.001 0.994 0.001
0.001 0.005 0.993 0.001
0.001 0.214 0.632 0.154
0.003 0.011 0.981 0.005
0.001 0.011 0.986 0.002
0.004 0.007 0.950 0.039
0.001 0.203 0.794 0.003
0.002 0.002 0.640 0.356
0.002 0.002 0.744 0.251
0.002 0.007 0.882 0.109
0.006 0.006 0.962 0.026
0.001 0.001 0.496 0.502
0.001 0.005 0.975 0.018
0.003 0.033 0.808 0.156
0.004 0.003 0.990 0.003
0.023 0.002 0.974 0.001
0.001 0.003 0.994 0.002
0.014 0.065 0.918 0.003
0.011 0.005 0.984 0.000
0.005 0.012 0.981 0.002
0.004 0.004 0.915 0.077
0.002 0.012 0.956 0.030
0.022 0.002 0.949 0.028
0.003 0.007 0.988 0.002
0.004 0.013 0.981 0.002
0.003 0.046 0.915 0.037
0.004 0.007 0.982 0.006
0.002 0.002 0.993 0.003
0.007 0.003 0.984 0.005
0.001 0.002 0.990 0.007
0.002 0.016 0.977 0.004
0.011 0.007 0.978 0.004
0.014 0.001 0.982 0.003
0.004 0.003 0.986 0.007
0.102 0.008 0.884 0.006
0.013 0.027 0.951 0.008
0.004 0.006 0.983 0.007
0.002 0.007 0.989 0.003
0.001 0.004 0.993 0.002
0.002 0.011 0.980 0.007
0.005 0.028 0.965 0.001
0.012 0.010 0.831 0.147
0.001 0.022 0.973 0.004
0.011 0.016 0.972 0.000
0.004 0.005 0.984 0.007
0.006 0.019 0.974 0.002
0.061 0.002 0.926 0.012
0.012 0.006 0.978 0.004
0.002 0.001 0.994 0.003
0.057 0.003 0.837 0.102
0.009 0.011 0.978 0.002
0.002 0.024 0.971 0.002
0.002 0.002 0.984 0.012
0.006 0.004 0.986 0.004
0.007 0.037 0.782 0.174
0.001 0.003 0.963 0.033
0.006 0.007 0.985 0.002
0.004 0.003 0.987 0.006
0.005 0.002 0.987 0.006
0.006 0.002 0.989 0.003
0.001 0.000 0.893 0.106
0.001 0.024 0.975 0.000
0.007 0.008 0.981 0.004
0.018 0.003 0.970 0.008
0.001 0.004 0.994 0.001
0.002 0.002 0.990 0.006
0.003 0.001 0.988 0.008
0.004 0.002 0.986 0.008
0.001 0.014 0.974 0.011
0.049 0.157 0.794 0.000
0.001 0.016 0.963 0.020
0.005 0.009 0.982 0.005
0.003 0.008 0.982 0.006
0.006 0.006 0.974 0.015
0.001 0.008 0.988 0.003
0.001 0.004 0.989 0.005
0.002 0.002 0.993 0.002
0.004 0.011 0.977 0.008
0.014 0.006 0.974 0.006
0.003 0.004 0.984 0.009
0.004 0.006 0.988 0.001
0.002 0.002 0.985 0.011
0.005 0.281 0.713 0.001
0.013 0.075 0.616 0.296
0.002 0.002 0.895 0.101
0.034 0.001 0.963 0.001
0.001 0.003 0.991 0.004
0.002 0.002 0.993 0.004
0.012 0.002 0.967 0.018
0.010 0.005 0.937 0.048
0.012 0.005 0.977 0.006
0.004 0.010 0.979 0.007
0.001 0.003 0.982 0.015
0.001 0.004 0.982 0.013
0.001 0.002 0.990 0.007
0.004 0.012 0.962 0.023
0.004 0.002 0.989 0.005
0.005 0.002 0.992 0.001
0.005 0.001 0.990 0.004
0.001 0.005 0.989 0.006
0.037 0.004 0.935 0.024
0.001 0.004 0.983 0.011
0.002 0.022 0.954 0.022
0.004 0.001 0.976 0.019
0.008 0.015 0.973 0.005
0.003 0.021 0.975 0.001
0.038 0.148 0.813 0.001
0.003 0.058 0.938 0.001
0.001 0.016 0.978 0.005
0.005 0.002 0.990 0.003
0.015 0.157 0.825 0.003
0.038 0.162 0.723 0.077
0.005 0.233 0.756 0.006
0.002 0.014 0.966 0.018
0.002 0.242 0.755 0.001
0.004 0.277 0.704 0.015
0.002 0.003 0.990 0.004
0.010 0.119 0.870 0.001
0.001 0.078 0.920 0.001
0.005 0.121 0.872 0.001
0.002 0.024 0.922 0.052
0.003 0.069 0.927 0.001
0.003 0.287 0.705 0.006
0.002 0.185 0.810 0.003
0.005 0.006 0.973 0.016
0.001 0.002 0.992 0.006
0.001 0.013 0.984 0.002
0.010 0.003 0.971 0.017
0.001 0.004 0.992 0.003
0.002 0.007 0.981 0.010
0.003 0.018 0.970 0.008
0.007 0.003 0.989 0.002
0.001 0.001 0.995 0.003
0.001 0.005 0.989 0.004
0.002 0.008 0.985 0.004
0.006 0.004 0.985 0.005
0.001 0.023 0.975 0.001
0.001 0.008 0.988 0.002
0.002 0.003 0.994 0.001
0.008 0.015 0.972 0.005
0.002 0.003 0.993 0.003
0.002 0.002 0.994 0.002
0.033 0.003 0.639 0.325
0.009 0.009 0.981 0.001
0.035 0.005 0.947 0.012
0.005 0.005 0.985 0.004
0.001 0.008 0.990 0.001
0.006 0.008 0.960 0.026
0.001 0.009 0.988 0.002
0.006 0.003 0.970 0.022
0.001 0.121 0.867 0.011
0.089 0.005 0.764 0.142
0.001 0.001 0.947 0.051
0.001 0.004 0.991 0.004
0.003 0.001 0.993 0.003
0.001 0.003 0.990 0.006
0.006 0.009 0.980 0.005
0.015 0.003 0.907 0.075
0.008 0.001 0.957 0.035
0.043 0.003 0.940 0.015
0.007 0.003 0.986 0.003
0.012 0.002 0.978 0.008
0.005 0.002 0.990 0.002
0.001 0.001 0.995 0.003
0.028 0.003 0.893 0.075
0.008 0.002 0.930 0.060
0.001 0.006 0.992 0.001
0.008 0.026 0.966 0.001
0.001 0.158 0.836 0.005
0.001 0.079 0.918 0.002
0.003 0.033 0.946 0.018
0.003 0.003 0.984 0.010
0.056 0.049 0.891 0.004
0.002 0.001 0.989 0.008
0.001 0.027 0.964 0.008
0.002 0.073 0.915 0.009
0.006 0.014 0.960 0.020
0.002 0.243 0.755 0.001
0.001 0.123 0.875 0.001
0.005 0.001 0.981 0.013
0.001 0.003 0.995 0.001
0.010 0.041 0.863 0.086
0.010 0.139 0.845 0.005
0.001 0.097 0.899 0.003
0.004 0.032 0.959 0.006
0.002 0.006 0.984 0.008
0.006 0.001 0.990 0.003
0.001 0.008 0.988 0.003
0.003 0.007 0.893 0.097
0.001 0.010 0.985 0.003
0.003 0.033 0.957 0.006
0.002 0.013 0.971 0.013
0.003 0.005 0.991 0.001
0.024 0.011 0.887 0.078
0.014 0.064 0.920 0.003
0.013 0.005 0.973 0.010
0.016 0.007 0.925 0.053
0.011 0.002 0.984 0.003
0.023 0.008 0.967 0.002
0.002 0.001 0.939 0.058
0.002 0.000 0.990 0.008
0.002 0.032 0.965 0.002
0.001 0.002 0.994 0.003
0.004 0.004 0.991 0.001
0.001 0.002 0.993 0.003
0.003 0.007 0.979 0.010
0.006 0.017 0.961 0.017
0.001 0.007 0.991 0.001
0.002 0.003 0.992 0.003
0.002 0.001 0.988 0.010
0.003 0.035 0.952 0.010
0.009 0.004 0.976 0.011
0.001 0.006 0.993 0.001
0.001 0.003 0.992 0.004
0.021 0.003 0.970 0.006
0.007 0.009 0.981 0.003
0.002 0.018 0.976 0.004
0.003 0.001 0.990 0.006
