0.991 0.001 0.005 0.003
0.978 0.012 0.001 0.009
0.994 0.001 0.003 0.002
0.977 0.009 0.008 0.006
0.942 0.006 0.001 0.051
0.972 0.010 0.006 0.012
0.991 0.005 0.001 0.003
0.997 0.001 0.002 0.001
0.996 0.001 0.002 0.001
0.985 0.004 0.002 0.009
0.942 0.046 0.006 0.006
0.985 0.007 0.002 0.006
0.968 0.018 0.005 0.009
0.982 0.009 0.002 0.006
0.978 0.004 0.008 0.010
0.997 0.001 0.001 0.001
0.946 0.048 0.003 0.003
0.992 0.004 0.001 0.003
0.997 0.001 0.001 0.001
0.977 0.003 0.012 0.007
0.981 0.005 0.007 0.006
0.938 0.054 0.002 0.006
0.993 0.003 0.002 0.002
0.972 0.012 0.006 0.011
0.991 0.004 0.002 0.003
0.997 0.001 0.001 0.002
0.987 0.008 0.002 0.002
0.939 0.020 0.003 0.038
0.984 0.008 0.002 0.007
0.949 0.021 0.025 0.006
0.996 0.001 0.003 0.001
0.978 0.013 0.002 0.007
0.959 0.014 0.019 0.008
0.977 0.015 0.004 0.003
0.971 0.006 0.004 0.019
0.980 0.005 0.008 0.007
0.994 0.002 0.002 0.002
0.991 0.002 0.005 0.002
0.991 0.002 0.003 0.004
0.998 0.001 0.001 0.001
0.964 0.008 0.018 0.010
0.894 0.040 0.002 0.064
0.886 0.038 0.070 0.006
0.951 0.008 0.030 0.010
0.985 0.004 0.003 0.007
0.987 0.002 0.001 0.010
0.973 0.010 0.003 0.013
0.886 0.018 0.093 0.003
0.992 0.001 0.003 0.004
0.996 0.003 0.001 0.001
0.961 0.020 0.002 0.018
0.992 0.005 0.001 0.002
0.988 0.004 0.004 0.004
0.993 0.002 0.002 0.003
0.991 0.004 0.002 0.003
0.988 0.003 0.002 0.006
0.989 0.003 0.004 0.004
0.992 0.006 0.001 0.001
0.990 0.001 0.003 0.006
0.916 0.008 0.045 0.031
0.916 0.003 0.075 0.005
0.997 0.001 0.001 0.001
0.951 0.007 0.033 0.009
0.988 0.002 0.009 0.001
0.991 0.004 0.001 0.004
0.886 0.062 0.021 0.031
0.987 0.005 0.001 0.007
0.991 0.005 0.002 0.002
0.989 0.003 0.002 0.007
0.982 0.014 0.001 0.003
0.986 0.004 0.001 0.009
0.987 0.005 0.002 0.006
0.987 0.005 0.007 0.001
0.941 0.039 0.006 0.014
0.978 0.016 0.003 0.003
0.942 0.012 0.009 0.038
0.990 0.005 0.005 0.001
0.987 0.002 0.004 0.007
0.960 0.009 0.018 0.013
0.962 0.016 0.001 0.021
0.988 0.009 0.001 0.003
0.962 0.025 0.002 0.011
0.985 0.004 0.007 0.004
0.961 0.021 0.010 0.007
0.994 0.002 0.002 0.002
0.973 0.007 0.005 0.015
0.992 0.001 0.002 0.005
0.964 0.021 0.004 0.012
0.987 0.010 0.001 0.003
0.988 0.004 0.005 0.003
0.766 0.229 0.001 0.004
0.987 0.007 0.004 0.002
0.987 0.005 0.003 0.005
0.992 0.004 0.003 0.001
0.986 0.003 0.009 0.002
0.986 0.003 0.005 0.006
0.003 0.005 0.002 0.990
0.001 0.005 0.003 0.992
0.003 0.024 0.010 0.963
0.008 0.014 0.002 0.975
0.002 0.003 0.002 0.993
0.001 0.002 0.003 0.994
0.001 0.007 0.002 0.990
0.001 0.005 0.003 0.992
0.002 0.018 0.001 0.979
0.002 0.005 0.003 0.990
0.005 0.010 0.004 0.981
0.001 0.003 0.006 0.989
0.001 0.013 0.009 0.977
0.002 0.002 0.003 0.993
0.001 0.011 0.002 0.985
0.001 0.012 0.029 0.958
0.006 0.013 0.001 0.980
0.002 0.003 0.001 0.995
0.001 0.009 0.003 0.986
0.002 0.012 0.003 0.983
0.003 0.009 0.005 0.983
0.001 0.055 0.002 0.942
0.006 0.002 0.010 0.983
0.002 0.002 0.002 0.994
0.002 0.002 0.001 0.995
0.000 0.001 0.002 0.996
0.001 0.001 0.002 0.995
0.003 0.003 0.001 0.994
0.002 0.021 0.002 0.974
0.002 0.007 0.004 0.986
0.001 0.001 0.001 0.997
0.005 0.001 0.001 0.993
0.001 0.003 0.002 0.994
0.002 0.004 0.004 0.990
0.006 0.001 0.007 0.986
0.006 0.035 0.012 0.947
0.001 0.003 0.001 0.995
0.005 0.004 0.021 0.970
0.009 0.037 0.019 0.935
0.006 0.026 0.001 0.967
0.005 0.004 0.001 0.990
0.001 0.004 0.001 0.994
0.001 0.005 0.003 0.991
0.001 0.002 0.004 0.994
0.003 0.003 0.003 0.991
0.002 0.004 0.001 0.993
0.001 0.001 0.001 0.996
0.002 0.005 0.000 0.993
0.005 0.036 0.009 0.951
0.000 0.002 0.002 0.996
0.001 0.002 0.011 0.987
0.001 0.050 0.003 0.946
0.009 0.013 0.005 0.973
0.005 0.027 0.004 0.965
0.002 0.003 0.001 0.993
0.002 0.024 0.009 0.964
0.021 0.039 0.002 0.938
0.007 0.043 0.002 0.948
0.006 0.017 0.001 0.976
0.002 0.033 0.003 0.963
0.004 0.060 0.010 0.926
0.008 0.092 0.003 0.898
0.002 0.054 0.002 0.942
0.003 0.028 0.013 0.956
0.005 0.036 0.004 0.955
0.007 0.002 0.004 0.987
0.013 0.005 0.024 0.959
0.010 0.007 0.001 0.982
0.005 0.022 0.007 0.966
0.014 0.042 0.003 0.941
0.001 0.010 0.001 0.987
0.002 0.007 0.003 0.987
0.002 0.002 0.001 0.996
0.002 0.003 0.001 0.994
0.003 0.024 0.002 0.972
0.011 0.048 0.003 0.937
0.012 0.064 0.006 0.918
0.001 0.011 0.005 0.983
0.001 0.002 0.009 0.989
0.002 0.008 0.005 0.985
0.001 0.009 0.026 0.963
0.002 0.004 0.002 0.992
0.003 0.106 0.002 0.888
0.003 0.003 0.001 0.993
0.001 0.002 0.003 0.994
0.008 0.010 0.011 0.971
0.009 0.031 0.002 0.958
0.005 0.006 0.002 0.987
0.001 0.006 0.003 0.990
0.001 0.001 0.001 0.996
0.001 0.001 0.004 0.994
0.001 0.001 0.002 0.997
0.003 0.009 0.001 0.987
0.003 0.004 0.001 0.992
0.003 0.013 0.001 0.982
0.004 0.042 0.001 0.953
0.007 0.003 0.003 0.987
0.024 0.024 0.002 0.950
0.001 0.005 0.001 0.993
0.003 0.002 0.006 0.990
0.004 0.011 0.003 0.982
0.001 0.002 0.001 0.995
0.006 0.029 0.001 0.964
0.176 0.010 0.006 0.808
0.105 0.010 0.001 0.884
0.004 0.001 0.002 0.993
0.003 0.004 0.004 0.989
0.058 0.002 0.002 0.939
0.068 0.002 0.001 0.929
0.100 0.012 0.001 0.887
0.059 0.051 0.004 0.886
0.013 0.026 0.003 0.958
0.009 0.433 0.004 0.554
0.004 0.003 0.001 0.992
0.019 0.038 0.002 0.941
0.165 0.008 0.003 0.824
0.012 0.044 0.003 0.941
0.032 0.033 0.002 0.933
0.018 0.010 0.002 0.970
0.005 0.022 0.003 0.970
0.012 0.055 0.002 0.931
0.005 0.028 0.001 0.965
0.025 0.018 0.016 0.941
0.001 0.014 0.001 0.984
0.002 0.008 0.009 0.981
0.002 0.080 0.006 0.913
0.051 0.052 0.001 0.896
0.013 0.003 0.002 0.982
0.001 0.001 0.001 0.996
0.245 0.019 0.002 0.733
0.001 0.001 0.003 0.995
0.030 0.007 0.002 0.961
0.174 0.174 0.004 0.648
0.126 0.028 0.008 0.838
0.007 0.045 0.009 0.939
0.019 0.035 0.004 0.941
0.003 0.011 0.008 0.978
0.066 0.021 0.002 0.910
0.005 0.004 0.011 0.980
0.005 0.008 0.001 0.986
0.127 0.065 0.004 0.804
0.013 0.010 0.003 0.973
0.016 0.033 0.002 0.948
0.016 0.010 0.002 0.973
0.004 0.001 0.006 0.989
0.016 0.008 0.004 0.972
0.001 0.019 0.004 0.976
0.070 0.015 0.004 0.912
0.004 0.001 0.017 0.977
0.001 0.015 0.002 0.981
0.047 0.025 0.002 0.927
0.009 0.192 0.001 0.798
0.011 0.017 0.004 0.968
0.017 0.022 0.003 0.959
0.003 0.015 0.001 0.981
0.003 0.028 0.003 0.966
0.013 0.038 0.003 0.946
0.001 0.012 0.002 0.984
0.069 0.345 0.002 0.585
0.005 0.031 0.009 0.956
0.012 0.015 0.003 0.970
0.002 0.001 0.012 0.985
0.004 0.003 0.007 0.986
0.013 0.060 0.010 0.917
0.039 0.056 0.012 0.893
0.045 0.030 0.004 0.921
0.018 0.141 0.009 0.831
0.016 0.006 0.001 0.977
0.005 0.064 0.005 0.926
0.019 0.006 0.034 0.941
0.005 0.002 0.001 0.991
0.068 0.017 0.004 0.911
0.001 0.001 0.001 0.997
0.004 0.011 0.002 0.983
0.084 0.056 0.001 0.858
0.003 0.054 0.000 0.943
0.005 0.012 0.002 0.981
0.007 0.028 0.004 0.961
0.009 0.008 0.008 0.975
0.008 0.050 0.045 0.898
0.099 0.054 0.014 0.833
0.005 0.008 0.001 0.986
0.028 0.018 0.002 0.952
0.008 0.001 0.005 0.986
0.002 0.001 0.008 0.989
0.988 0.003 0.004 0.005
0.994 0.003 0.001 0.002
0.978 0.007 0.003 0.012
0.982 0.009 0.004 0.005
0.992 0.003 0.004 0.001
0.969 0.023 0.006 0.003
0.972 0.010 0.005 0.013
0.996 0.002 0.001 0.001
0.994 0.001 0.001 0.004
0.996 0.001 0.001 0.001
0.980 0.012 0.003 0.006
0.985 0.008 0.002 0.005
0.992 0.002 0.002 0.003
0.996 0.001 0.000 0.002
0.992 0.002 0.002 0.004
0.994 0.003 0.002 0.001
0.990 0.002 0.004 0.003
0.990 0.004 0.002 0.003
0.984 0.004 0.007 0.005
0.991 0.003 0.002 0.003
0.981 0.007 0.011 0.001
0.995 0.003 0.001 0.001
0.971 0.008 0.020 0.001
0.975 0.018 0.001 0.006
0.980 0.013 0.003 0.005
0.981 0.011 0.002 0.006
0.972 0.011 0.003 0.014
0.986 0.003 0.004 0.008
0.983 0.005 0.006 0.006
0.978 0.003 0.010 0.008
0.996 0.001 0.001 0.002
0.951 0.022 0.002 0.024
0.978 0.004 0.017 0.001
0.990 0.003 0.005 0.002
0.956 0.016 0.014 0.014
0.996 0.001 0.002 0.001
0.986 0.009 0.001 0.005
0.951 0.016 0.001 0.031
0.982 0.008 0.009 0.001
0.991 0.002 0.005 0.002
0.997 0.001 0.001 0.001
0.977 0.012 0.002 0.009
0.001 0.007 0.007 0.985
0.003 0.214 0.371 0.412
0.004 0.006 0.007 0.984
0.979 0.009 0.006 0.006
0.994 0.001 0.002 0.003
0.994 0.004 0.001 0.001
0.996 0.001 0.002 0.001
0.990 0.006 0.001 0.003
0.995 0.003 0.001 0.001
0.993 0.002 0.002 0.002
0.966 0.015 0.003 0.016
0.989 0.003 0.002 0.006
0.992 0.006 0.001 0.001
0.992 0.003 0.001 0.004
0.913 0.081 0.004 0.002
0.993 0.002 0.001 0.004
0.987 0.006 0.004 0.003
0.996 0.002 0.001 0.001
0.993 0.004 0.001 0.001
0.993 0.003 0.001 0.003
0.989 0.008 0.001 0.002
0.994 0.001 0.002 0.002
0.995 0.002 0.001 0.003
0.981 0.004 0.009 0.007
0.993 0.002 0.003 0.002
0.986 0.011 0.001 0.002
0.981 0.008 0.009 0.002
0.993 0.003 0.001 0.003
0.991 0.004 0.001 0.004
0.970 0.022 0.004 0.004
0.991 0.005 0.002 0.002
0.978 0.009 0.007 0.006
0.979 0.013 0.002 0.007
0.993 0.001 0.004 0.002
0.968 0.023 0.001 0.008
0.986 0.007 0.003 0.004
0.992 0.005 0.001 0.002
0.979 0.009 0.007 0.004
0.002 0.205 0.158 0.636
0.237 0.053 0.012 0.698
0.028 0.051 0.003 0.918
0.137 0.008 0.018 0.837
0.987 0.007 0.002 0.004
0.944 0.042 0.006 0.008
0.989 0.008 0.002 0.002
0.985 0.005 0.005 0.005
0.995 0.002 0.001 0.001
0.958 0.004 0.013 0.026
0.993 0.002 0.002 0.002
0.989 0.003 0.002 0.006
0.990 0.007 0.001 0.002
0.985 0.006 0.003 0.005
0.960 0.036 0.003 0.002
0.992 0.003 0.001 0.003
0.994 0.001 0.001 0.004
0.990 0.006 0.001 0.003
0.994 0.001 0.001 0.003
0.950 0.017 0.024 0.009
0.998 0.001 0.000 0.001
0.995 0.002 0.002 0.001
0.984 0.006 0.006 0.004
0.961 0.003 0.027 0.009
0.988 0.006 0.002 0.003
0.983 0.010 0.003 0.004
0.980 0.007 0.009 0.004
0.992 0.005 0.002 0.001
0.982 0.005 0.009 0.003
0.969 0.020 0.003 0.008
0.997 0.001 0.001 0.001
0.996 0.002 0.001 0.001
0.020 0.039 0.042 0.900
0.053 0.015 0.003 0.929
0.003 0.038 0.155 0.803
0.021 0.010 0.004 0.965
0.003 0.005 0.029 0.964
0.003 0.003 0.007 0.986
0.078 0.014 0.030 0.878
0.022 0.002 0.043 0.933
0.048 0.035 0.002 0.914
0.993 0.001 0.002 0.004
0.892 0.089 0.012 0.007
0.994 0.004 0.001 0.001
0.992 0.003 0.003 0.003
0.994 0.003 0.003 0.001
0.898 0.006 0.082 0.014
0.991 0.006 0.002 0.001
0.996 0.002 0.002 0.001
0.989 0.002 0.005 0.003
0.976 0.012 0.008 0.004
0.992 0.002 0.002 0.004
0.995 0.003 0.001 0.001
0.987 0.002 0.004 0.007
0.992 0.006 0.001 0.001
0.903 0.088 0.001 0.008
0.002 0.021 0.009 0.969
0.255 0.014 0.008 0.722
0.001 0.005 0.433 0.561
0.003 0.056 0.079 0.862
0.002 0.004 0.182 0.812
0.079 0.077 0.009 0.835
0.005 0.002 0.192 0.801
0.159 0.006 0.001 0.834
0.011 0.005 0.004 0.980
0.003 0.007 0.006 0.984
0.001 0.007 0.240 0.752
0.125 0.042 0.015 0.817
0.155 0.003 0.014 0.829
0.001 0.004 0.002 0.994
0.008 0.036 0.061 0.895
0.147 0.057 0.014 0.782
0.018 0.102 0.008 0.873
0.294 0.001 0.009 0.696
0.023 0.012 0.003 0.962
0.004 0.009 0.006 0.980
0.004 0.022 0.004 0.969
0.177 0.008 0.004 0.811
0.387 0.111 0.009 0.493
0.001 0.002 0.208 0.789
0.019 0.027 0.009 0.945
0.095 0.004 0.022 0.878
0.002 0.035 0.106 0.858
0.003 0.006 0.008 0.983
0.004 0.004 0.040 0.952
0.056 0.155 0.001 0.787
0.002 0.001 0.132 0.866
0.088 0.010 0.010 0.892
0.005 0.032 0.075 0.889
0.003 0.004 0.295 0.698
0.001 0.006 0.635 0.358
0.001 0.027 0.003 0.969
0.007 0.077 0.017 0.899
0.004 0.011 0.027 0.958
0.002 0.057 0.728 0.213
0.252 0.054 0.003 0.691
0.177 0.008 0.004 0.810
0.002 0.002 0.001 0.996
0.159 0.012 0.119 0.711
0.218 0.041 0.005 0.736
0.282 0.001 0.001 0.715
0.081 0.119 0.151 0.649
0.005 0.059 0.013 0.923
0.042 0.009 0.006 0.943
0.029 0.230 0.001 0.740
0.003 0.010 0.227 0.760
0.344 0.003 0.001 0.653
0.002 0.006 0.005 0.987
0.208 0.002 0.396 0.394
0.233 0.002 0.011 0.754
0.021 0.022 0.018 0.939
0.114 0.322 0.003 0.562
0.042 0.032 0.175 0.751
0.001 0.009 0.002 0.988
0.095 0.214 0.104 0.587
0.104 0.010 0.006 0.880
0.022 0.027 0.018 0.933
0.067 0.012 0.010 0.911
0.001 0.006 0.184 0.809
0.005 0.260 0.026 0.709
0.050 0.014 0.150 0.787
0.225 0.025 0.002 0.748
0.001 0.001 0.012 0.986
0.006 0.003 0.035 0.956
0.056 0.014 0.015 0.915
0.003 0.031 0.005 0.962
0.006 0.031 0.118 0.844
0.002 0.005 0.020 0.973
0.328 0.049 0.004 0.619
0.002 0.012 0.244 0.742
0.001 0.003 0.124 0.872
0.505 0.002 0.073 0.420
0.183 0.011 0.007 0.799
0.004 0.015 0.213 0.768
0.034 0.040 0.005 0.921
0.053 0.012 0.006 0.930
0.001 0.014 0.004 0.980
0.003 0.213 0.460 0.325
0.001 0.003 0.860 0.136
0.005 0.001 0.343 0.651
0.006 0.015 0.013 0.966
0.104 0.083 0.001 0.812
0.170 0.014 0.002 0.814
0.003 0.001 0.003 0.993
0.130 0.057 0.012 0.801
0.040 0.183 0.040 0.737
0.023 0.029 0.066 0.881
0.003 0.018 0.001 0.977
0.417 0.010 0.109 0.464
0.077 0.002 0.002 0.919
0.043 0.040 0.001 0.915
0.222 0.007 0.337 0.434
0.006 0.010 0.003 0.981
0.033 0.006 0.145 0.817
0.006 0.005 0.016 0.974
0.006 0.008 0.003 0.982
0.013 0.028 0.006 0.954
0.002 0.004 0.374 0.621
0.004 0.025 0.036 0.934
0.001 0.004 0.053 0.942
0.007 0.002 0.310 0.681
0.001 0.005 0.266 0.727
0.009 0.013 0.010 0.968
0.023 0.103 0.004 0.871
0.049 0.043 0.007 0.901
0.006 0.084 0.224 0.686
0.004 0.004 0.037 0.954
0.003 0.033 0.002 0.962
0.589 0.010 0.002 0.398
0.218 0.033 0.316 0.433
0.039 0.158 0.005 0.798
0.246 0.028 0.002 0.725
0.450 0.017 0.003 0.530
0.147 0.002 0.002 0.848
0.054 0.016 0.010 0.920
0.244 0.010 0.002 0.744
0.229 0.012 0.008 0.751
0.214 0.028 0.110 0.648
0.167 0.013 0.001 0.819
0.002 0.015 0.039 0.944
0.251 0.007 0.002 0.740
0.227 0.006 0.001 0.766
0.276 0.040 0.259 0.425
0.378 0.010 0.015 0.598
0.054 0.019 0.088 0.839
0.558 0.002 0.003 0.437
0.231 0.015 0.037 0.717
0.278 0.001 0.001 0.719
0.295 0.002 0.076 0.627
0.302 0.003 0.001 0.694
0.021 0.171 0.004 0.804
0.098 0.151 0.012 0.739
0.046 0.030 0.073 0.850
0.001 0.060 0.002 0.937
0.000 0.055 0.463 0.482
0.001 0.005 0.397 0.597
0.017 0.016 0.026 0.942
0.125 0.035 0.002 0.839
0.028 0.025 0.242 0.705
0.040 0.018 0.002 0.940
0.078 0.127 0.271 0.525
0.188 0.033 0.222 0.557
0.030 0.034 0.066 0.871
0.004 0.028 0.040 0.928
0.257 0.012 0.045 0.686
0.253 0.001 0.188 0.557
0.007 0.016 0.167 0.810
0.095 0.001 0.002 0.903
0.296 0.002 0.008 0.695
0.003 0.001 0.011 0.985
0.000 0.003 0.002 0.995
0.004 0.027 0.116 0.853
0.352 0.011 0.001 0.636
0.446 0.001 0.003 0.551
0.069 0.042 0.303 0.586
0.005 0.043 0.083 0.869
0.061 0.003 0.009 0.927
0.274 0.030 0.001 0.695
0.157 0.047 0.024 0.771
0.429 0.001 0.005 0.565
0.385 0.000 0.090 0.525
0.101 0.001 0.319 0.578
0.097 0.044 0.004 0.856
0.006 0.012 0.004 0.977
0.002 0.006 0.003 0.989
0.005 0.012 0.191 0.792
0.071 0.003 0.438 0.487
0.002 0.045 0.002 0.950
0.115 0.003 0.144 0.738
0.002 0.028 0.005 0.965
0.110 0.141 0.028 0.721
0.003 0.002 0.004 0.991
0.124 0.002 0.475 0.399
0.056 0.003 0.180 0.761
0.022 0.025 0.004 0.949
0.019 0.004 0.020 0.957
0.025 0.121 0.004 0.850
0.002 0.005 0.001 0.992
0.001 0.010 0.008 0.981
0.001 0.006 0.002 0.991
0.002 0.003 0.002 0.993
0.001 0.005 0.004 0.990
0.001 0.012 0.004 0.983
0.002 0.008 0.002 0.988
0.001 0.003 0.001 0.994
0.002 0.001 0.002 0.996
0.002 0.003 0.002 0.993
0.002 0.006 0.002 0.991
0.002 0.006 0.001 0.992
0.001 0.005 0.001 0.994
0.010 0.012 0.002 0.975
0.003 0.006 0.015 0.976
0.005 0.005 0.004 0.985
0.002 0.004 0.001 0.993
0.003 0.003 0.003 0.990
0.001 0.007 0.001 0.992
0.001 0.020 0.014 0.965
0.001 0.010 0.002 0.987
0.016 0.018 0.007 0.959
0.000 0.001 0.003 0.996
0.169 0.005 0.004 0.822
0.007 0.005 0.408 0.580
0.001 0.026 0.383 0.589
0.511 0.010 0.012 0.466
0.010 0.278 0.001 0.711
0.284 0.008 0.002 0.706
0.433 0.055 0.003 0.510
0.262 0.063 0.009 0.665
0.442 0.018 0.003 0.537
0.009 0.789 0.002 0.200
0.002 0.488 0.008 0.502
0.098 0.750 0.010 0.142
0.005 0.799 0.001 0.196
0.888 0.076 0.020 0.016
0.988 0.009 0.001 0.002
0.984 0.012 0.001 0.003
0.989 0.003 0.006 0.002
0.978 0.006 0.011 0.005
0.989 0.008 0.001 0.002
0.001 0.002 0.006 0.990
0.001 0.015 0.007 0.978
0.003 0.013 0.011 0.973
0.001 0.008 0.003 0.988
0.002 0.024 0.006 0.967
0.001 0.010 0.010 0.979
0.001 0.007 0.002 0.990
0.003 0.015 0.003 0.979
0.001 0.012 0.001 0.986
0.003 0.031 0.070 0.897
0.001 0.025 0.002 0.973
0.001 0.069 0.002 0.928
0.002 0.005 0.001 0.992
0.003 0.018 0.002 0.977
0.006 0.004 0.004 0.987
0.003 0.002 0.003 0.992
0.002 0.040 0.003 0.955
0.015 0.020 0.006 0.960
0.004 0.020 0.201 0.774
0.006 0.011 0.027 0.956
0.001 0.001 0.004 0.993
0.001 0.002 0.003 0.995
0.001 0.020 0.017 0.961
0.019 0.022 0.012 0.947
0.002 0.017 0.011 0.970
0.002 0.014 0.002 0.982
0.018 0.207 0.001 0.774
0.001 0.002 0.001 0.996
0.001 0.007 0.001 0.991
0.003 0.014 0.002 0.981
0.001 0.004 0.001 0.993
0.002 0.001 0.007 0.990
0.004 0.004 0.029 0.963
0.001 0.013 0.003 0.983
0.002 0.001 0.008 0.989
0.004 0.003 0.008 0.985
0.001 0.003 0.004 0.991
0.001 0.004 0.105 0.890
0.001 0.005 0.001 0.993
0.000 0.007 0.035 0.958
0.002 0.005 0.001 0.992
0.003 0.006 0.003 0.988
0.004 0.066 0.008 0.923
0.002 0.080 0.001 0.917
0.002 0.010 0.004 0.984
0.003 0.004 0.011 0.982
0.003 0.014 0.025 0.958
0.024 0.078 0.013 0.884
0.001 0.003 0.009 0.987
0.004 0.006 0.026 0.963
0.008 0.005 0.002 0.985
0.005 0.005 0.001 0.990
0.002 0.002 0.002 0.994
0.004 0.022 0.001 0.973
0.002 0.063 0.003 0.932
0.003 0.035 0.029 0.933
0.005 0.015 0.001 0.978
0.001 0.009 0.001 0.989
0.007 0.004 0.006 0.984
0.006 0.005 0.001 0.988
0.002 0.001 0.002 0.995
0.008 0.005 0.005 0.982
0.004 0.017 0.006 0.974
0.001 0.001 0.001 0.997
0.001 0.007 0.003 0.990
0.003 0.012 0.009 0.976
0.001 0.009 0.011 0.979
0.001 0.002 0.007 0.989
0.001 0.050 0.002 0.948
0.001 0.074 0.103 0.822
0.003 0.001 0.001 0.996
0.002 0.006 0.002 0.991
0.001 0.003 0.005 0.991
0.985 0.006 0.002 0.007
0.987 0.006 0.003 0.003
0.983 0.008 0.006 0.003
0.964 0.005 0.027 0.004
0.964 0.012 0.002 0.023
0.996 0.003 0.001 0.000
0.995 0.002 0.002 0.001
0.976 0.015 0.004 0.004
0.961 0.012 0.011 0.015
0.993 0.004 0.001 0.001
0.988 0.006 0.001 0.005
0.977 0.014 0.002 0.007
0.991 0.005 0.001 0.003
0.967 0.007 0.019 0.008
0.992 0.005 0.002 0.002
0.929 0.009 0.061 0.001
0.991 0.005 0.003 0.001
0.946 0.044 0.002 0.008
0.992 0.004 0.002 0.001
0.987 0.005 0.002 0.006
0.995 0.003 0.002 0.001
0.981 0.002 0.006 0.011
0.990 0.005 0.001 0.004
0.995 0.001 0.003 0.001
0.975 0.012 0.001 0.012
0.979 0.008 0.003 0.009
0.982 0.005 0.011 0.002
0.988 0.010 0.001 0.001
0.938 0.024 0.035 0.003
0.993 0.001 0.005 0.002
0.947 0.041 0.005 0.006
0.954 0.025 0.002 0.019
0.974 0.014 0.002 0.010
0.989 0.007 0.002 0.002
0.880 0.106 0.001 0.012
0.993 0.003 0.001 0.002
0.951 0.029 0.012 0.008
0.950 0.037 0.003 0.010
0.974 0.016 0.005 0.004
0.973 0.021 0.001 0.005
0.981 0.008 0.002 0.009
0.991 0.007 0.001 0.001
0.991 0.004 0.002 0.002
0.987 0.002 0.009 0.001
0.982 0.010 0.003 0.005
0.971 0.020 0.007 0.002
0.994 0.004 0.001 0.001
0.935 0.042 0.021 0.002
0.978 0.009 0.004 0.010
0.987 0.003 0.003 0.006
0.979 0.009 0.009 0.003
0.990 0.006 0.003 0.001
0.937 0.044 0.013 0.006
0.993 0.003 0.002 0.002
0.984 0.008 0.005 0.003
0.778 0.217 0.001 0.003
0.002 0.165 0.813 0.020
0.001 0.519 0.479 0.002
0.019 0.037 0.900 0.045
0.002 0.085 0.498 0.415
0.001 0.052 0.879 0.068
0.001 0.002 0.559 0.438
0.003 0.005 0.990 0.002
0.001 0.001 0.996 0.002
0.514 0.004 0.003 0.479
0.645 0.054 0.002 0.299
0.017 0.094 0.811 0.077
0.001 0.002 0.993 0.004
0.005 0.136 0.850 0.009
0.030 0.047 0.700 0.223
0.003 0.001 0.993 0.003
0.532 0.003 0.000 0.464
0.332 0.007 0.001 0.660
0.742 0.015 0.005 0.237
0.607 0.085 0.005 0.304
0.667 0.003 0.002 0.328
0.371 0.030 0.245 0.355
0.694 0.116 0.040 0.150
0.561 0.002 0.000 0.437
0.491 0.001 0.002 0.507
0.400 0.001 0.181 0.418
0.460 0.007 0.004 0.530
0.639 0.008 0.004 0.349
0.642 0.026 0.001 0.330
0.317 0.021 0.013 0.649
0.599 0.005 0.009 0.386
0.461 0.007 0.088 0.443
0.788 0.200 0.001 0.011
0.595 0.009 0.008 0.388
0.373 0.008 0.177 0.442
0.674 0.001 0.002 0.323
0.731 0.002 0.001 0.266
0.627 0.180 0.002 0.192
0.592 0.005 0.003 0.399
0.608 0.218 0.000 0.173
0.000 0.001 0.998 0.001
0.001 0.001 0.997 0.001
0.681 0.004 0.001 0.314
0.222 0.198 0.469 0.111
0.291 0.001 0.029 0.680
0.661 0.258 0.005 0.076
0.499 0.002 0.004 0.495
0.243 0.002 0.237 0.517
0.569 0.001 0.003 0.426
0.612 0.122 0.001 0.265
0.489 0.004 0.001 0.505
0.456 0.003 0.006 0.535
0.406 0.005 0.003 0.587
0.353 0.001 0.002 0.644
0.675 0.002 0.005 0.318
0.011 0.016 0.882 0.090
0.000 0.029 0.860 0.111
0.001 0.026 0.333 0.640
0.130 0.007 0.534 0.329
0.075 0.080 0.835 0.010
0.516 0.013 0.001 0.470
0.715 0.052 0.007 0.227
0.629 0.003 0.003 0.365
0.608 0.014 0.003 0.376
0.783 0.002 0.039 0.176
0.322 0.007 0.289 0.382
0.686 0.018 0.002 0.294
0.008 0.015 0.971 0.007
0.002 0.001 0.651 0.346
0.001 0.003 0.993 0.003
0.001 0.004 0.990 0.005
0.002 0.002 0.995 0.001
0.968 0.011 0.017 0.004
0.993 0.004 0.001 0.002
0.990 0.005 0.001 0.005
0.945 0.016 0.032 0.007
0.976 0.008 0.003 0.013
0.996 0.003 0.001 0.001
0.906 0.028 0.012 0.053
0.970 0.005 0.013 0.011
0.962 0.020 0.003 0.015
0.982 0.013 0.002 0.002
0.987 0.005 0.002 0.006
0.986 0.010 0.003 0.001
0.991 0.004 0.001 0.003
0.969 0.019 0.003 0.008
0.944 0.042 0.005 0.010
0.994 0.002 0.002 0.002
0.967 0.003 0.029 0.001
0.008 0.010 0.647 0.336
0.002 0.005 0.915 0.079
0.001 0.001 0.998 0.001
0.001 0.002 0.938 0.059
0.947 0.010 0.023 0.020
0.915 0.045 0.022 0.017
0.880 0.085 0.006 0.030
0.813 0.166 0.003 0.018
0.948 0.031 0.009 0.013
0.921 0.060 0.015 0.004
0.957 0.002 0.018 0.024
0.982 0.005 0.007 0.005
0.645 0.347 0.002 0.007
0.980 0.014 0.002 0.004
0.985 0.005 0.004 0.006
0.978 0.010 0.004 0.008
0.986 0.003 0.007 0.004
0.991 0.002 0.004 0.002
0.962 0.015 0.013 0.010
0.979 0.005 0.004 0.012
0.985 0.005 0.003 0.007
0.981 0.011 0.005 0.003
0.962 0.026 0.003 0.008
0.994 0.003 0.001 0.001
0.982 0.005 0.007 0.005
0.552 0.003 0.035 0.409
0.512 0.023 0.001 0.464
0.001 0.001 0.997 0.001
0.762 0.045 0.031 0.162
0.610 0.004 0.002 0.384
0.748 0.000 0.002 0.249
0.030 0.026 0.930 0.014
0.001 0.001 0.996 0.001
0.001 0.003 0.995 0.001
0.858 0.127 0.010 0.005
0.988 0.007 0.002 0.003
0.992 0.002 0.001 0.004
0.931 0.052 0.010 0.006
0.990 0.008 0.001 0.001
0.991 0.005 0.002 0.003
0.982 0.010 0.003 0.005
0.887 0.061 0.032 0.021
0.963 0.003 0.030 0.004
0.931 0.011 0.028 0.029
0.981 0.003 0.014 0.002
0.971 0.023 0.001 0.005
0.889 0.052 0.003 0.055
0.992 0.006 0.001 0.001
0.967 0.023 0.006 0.004
0.958 0.025 0.006 0.011
0.995 0.002 0.002 0.001
0.091 0.060 0.845 0.004
0.004 0.007 0.835 0.154
0.439 0.013 0.004 0.544
0.634 0.006 0.004 0.357
0.714 0.037 0.002 0.246
0.952 0.035 0.002 0.010
0.984 0.009 0.006 0.001
0.981 0.013 0.005 0.001
0.997 0.001 0.001 0.001
0.993 0.004 0.000 0.002
0.983 0.009 0.002 0.006
0.987 0.009 0.002 0.001
0.992 0.004 0.002 0.003
0.981 0.011 0.003 0.005
0.978 0.012 0.005 0.005
0.965 0.018 0.004 0.013
0.995 0.001 0.002 0.001
0.979 0.008 0.002 0.010
0.996 0.001 0.001 0.002
0.994 0.003 0.002 0.001
0.995 0.002 0.002 0.002
0.963 0.018 0.005 0.014
0.992 0.004 0.001 0.003
0.974 0.007 0.010 0.008
0.997 0.001 0.001 0.001
0.002 0.001 0.002 0.995
0.003 0.105 0.003 0.889
0.001 0.015 0.002 0.982
0.002 0.007 0.005 0.986
0.004 0.005 0.001 0.990
0.001 0.008 0.003 0.989
0.001 0.012 0.013 0.974
0.005 0.013 0.006 0.976
0.002 0.001 0.003 0.994
0.001 0.010 0.005 0.984
0.001 0.038 0.000 0.961
0.003 0.008 0.014 0.974
0.001 0.002 0.002 0.994
0.002 0.003 0.025 0.970
0.905 0.057 0.022 0.016
0.249 0.030 0.001 0.720
0.251 0.073 0.005 0.671
0.002 0.001 0.997 0.001
0.003 0.001 0.572 0.424
0.763 0.002 0.001 0.233
0.410 0.008 0.001 0.581
0.613 0.026 0.009 0.352
0.462 0.008 0.002 0.527
0.561 0.053 0.003 0.383
0.588 0.002 0.002 0.408
0.763 0.002 0.001 0.233
0.460 0.271 0.236 0.034
0.759 0.018 0.002 0.221
0.585 0.005 0.001 0.409
0.724 0.001 0.001 0.274
0.002 0.012 0.756 0.230
0.003 0.012 0.936 0.049
0.001 0.006 0.835 0.158
0.001 0.017 0.848 0.135
0.637 0.002 0.005 0.356
0.532 0.066 0.001 0.400
0.674 0.002 0.003 0.321
0.554 0.015 0.000 0.431
0.344 0.009 0.001 0.646
0.526 0.010 0.003 0.462
0.657 0.019 0.003 0.322
0.413 0.023 0.005 0.559
0.136 0.025 0.824 0.015
0.001 0.006 0.992 0.002
0.001 0.002 0.995 0.001
0.439 0.003 0.002 0.556
0.000 0.000 0.882 0.118
0.001 0.001 0.997 0.001
0.001 0.001 0.997 0.002
0.002 0.011 0.983 0.004
0.092 0.117 0.789 0.002
0.002 0.004 0.994 0.001
0.001 0.002 0.996 0.001
0.011 0.038 0.863 0.088
0.002 0.002 0.993 0.004
0.003 0.005 0.593 0.399
0.001 0.002 0.995 0.001
0.004 0.011 0.976 0.009
0.005 0.025 0.737 0.233
0.469 0.012 0.001 0.518
0.549 0.022 0.008 0.421
0.987 0.008 0.001 0.003
0.990 0.003 0.004 0.002
0.982 0.004 0.002 0.012
0.993 0.003 0.003 0.002
0.994 0.002 0.002 0.002
0.993 0.004 0.001 0.002
0.992 0.004 0.003 0.001
0.990 0.002 0.001 0.006
0.990 0.005 0.004 0.002
0.971 0.008 0.005 0.016
0.987 0.006 0.003 0.003
0.977 0.011 0.009 0.003
0.988 0.006 0.001 0.005
0.992 0.005 0.001 0.003
0.993 0.003 0.002 0.001
0.979 0.013 0.004 0.004
0.965 0.006 0.028 0.001
0.863 0.108 0.019 0.011
0.984 0.008 0.004 0.004
0.853 0.131 0.013 0.003
0.961 0.016 0.016 0.007
0.981 0.008 0.005 0.006
0.936 0.008 0.038 0.018
0.982 0.005 0.002 0.011
0.983 0.002 0.011 0.004
0.983 0.008 0.002 0.007
0.919 0.038 0.034 0.009
0.952 0.024 0.005 0.019
0.989 0.006 0.002 0.003
0.994 0.003 0.001 0.002
0.989 0.002 0.003 0.005
0.993 0.002 0.004 0.002
0.955 0.036 0.005 0.004
0.952 0.016 0.017 0.014
0.990 0.003 0.005 0.002
0.001 0.001 0.997 0.001
0.007 0.024 0.652 0.317
0.013 0.005 0.240 0.742
0.001 0.017 0.691 0.291
0.000 0.001 0.998 0.001
0.001 0.002 0.652 0.345
0.017 0.003 0.804 0.176
0.004 0.009 0.982 0.005
0.079 0.002 0.916 0.002
0.004 0.025 0.673 0.297
0.000 0.000 0.997 0.002
0.001 0.003 0.758 0.238
0.004 0.005 0.977 0.014
0.001 0.007 0.981 0.011
0.001 0.003 0.996 0.001
0.003 0.004 0.986 0.007
0.002 0.001 0.993 0.004
0.001 0.001 0.996 0.002
0.001 0.001 0.995 0.003
0.001 0.003 0.612 0.384
0.001 0.001 0.996 0.002
0.026 0.043 0.910 0.021
0.001 0.001 0.997 0.001
0.006 0.015 0.436 0.543
0.000 0.001 0.998 0.001
0.002 0.991 0.002 0.005
0.009 0.918 0.003 0.070
0.003 0.678 0.005 0.314
0.002 0.542 0.001 0.456
0.000 0.002 0.996 0.001
0.041 0.002 0.950 0.007
0.003 0.021 0.973 0.003
0.024 0.013 0.494 0.469
0.003 0.030 0.658 0.309
0.001 0.085 0.518 0.397
0.001 0.001 0.997 0.001
0.978 0.011 0.005 0.006
0.996 0.001 0.001 0.001
0.971 0.005 0.017 0.007
0.966 0.025 0.001 0.008
0.001 0.001 0.996 0.001
0.002 0.002 0.993 0.003
0.002 0.012 0.984 0.002
0.004 0.001 0.717 0.279
0.004 0.003 0.991 0.003
0.001 0.001 0.996 0.002
0.122 0.004 0.873 0.001
0.002 0.002 0.994 0.002
0.001 0.002 0.844 0.154
0.009 0.007 0.974 0.011
0.008 0.004 0.980 0.009
0.000 0.001 0.998 0.000
0.002 0.007 0.989 0.002
0.001 0.003 0.990 0.006
0.003 0.016 0.980 0.002
0.003 0.006 0.986 0.005
0.001 0.002 0.994 0.003
0.001 0.001 0.998 0.001
0.001 0.001 0.996 0.002
0.002 0.002 0.994 0.002
0.015 0.010 0.969 0.005
0.003 0.002 0.993 0.002
0.036 0.032 0.924 0.007
0.001 0.002 0.995 0.001
0.003 0.014 0.978 0.006
0.000 0.002 0.996 0.001
0.001 0.003 0.995 0.001
0.003 0.559 0.001 0.437
0.006 0.813 0.025 0.157
0.137 0.710 0.013 0.140
0.001 0.890 0.013 0.097
0.003 0.909 0.001 0.088
0.001 0.007 0.989 0.003
0.001 0.001 0.992 0.005
0.005 0.004 0.941 0.050
0.003 0.012 0.978 0.007
0.001 0.038 0.949 0.012
0.001 0.000 0.998 0.001
0.005 0.003 0.988 0.004
0.002 0.003 0.992 0.003
0.004 0.009 0.980 0.006
0.001 0.004 0.989 0.006
0.003 0.005 0.983 0.009
0.026 0.008 0.953 0.014
0.001 0.004 0.992 0.003
0.001 0.001 0.996 0.002
0.001 0.001 0.998 0.001
0.001 0.004 0.983 0.012
0.001 0.841 0.002 0.156
0.002 0.961 0.002 0.035
0.010 0.680 0.020 0.290
0.050 0.573 0.001 0.376
0.004 0.961 0.008 0.026
0.012 0.874 0.005 0.109
0.002 0.634 0.001 0.363
0.003 0.644 0.003 0.349
0.001 0.988 0.002 0.009
0.003 0.988 0.003 0.007
0.005 0.002 0.983 0.010
0.002 0.005 0.989 0.004
0.012 0.007 0.976 0.005
0.006 0.006 0.985 0.003
0.001 0.001 0.995 0.002
0.000 0.001 0.998 0.000
0.002 0.657 0.004 0.337
0.002 0.923 0.004 0.071
0.001 0.989 0.009 0.001
0.004 0.989 0.002 0.005
0.002 0.985 0.003 0.010
0.005 0.989 0.005 0.002
0.003 0.730 0.001 0.266
0.003 0.777 0.006 0.213
0.001 0.909 0.008 0.081
0.005 0.816 0.013 0.167
0.004 0.585 0.010 0.401
0.005 0.688 0.000 0.306
0.006 0.907 0.019 0.068
0.011 0.005 0.976 0.008
0.001 0.001 0.996 0.001
0.002 0.001 0.994 0.003
0.002 0.005 0.987 0.007
0.002 0.001 0.995 0.001
0.009 0.009 0.978 0.004
0.003 0.991 0.002 0.005
0.011 0.986 0.001 0.001
0.051 0.912 0.001 0.036
0.001 0.632 0.001 0.366
0.006 0.877 0.038 0.080
0.007 0.665 0.005 0.323
0.005 0.870 0.064 0.061
0.003 0.737 0.004 0.256
0.009 0.940 0.005 0.046
0.001 0.001 0.997 0.001
0.022 0.002 0.974 0.002
0.001 0.001 0.996 0.002
0.001 0.001 0.998 0.001
0.005 0.010 0.978 0.007
0.004 0.006 0.988 0.003
0.002 0.002 0.990 0.006
0.001 0.002 0.992 0.005
0.001 0.001 0.998 0.000
0.004 0.977 0.001 0.017
0.006 0.981 0.001 0.012
0.022 0.962 0.009 0.007
0.001 0.813 0.002 0.184
0.002 0.896 0.004 0.098
0.002 0.987 0.001 0.010
0.042 0.939 0.002 0.018
0.004 0.965 0.001 0.029
0.081 0.537 0.022 0.360
0.006 0.980 0.003 0.011
0.015 0.972 0.003 0.010
0.013 0.973 0.007 0.006
0.002 0.006 0.985 0.008
0.006 0.012 0.956 0.025
0.005 0.002 0.989 0.005
0.001 0.002 0.997 0.001
0.002 0.002 0.994 0.002
0.001 0.001 0.996 0.001
0.057 0.020 0.900 0.023
0.001 0.004 0.797 0.198
0.004 0.003 0.991 0.002
0.006 0.017 0.939 0.038
0.004 0.005 0.982 0.009
0.003 0.004 0.982 0.010
0.004 0.004 0.991 0.002
0.001 0.003 0.988 0.008
0.003 0.001 0.990 0.006
0.002 0.001 0.997 0.001
0.000 0.000 0.998 0.001
0.006 0.026 0.954 0.013
0.001 0.002 0.995 0.003
0.002 0.002 0.994 0.002
0.001 0.001 0.997 0.001
0.002 0.004 0.990 0.004
0.003 0.015 0.966 0.016
0.001 0.002 0.994 0.004
0.001 0.001 0.991 0.007
0.016 0.016 0.963 0.005
0.002 0.001 0.996 0.001
0.001 0.002 0.995 0.001
0.002 0.007 0.990 0.001
0.003 0.029 0.904 0.064
0.029 0.038 0.907 0.026
0.002 0.004 0.990 0.004
0.001 0.002 0.996 0.001
0.001 0.001 0.997 0.001
0.004 0.029 0.959 0.007
0.000 0.001 0.998 0.001
0.004 0.002 0.992 0.002
0.001 0.002 0.997 0.001
0.003 0.003 0.992 0.002
0.001 0.004 0.992 0.003
0.001 0.001 0.997 0.002
0.002 0.004 0.990 0.003
0.002 0.001 0.996 0.001
0.002 0.002 0.994 0.001
0.002 0.002 0.992 0.004
0.003 0.001 0.994 0.001
0.001 0.001 0.996 0.002
0.001 0.001 0.998 0.001
0.002 0.003 0.991 0.004
0.002 0.006 0.992 0.001
0.002 0.002 0.995 0.001
0.001 0.002 0.996 0.002
0.001 0.002 0.996 0.000
0.001 0.001 0.998 0.001
0.001 0.000 0.998 0.001
0.001 0.002 0.995 0.001
0.003 0.001 0.994 0.003
0.005 0.008 0.972 0.016
0.205 0.791 0.001 0.003
0.003 0.990 0.004 0.002
0.038 0.954 0.004 0.005
0.032 0.966 0.001 0.002
0.005 0.842 0.003 0.150
0.001 0.775 0.004 0.220
0.002 0.988 0.001 0.010
0.003 0.900 0.003 0.094
0.003 0.809 0.002 0.186
0.005 0.776 0.009 0.209
0.002 0.007 0.981 0.009
0.001 0.004 0.987 0.008
0.001 0.006 0.977 0.016
0.003 0.014 0.981 0.002
0.000 0.001 0.998 0.001
0.002 0.002 0.993 0.003
0.001 0.004 0.992 0.002
0.001 0.001 0.998 0.001
0.001 0.001 0.997 0.002
0.005 0.012 0.979 0.004
0.003 0.007 0.988 0.003
0.001 0.001 0.997 0.001
0.002 0.004 0.992 0.002
0.001 0.001 0.996 0.002
0.001 0.003 0.993 0.003
0.000 0.001 0.998 0.001
0.003 0.003 0.993 0.001
0.001 0.000 0.997 0.002
0.002 0.006 0.986 0.007
0.002 0.007 0.986 0.005
0.000 0.001 0.998 0.001
0.001 0.001 0.997 0.002
0.001 0.002 0.995 0.001
0.000 0.001 0.998 0.001
0.002 0.002 0.994 0.002
0.002 0.001 0.996 0.002
0.002 0.007 0.976 0.016
0.002 0.001 0.995 0.002
0.001 0.001 0.997 0.001
0.001 0.001 0.996 0.002
0.002 0.008 0.979 0.011
0.002 0.003 0.991 0.004
0.008 0.023 0.938 0.032
0.002 0.001 0.996 0.000
0.002 0.001 0.995 0.002
0.001 0.000 0.998 0.000
0.001 0.001 0.998 0.001
0.001 0.000 0.998 0.001
0.002 0.002 0.995 0.001
0.001 0.001 0.998 0.000
0.001 0.004 0.989 0.005
0.001 0.002 0.995 0.002
0.001 0.001 0.997 0.001
0.005 0.003 0.991 0.001
0.001 0.001 0.998 0.000
0.001 0.001 0.996 0.002
0.001 0.003 0.995 0.002
0.001 0.002 0.996 0.002
0.001 0.001 0.998 0.000
0.001 0.001 0.995 0.003
0.001 0.003 0.994 0.002
0.001 0.001 0.998 0.001
0.004 0.002 0.991 0.002
0.000 0.003 0.996 0.001
0.001 0.000 0.996 0.003
0.002 0.002 0.995 0.001
0.005 0.002 0.988 0.004
0.002 0.011 0.981 0.006
0.001 0.001 0.998 0.001
0.001 0.001 0.997 0.002
0.001 0.002 0.994 0.004
0.001 0.001 0.997 0.002
0.001 0.001 0.997 0.001
0.001 0.002 0.994 0.003
0.003 0.002 0.993 0.002
0.003 0.004 0.991 0.002
0.001 0.001 0.996 0.002
0.001 0.001 0.994 0.004
0.000 0.002 0.997 0.001
0.011 0.003 0.984 0.002
0.003 0.001 0.993 0.004
0.001 0.002 0.996 0.002
0.001 0.002 0.997 0.001
0.003 0.001 0.995 0.001
0.000 0.010 0.984 0.006
0.001 0.005 0.991 0.003
0.001 0.001 0.997 0.001
0.001 0.001 0.996 0.002
0.000 0.003 0.993 0.004
0.001 0.001 0.997 0.001
0.002 0.002 0.993 0.003
0.001 0.001 0.997 0.001
0.003 0.014 0.970 0.013
0.000 0.001 0.997 0.001
0.001 0.994 0.002 0.003
0.010 0.987 0.001 0.002
0.007 0.842 0.009 0.142
0.014 0.973 0.004 0.009
0.006 0.666 0.002 0.326
0.001 0.584 0.009 0.405
0.001 0.002 0.994 0.002
0.001 0.001 0.997 0.001
0.002 0.002 0.994 0.003
0.005 0.004 0.990 0.001
0.000 0.001 0.998 0.001
0.003 0.002 0.993 0.002
0.003 0.002 0.993 0.003
0.002 0.001 0.995 0.003
0.002 0.002 0.993 0.003
0.002 0.004 0.994 0.001
0.003 0.004 0.989 0.004
0.003 0.004 0.988 0.005
0.002 0.003 0.993 0.002
0.001 0.004 0.993 0.002
0.003 0.002 0.993 0.002
0.001 0.001 0.996 0.001
0.001 0.002 0.997 0.001
0.001 0.005 0.989 0.005
0.001 0.002 0.997 0.000
0.001 0.001 0.997 0.002
0.001 0.000 0.998 0.001
0.001 0.001 0.997 0.001
0.000 0.001 0.998 0.001
0.005 0.003 0.988 0.003
0.001 0.001 0.997 0.001
0.001 0.001 0.997 0.001
0.000 0.001 0.998 0.001
0.001 0.001 0.997 0.001
0.001 0.002 0.992 0.004
0.001 0.001 0.997 0.001
0.002 0.001 0.996 0.001
0.002 0.003 0.994 0.002
0.001 0.003 0.994 0.001
0.001 0.002 0.996 0.002
0.000 0.001 0.998 0.001
0.001 0.001 0.998 0.001
0.001 0.001 0.997 0.002
0.003 0.004 0.989 0.004
0.001 0.001 0.996 0.002
0.000 0.002 0.996 0.002
0.003 0.001 0.995 0.002
0.001 0.001 0.997 0.001
0.001 0.002 0.995 0.002
0.001 0.002 0.984 0.013
0.010 0.006 0.978 0.006
0.001 0.002 0.995 0.002
0.003 0.016 0.971 0.010
0.001 0.001 0.994 0.004
0.006 0.003 0.987 0.004
0.001 0.000 0.995 0.004
0.001 0.001 0.998 0.001
0.002 0.002 0.994 0.003
0.001 0.001 0.997 0.001
0.001 0.001 0.997 0.002
0.002 0.001 0.993 0.003
0.001 0.001 0.996 0.002
0.001 0.002 0.995 0.003
0.002 0.001 0.995 0.002
0.002 0.001 0.994 0.003
0.001 0.001 0.995 0.003
0.002 0.004 0.992 0.003
0.003 0.002 0.987 0.008
0.001 0.002 0.996 0.001
0.011 0.024 0.962 0.003
0.001 0.001 0.996 0.001
0.001 0.004 0.994 0.001
0.001 0.000 0.998 0.001
0.002 0.004 0.992 0.002
0.001 0.001 0.996 0.002
0.001 0.001 0.997 0.001
0.001 0.001 0.998 0.000
0.008 0.002 0.989 0.002
0.003 0.003 0.994 0.001
0.000 0.001 0.997 0.001
0.004 0.974 0.001 0.021
0.004 0.666 0.003 0.328
0.010 0.973 0.013 0.005
0.002 0.011 0.976 0.010
0.002 0.001 0.996 0.001
0.002 0.001 0.982 0.014
0.001 0.002 0.994 0.002
0.001 0.002 0.996 0.001
0.002 0.002 0.994 0.002
0.001 0.001 0.998 0.001
0.001 0.001 0.998 0.001
0.002 0.006 0.990 0.002
0.002 0.002 0.994 0.003
0.005 0.004 0.981 0.010
0.000 0.001 0.998 0.001
0.001 0.021 0.971 0.006
0.001 0.005 0.992 0.002
0.005 0.005 0.983 0.007
0.004 0.004 0.989 0.003
0.001 0.001 0.997 0.001
0.001 0.009 0.968 0.022
0.004 0.002 0.992 0.002
0.002 0.005 0.991 0.002
0.001 0.001 0.997 0.002
0.001 0.001 0.997 0.001
0.000 0.001 0.996 0.002
0.002 0.001 0.997 0.001
0.003 0.003 0.994 0.001
0.007 0.931 0.002 0.060
0.052 0.933 0.012 0.004
0.054 0.920 0.006 0.019
0.002 0.987 0.006 0.005
0.224 0.774 0.001 0.001
0.017 0.977 0.003 0.003
0.004 0.991 0.004 0.001
0.010 0.986 0.002 0.001
0.244 0.689 0.004 0.063
0.010 0.971 0.012 0.008
0.037 0.956 0.001 0.006
0.010 0.940 0.004 0.046
0.165 0.827 0.002 0.007
0.005 0.606 0.033 0.355
0.002 0.804 0.001 0.193
0.007 0.873 0.003 0.117
0.002 0.953 0.009 0.036
0.001 0.502 0.003 0.493
0.027 0.960 0.002 0.012
0.021 0.865 0.002 0.112
0.005 0.988 0.004 0.003
0.004 0.980 0.014 0.003
0.002 0.993 0.003 0.002
0.097 0.888 0.009 0.006
0.004 0.985 0.008 0.002
0.037 0.955 0.004 0.003
0.014 0.831 0.005 0.150
0.009 0.946 0.004 0.042
0.002 0.861 0.021 0.116
0.003 0.993 0.003 0.001
0.009 0.987 0.002 0.003
0.026 0.957 0.007 0.010
0.016 0.966 0.009 0.008
0.004 0.993 0.002 0.002
0.002 0.982 0.006 0.010
0.008 0.986 0.002 0.004
0.022 0.975 0.001 0.002
0.005 0.989 0.005 0.001
0.001 0.984 0.013 0.003
0.004 0.985 0.004 0.007
0.003 0.871 0.108 0.018
0.017 0.973 0.004 0.007
0.006 0.986 0.004 0.005
0.004 0.981 0.005 0.011
0.007 0.984 0.005 0.004
0.012 0.984 0.002 0.002
0.048 0.947 0.002 0.003
0.016 0.805 0.008 0.171
0.018 0.974 0.004 0.004
0.026 0.960 0.009 0.005
0.005 0.987 0.007 0.001
0.005 0.988 0.005 0.002
0.007 0.924 0.064 0.005
0.004 0.976 0.014 0.006
0.009 0.975 0.004 0.012
0.001 0.823 0.058 0.118
0.012 0.966 0.016 0.006
0.039 0.956 0.002 0.003
0.002 0.988 0.005 0.006
0.009 0.970 0.011 0.010
0.032 0.781 0.009 0.178
0.003 0.959 0.002 0.037
0.005 0.990 0.003 0.003
0.009 0.984 0.004 0.003
0.005 0.989 0.006 0.001
0.004 0.989 0.004 0.002
0.001 0.940 0.001 0.058
0.073 0.925 0.001 0.002
0.004 0.979 0.008 0.009
0.005 0.972 0.017 0.006
0.006 0.991 0.001 0.002
0.005 0.955 0.002 0.038
0.003 0.981 0.004 0.012
0.001 0.971 0.002 0.026
0.013 0.969 0.003 0.015
0.134 0.830 0.034 0.002
0.019 0.956 0.001 0.024
0.003 0.987 0.009 0.001
0.007 0.990 0.001 0.002
0.007 0.955 0.003 0.035
0.009 0.987 0.001 0.003
0.003 0.989 0.003 0.005
0.004 0.988 0.002 0.006
0.012 0.979 0.004 0.005
0.007 0.972 0.015 0.006
0.002 0.980 0.007 0.010
0.004 0.991 0.002 0.003
0.001 0.974 0.001 0.024
0.260 0.727 0.011 0.002
0.093 0.513 0.024 0.370
0.002 0.920 0.005 0.072
0.003 0.972 0.019 0.006
0.001 0.994 0.004 0.001
0.002 0.995 0.001 0.002
0.002 0.968 0.013 0.017
0.008 0.970 0.003 0.019
0.004 0.952 0.030 0.014
0.009 0.982 0.005 0.004
0.013 0.967 0.001 0.019
0.003 0.992 0.002 0.003
0.009 0.982 0.000 0.008
0.010 0.959 0.002 0.028
0.003 0.988 0.006 0.003
0.001 0.992 0.006 0.001
0.002 0.996 0.001 0.001
0.006 0.987 0.001 0.006
0.006 0.927 0.046 0.020
0.005 0.979 0.002 0.014
0.014 0.906 0.005 0.075
0.001 0.971 0.003 0.026
0.005 0.973 0.017 0.006
0.027 0.970 0.001 0.002
0.126 0.814 0.060 0.001
0.058 0.937 0.004 0.001
0.014 0.974 0.002 0.011
0.002 0.986 0.009 0.003
0.148 0.831 0.014 0.006
0.243 0.601 0.014 0.142
0.225 0.765 0.001 0.010
0.021 0.959 0.003 0.017
0.246 0.736 0.003 0.015
0.278 0.714 0.003 0.006
0.002 0.990 0.002 0.005
0.086 0.899 0.014 0.001
0.083 0.908 0.003 0.006
0.145 0.843 0.010 0.001
0.028 0.933 0.005 0.033
0.078 0.917 0.003 0.001
0.306 0.683 0.007 0.004
0.171 0.817 0.002 0.010
0.018 0.963 0.010 0.009
0.005 0.987 0.001 0.007
0.018 0.979 0.001 0.002
0.001 0.982 0.014 0.003
0.003 0.991 0.003 0.004
0.006 0.974 0.008 0.012
0.017 0.978 0.002 0.003
0.003 0.980 0.013 0.004
0.002 0.988 0.003 0.007
0.002 0.991 0.003 0.004
0.025 0.968 0.002 0.006
0.012 0.986 0.001 0.001
0.016 0.980 0.002 0.001
0.024 0.967 0.007 0.002
0.002 0.986 0.008 0.005
0.010 0.977 0.011 0.002
0.004 0.994 0.001 0.001
0.002 0.992 0.002 0.004
0.002 0.675 0.062 0.261
0.018 0.975 0.006 0.001
0.002 0.939 0.045 0.014
0.008 0.989 0.001 0.002
0.005 0.992 0.001 0.003
0.009 0.951 0.019 0.022
0.004 0.989 0.001 0.005
0.005 0.971 0.009 0.015
0.100 0.890 0.001 0.008
0.001 0.723 0.045 0.231
0.004 0.873 0.001 0.122
0.002 0.989 0.002 0.007
0.002 0.985 0.006 0.007
0.002 0.995 0.002 0.001
0.007 0.982 0.006 0.005
0.007 0.905 0.014 0.073
0.006 0.954 0.007 0.033
0.007 0.944 0.041 0.008
0.001 0.985 0.009 0.004
0.004 0.987 0.005 0.005
0.003 0.991 0.005 0.002
0.005 0.985 0.001 0.009
0.002 0.841 0.021 0.135
0.001 0.923 0.002 0.074
0.003 0.991 0.001 0.004
0.013 0.977 0.006 0.004
0.076 0.920 0.002 0.002
0.085 0.912 0.001 0.002
0.045 0.929 0.004 0.022
0.015 0.976 0.003 0.006
0.028 0.894 0.062 0.016
0.001 0.993 0.002 0.004
0.013 0.981 0.002 0.004
0.065 0.927 0.003 0.005
0.021 0.953 0.005 0.022
0.201 0.795 0.002 0.002
0.183 0.813 0.002 0.003
0.003 0.986 0.006 0.006
0.013 0.980 0.006 0.001
0.053 0.875 0.013 0.060
0.185 0.765 0.021 0.030
0.116 0.872 0.003 0.009
0.078 0.915 0.003 0.005
0.009 0.973 0.002 0.017
0.002 0.989 0.005 0.005
0.003 0.993 0.001 0.003
0.005 0.892 0.011 0.093
0.009 0.981 0.002 0.008
0.044 0.947 0.002 0.007
0.011 0.959 0.005 0.025
0.004 0.986 0.005 0.005
0.007 0.833 0.011 0.149
0.037 0.931 0.020 0.012
0.003 0.980 0.005 0.012
0.006 0.930 0.018 0.047
0.005 0.980 0.014 0.001
0.013 0.976 0.008 0.003
0.002 0.944 0.003 0.052
0.002 0.993 0.002 0.003
0.036 0.961 0.001 0.002
0.003 0.989 0.002 0.006
0.002 0.990 0.005 0.004
0.002 0.995 0.003 0.001
0.004 0.995 0.001 0.001
0.020 0.948 0.011 0.021
0.007 0.990 0.001 0.001
0.001 0.995 0.003 0.001
0.003 0.987 0.001 0.010
0.009 0.980 0.007 0.004
0.002 0.980 0.006 0.012
0.015 0.982 0.002 0.001
0.003 0.995 0.001 0.001
0.001 0.944 0.039 0.015
0.013 0.974 0.004 0.009
0.007 0.988 0.002 0.003
0.002 0.996 0.000 0.002
