0.002 0.985 0.007 0.007
0.006 0.945 0.015 0.034
0.004 0.988 0.006 0.003
0.007 0.979 0.008 0.006
0.003 0.922 0.023 0.052
0.011 0.954 0.011 0.023
0.002 0.988 0.007 0.003
0.002 0.992 0.003 0.004
0.003 0.994 0.002 0.001
0.008 0.965 0.012 0.015
0.004 0.980 0.009 0.007
0.003 0.986 0.004 0.007
0.004 0.980 0.015 0.001
0.003 0.989 0.005 0.002
0.004 0.983 0.008 0.004
0.002 0.981 0.002 0.014
0.019 0.969 0.012 0.001
0.003 0.985 0.005 0.007
0.005 0.971 0.005 0.019
0.008 0.984 0.006 0.002
0.015 0.975 0.004 0.006
0.003 0.984 0.007 0.006
0.002 0.989 0.006 0.003
0.014 0.961 0.018 0.006
0.003 0.979 0.004 0.014
0.001 0.992 0.002 0.005
0.001 0.995 0.001 0.003
0.006 0.965 0.022 0.007
0.007 0.972 0.016 0.004
0.032 0.934 0.014 0.021
0.003 0.989 0.002 0.006
0.004 0.985 0.008 0.004
0.006 0.983 0.009 0.003
0.007 0.985 0.003 0.005
0.002 0.975 0.014 0.010
0.018 0.898 0.010 0.074
0.002 0.985 0.002 0.011
0.005 0.988 0.003 0.004
0.001 0.991 0.004 0.004
0.001 0.993 0.001 0.005
0.024 0.964 0.005 0.007
0.003 0.855 0.077 0.065
0.083 0.881 0.021 0.015
0.060 0.916 0.013 0.011
0.005 0.987 0.003 0.004
0.002 0.984 0.009 0.004
0.008 0.980 0.003 0.010
0.068 0.916 0.011 0.005
0.003 0.975 0.006 0.016
0.003 0.989 0.002 0.007
0.001 0.967 0.028 0.005
0.002 0.994 0.002 0.001
0.011 0.915 0.006 0.068
0.010 0.959 0.009 0.022
0.001 0.990 0.007 0.001
0.003 0.983 0.007 0.007
0.005 0.989 0.003 0.002
0.002 0.989 0.002 0.006
0.002 0.993 0.003 0.002
0.030 0.906 0.043 0.020
0.069 0.916 0.014 0.001
0.003 0.973 0.006 0.018
0.022 0.950 0.023 0.004
0.010 0.983 0.002 0.004
0.003 0.980 0.012 0.005
0.028 0.880 0.057 0.034
0.001 0.986 0.006 0.007
0.005 0.979 0.006 0.010
0.001 0.968 0.010 0.021
0.003 0.987 0.004 0.006
0.002 0.891 0.009 0.098
0.003 0.985 0.008 0.004
0.007 0.961 0.001 0.030
0.011 0.859 0.031 0.099
0.010 0.980 0.006 0.004
0.005 0.948 0.012 0.035
0.007 0.957 0.002 0.035
0.004 0.951 0.007 0.037
0.022 0.945 0.025 0.008
0.005 0.943 0.038 0.014
0.002 0.990 0.006 0.003
0.001 0.935 0.050 0.013
0.011 0.980 0.002 0.007
0.015 0.957 0.017 0.012
0.001 0.996 0.002 0.001
0.013 0.976 0.006 0.005
0.002 0.992 0.005 0.002
0.007 0.975 0.015 0.003
0.002 0.979 0.005 0.014
0.003 0.981 0.006 0.010
0.005 0.934 0.058 0.003
0.004 0.978 0.007 0.011
0.003 0.989 0.005 0.003
0.002 0.980 0.010 0.007
0.016 0.962 0.004 0.017
0.002 0.964 0.007 0.027
0.001 0.005 0.992 0.002
0.003 0.003 0.988 0.006
0.006 0.002 0.989 0.003
0.004 0.007 0.987 0.003
0.002 0.001 0.995 0.002
0.002 0.001 0.990 0.008
0.002 0.004 0.992 0.002
0.004 0.001 0.989 0.006
0.002 0.002 0.994 0.002
0.004 0.001 0.928 0.066
0.004 0.004 0.983 0.008
0.006 0.003 0.989 0.001
0.010 0.002 0.985 0.003
0.001 0.003 0.991 0.005
0.002 0.003 0.989 0.005
0.011 0.001 0.987 0.001
0.002 0.003 0.971 0.023
0.001 0.002 0.995 0.001
0.011 0.002 0.983 0.004
0.001 0.002 0.995 0.002
0.002 0.010 0.982 0.006
0.003 0.003 0.992 0.003
0.016 0.007 0.973 0.004
0.002 0.003 0.991 0.005
0.004 0.003 0.991 0.002
0.001 0.001 0.995 0.004
0.002 0.003 0.991 0.005
0.001 0.002 0.989 0.008
0.002 0.002 0.993 0.002
0.002 0.003 0.992 0.002
0.001 0.001 0.996 0.001
0.001 0.011 0.980 0.007
0.003 0.001 0.994 0.001
0.009 0.003 0.985 0.003
0.010 0.005 0.949 0.037
0.003 0.007 0.986 0.004
0.003 0.002 0.993 0.003
0.020 0.006 0.965 0.009
0.044 0.009 0.945 0.003
0.001 0.006 0.977 0.016
0.002 0.005 0.989 0.005
0.005 0.001 0.992 0.002
0.002 0.001 0.995 0.001
0.007 0.002 0.985 0.005
0.002 0.006 0.991 0.001
0.001 0.001 0.994 0.004
0.005 0.003 0.988 0.004
0.001 0.001 0.993 0.004
0.007 0.004 0.988 0.002
0.001 0.002 0.994 0.003
0.006 0.001 0.992 0.002
0.004 0.001 0.994 0.001
0.007 0.012 0.958 0.024
0.008 0.007 0.981 0.003
0.002 0.001 0.984 0.013
0.006 0.013 0.972 0.009
0.002 0.059 0.928 0.011
0.008 0.014 0.960 0.017
0.002 0.002 0.935 0.061
0.001 0.005 0.991 0.002
0.009 0.008 0.944 0.039
0.003 0.011 0.983 0.004
0.001 0.003 0.992 0.003
0.015 0.005 0.977 0.003
0.002 0.011 0.981 0.005
0.004 0.004 0.987 0.005
0.009 0.017 0.932 0.042
0.002 0.009 0.975 0.015
0.011 0.003 0.850 0.136
0.007 0.051 0.929 0.013
0.001 0.003 0.993 0.003
0.003 0.002 0.981 0.015
0.001 0.001 0.996 0.002
0.001 0.003 0.986 0.010
0.002 0.002 0.978 0.018
0.006 0.004 0.982 0.009
0.004 0.017 0.975 0.004
0.004 0.004 0.991 0.002
0.005 0.002 0.992 0.001
0.004 0.002 0.991 0.002
0.011 0.003 0.985 0.001
0.002 0.002 0.991 0.005
0.001 0.005 0.992 0.001
0.001 0.003 0.991 0.005
0.004 0.002 0.993 0.001
0.005 0.004 0.989 0.002
0.002 0.007 0.966 0.025
0.004 0.005 0.987 0.004
0.006 0.003 0.988 0.003
0.001 0.002 0.994 0.002
0.009 0.002 0.988 0.002
0.001 0.001 0.996 0.002
0.002 0.003 0.993 0.002
0.003 0.004 0.984 0.009
0.003 0.004 0.982 0.011
0.002 0.004 0.985 0.010
0.002 0.007 0.973 0.019
0.004 0.021 0.972 0.003
0.001 0.001 0.996 0.002
0.005 0.004 0.987 0.004
0.004 0.005 0.988 0.003
0.005 0.003 0.991 0.002
0.001 0.005 0.985 0.009
0.005 0.200 0.786 0.009
0.001 0.058 0.889 0.052
0.002 0.002 0.971 0.025
0.012 0.004 0.981 0.004
0.003 0.032 0.882 0.084
0.002 0.031 0.860 0.106
0.003 0.020 0.812 0.165
0.002 0.034 0.893 0.072
0.005 0.032 0.958 0.005
0.002 0.061 0.928 0.009
0.006 0.005 0.975 0.015
0.002 0.033 0.954 0.011
0.004 0.105 0.868 0.023
0.013 0.005 0.920 0.062
0.003 0.033 0.918 0.046
0.003 0.007 0.975 0.015
0.005 0.006 0.986 0.002
0.001 0.013 0.940 0.046
0.002 0.018 0.977 0.003
0.024 0.010 0.812 0.154
0.003 0.005 0.991 0.002
0.010 0.004 0.973 0.013
0.003 0.003 0.967 0.027
0.005 0.037 0.899 0.059
0.005 0.011 0.980 0.004
0.003 0.002 0.977 0.019
0.001 0.231 0.748 0.020
0.004 0.001 0.994 0.001
0.002 0.043 0.952 0.003
0.002 0.218 0.779 0.002
0.013 0.078 0.806 0.103
0.005 0.012 0.965 0.018
0.008 0.007 0.965 0.020
0.006 0.010 0.979 0.005
0.002 0.005 0.896 0.097
0.021 0.003 0.940 0.036
0.002 0.007 0.974 0.017
0.002 0.141 0.851 0.006
0.001 0.011 0.975 0.013
0.001 0.020 0.896 0.082
0.003 0.005 0.949 0.043
0.008 0.003 0.986 0.002
0.003 0.012 0.968 0.017
0.002 0.002 0.989 0.007
0.003 0.087 0.889 0.021
0.031 0.009 0.954 0.007
0.002 0.005 0.991 0.002
0.005 0.034 0.945 0.016
0.002 0.050 0.941 0.007
0.005 0.005 0.984 0.006
0.001 0.049 0.941 0.009
0.001 0.004 0.990 0.005
0.001 0.005 0.991 0.003
0.006 0.012 0.959 0.024
0.002 0.001 0.995 0.002
0.006 0.176 0.815 0.003
0.015 0.014 0.961 0.010
0.001 0.015 0.982 0.002
0.019 0.003 0.977 0.001
0.003 0.005 0.984 0.007
0.006 0.010 0.974 0.010
0.034 0.046 0.819 0.101
0.003 0.018 0.929 0.050
0.006 0.040 0.924 0.031
0.001 0.009 0.968 0.022
0.003 0.002 0.950 0.045
0.043 0.004 0.948 0.005
0.002 0.003 0.964 0.030
0.001 0.065 0.931 0.002
0.001 0.002 0.993 0.003
0.002 0.011 0.976 0.012
0.003 0.117 0.855 0.026
0.002 0.011 0.979 0.007
0.004 0.005 0.967 0.024
0.002 0.004 0.990 0.004
0.009 0.006 0.838 0.147
0.030 0.008 0.956 0.006
0.005 0.093 0.889 0.013
0.002 0.008 0.973 0.017
0.004 0.035 0.943 0.018
0.009 0.007 0.977 0.007
0.003 0.000 0.995 0.001
0.003 0.991 0.002 0.004
0.003 0.994 0.002 0.002
0.003 0.927 0.021 0.048
0.005 0.974 0.006 0.015
0.009 0.988 0.002 0.001
0.006 0.848 0.002 0.144
0.008 0.966 0.017 0.010
0.001 0.995 0.001 0.003
0.002 0.909 0.003 0.086
0.002 0.993 0.001 0.003
0.002 0.929 0.009 0.061
0.002 0.981 0.013 0.004
0.001 0.987 0.003 0.009
0.002 0.988 0.003 0.007
0.004 0.968 0.006 0.022
0.003 0.994 0.001 0.003
0.009 0.985 0.002 0.004
0.003 0.971 0.010 0.016
0.010 0.969 0.005 0.017
0.003 0.991 0.004 0.002
0.007 0.987 0.004 0.002
0.002 0.981 0.007 0.011
0.013 0.982 0.004 0.001
0.002 0.978 0.013 0.008
0.005 0.976 0.010 0.009
0.003 0.991 0.005 0.002
0.004 0.969 0.020 0.007
0.002 0.985 0.009 0.004
0.008 0.986 0.002 0.005
0.005 0.989 0.003 0.003
0.001 0.993 0.004 0.002
0.002 0.908 0.073 0.017
0.007 0.946 0.004 0.044
0.005 0.988 0.004 0.003
0.023 0.944 0.028 0.004
0.003 0.993 0.003 0.001
0.004 0.969 0.011 0.015
0.001 0.933 0.025 0.041
0.013 0.955 0.005 0.027
0.005 0.986 0.003 0.006
0.001 0.995 0.002 0.001
0.002 0.975 0.012 0.010
0.014 0.002 0.902 0.081
0.353 0.008 0.563 0.075
0.005 0.002 0.984 0.008
0.009 0.967 0.011 0.013
0.003 0.993 0.002 0.003
0.001 0.971 0.007 0.021
0.002 0.990 0.002 0.007
0.002 0.970 0.008 0.020
0.001 0.995 0.002 0.001
0.003 0.988 0.001 0.008
0.009 0.974 0.014 0.003
0.001 0.989 0.006 0.004
0.002 0.992 0.002 0.004
0.003 0.955 0.010 0.032
0.004 0.988 0.006 0.002
0.001 0.992 0.003 0.004
0.002 0.959 0.003 0.035
0.001 0.992 0.001 0.007
0.001 0.996 0.002 0.001
0.001 0.992 0.002 0.004
0.003 0.975 0.006 0.016
0.002 0.993 0.002 0.002
0.002 0.994 0.003 0.002
0.006 0.973 0.003 0.017
0.002 0.979 0.004 0.016
0.001 0.984 0.004 0.011
0.008 0.974 0.002 0.016
0.002 0.990 0.002 0.005
0.002 0.955 0.013 0.030
0.002 0.982 0.009 0.007
0.004 0.982 0.003 0.011
0.008 0.899 0.004 0.089
0.002 0.982 0.008 0.008
0.003 0.991 0.005 0.001
0.003 0.953 0.016 0.028
0.005 0.961 0.003 0.031
0.003 0.988 0.003 0.006
0.001 0.759 0.004 0.236
0.077 0.003 0.745 0.175
0.031 0.002 0.536 0.431
0.004 0.021 0.957 0.018
0.025 0.029 0.785 0.161
0.004 0.978 0.007 0.011
0.003 0.958 0.009 0.030
0.004 0.988 0.007 0.002
0.006 0.929 0.012 0.053
0.001 0.996 0.002 0.001
0.020 0.952 0.017 0.011
0.001 0.991 0.001 0.006
0.002 0.982 0.009 0.006
0.001 0.994 0.002 0.003
0.002 0.973 0.010 0.015
0.004 0.987 0.004 0.005
0.004 0.990 0.005 0.001
0.002 0.991 0.003 0.004
0.003 0.984 0.006 0.007
0.003 0.990 0.004 0.004
0.031 0.952 0.013 0.004
0.003 0.988 0.003 0.005
0.001 0.987 0.003 0.008
0.006 0.933 0.003 0.057
0.065 0.924 0.009 0.002
0.003 0.984 0.008 0.004
0.006 0.930 0.004 0.059
0.008 0.982 0.007 0.003
0.003 0.988 0.003 0.005
0.006 0.983 0.008 0.003
0.002 0.986 0.003 0.008
0.002 0.991 0.004 0.003
0.001 0.997 0.001 0.002
0.033 0.028 0.938 0.001
0.004 0.007 0.813 0.177
0.140 0.012 0.805 0.044
0.006 0.026 0.942 0.026
0.031 0.004 0.951 0.014
0.005 0.003 0.981 0.011
0.022 0.008 0.713 0.257
0.055 0.015 0.927 0.002
0.002 0.001 0.809 0.188
0.001 0.990 0.005 0.005
0.025 0.947 0.018 0.010
0.003 0.977 0.010 0.011
0.003 0.985 0.003 0.009
0.005 0.990 0.001 0.003
0.061 0.925 0.007 0.007
0.003 0.988 0.003 0.006
0.002 0.992 0.003 0.004
0.007 0.983 0.005 0.005
0.005 0.957 0.005 0.033
0.002 0.989 0.004 0.005
0.002 0.992 0.001 0.005
0.003 0.974 0.007 0.016
0.002 0.988 0.003 0.007
0.004 0.971 0.015 0.009
0.010 0.003 0.985 0.002
0.004 0.009 0.502 0.485
0.413 0.001 0.459 0.126
0.067 0.004 0.895 0.034
0.150 0.004 0.802 0.043
0.006 0.003 0.634 0.358
0.182 0.002 0.773 0.042
0.002 0.005 0.644 0.349
0.008 0.005 0.872 0.116
0.008 0.005 0.986 0.001
0.232 0.001 0.762 0.005
0.003 0.053 0.804 0.140
0.003 0.008 0.737 0.253
0.007 0.002 0.989 0.001
0.069 0.003 0.920 0.008
0.012 0.168 0.806 0.014
0.001 0.002 0.687 0.310
0.019 0.016 0.512 0.453
0.005 0.020 0.956 0.019
0.007 0.007 0.983 0.003
0.002 0.003 0.989 0.005
0.003 0.021 0.724 0.253
0.016 0.010 0.224 0.750
0.196 0.001 0.777 0.026
0.005 0.002 0.815 0.178
0.005 0.029 0.728 0.239
0.089 0.001 0.902 0.007
0.010 0.005 0.977 0.007
0.097 0.005 0.857 0.041
0.012 0.006 0.764 0.219
0.076 0.003 0.919 0.002
0.008 0.078 0.904 0.010
0.074 0.005 0.726 0.195
0.289 0.001 0.655 0.055
0.635 0.002 0.359 0.004
0.007 0.003 0.962 0.029
0.006 0.012 0.973 0.009
0.053 0.006 0.935 0.005
0.723 0.013 0.261 0.003
0.002 0.013 0.655 0.330
0.003 0.018 0.704 0.275
0.003 0.001 0.995 0.001
0.108 0.002 0.590 0.299
0.004 0.002 0.543 0.450
0.003 0.002 0.361 0.634
0.073 0.008 0.535 0.385
0.003 0.008 0.944 0.045
0.015 0.014 0.891 0.081
0.002 0.013 0.857 0.128
0.215 0.001 0.612 0.172
0.002 0.001 0.248 0.749
0.004 0.001 0.987 0.009
0.392 0.012 0.318 0.278
0.016 0.002 0.502 0.480
0.024 0.008 0.836 0.132
0.007 0.010 0.633 0.350
0.175 0.004 0.656 0.165
0.002 0.003 0.931 0.063
0.175 0.007 0.501 0.318
0.003 0.017 0.787 0.192
0.018 0.001 0.759 0.222
0.013 0.007 0.789 0.191
0.162 0.002 0.828 0.007
0.019 0.042 0.938 0.001
0.100 0.008 0.682 0.210
0.011 0.015 0.621 0.354
0.023 0.001 0.970 0.006
0.037 0.002 0.956 0.004
0.024 0.007 0.762 0.208
0.015 0.002 0.981 0.002
0.082 0.015 0.900 0.003
0.030 0.004 0.936 0.030
0.008 0.006 0.507 0.479
0.259 0.003 0.734 0.003
0.129 0.002 0.847 0.022
0.026 0.172 0.357 0.445
0.017 0.003 0.606 0.373
0.219 0.018 0.753 0.010
0.015 0.002 0.769 0.214
0.004 0.003 0.812 0.181
0.008 0.005 0.903 0.085
0.453 0.021 0.522 0.005
0.855 0.001 0.141 0.004
0.332 0.003 0.570 0.095
0.007 0.008 0.961 0.024
0.001 0.006 0.779 0.215
0.002 0.003 0.516 0.479
0.004 0.005 0.983 0.008
0.006 0.001 0.605 0.389
0.015 0.003 0.665 0.318
0.076 0.002 0.704 0.219
0.004 0.002 0.987 0.007
0.136 0.023 0.244 0.597
0.006 0.002 0.642 0.350
0.003 0.039 0.930 0.027
0.333 0.003 0.228 0.436
0.005 0.009 0.983 0.003
0.133 0.003 0.606 0.258
0.028 0.008 0.955 0.008
0.009 0.005 0.844 0.142
0.002 0.011 0.970 0.016
0.364 0.003 0.631 0.001
0.044 0.003 0.917 0.036
0.039 0.002 0.957 0.002
0.314 0.012 0.668 0.006
0.259 0.005 0.673 0.063
0.003 0.003 0.893 0.100
0.003 0.012 0.888 0.096
0.003 0.002 0.736 0.259
0.187 0.002 0.802 0.009
0.045 0.003 0.916 0.037
0.001 0.003 0.991 0.004
0.010 0.031 0.071 0.888
0.289 0.002 0.312 0.397
0.003 0.007 0.709 0.281
0.003 0.014 0.558 0.425
0.008 0.004 0.245 0.743
0.005 0.002 0.700 0.293
0.004 0.002 0.719 0.275
0.002 0.011 0.615 0.372
0.005 0.006 0.595 0.394
0.097 0.004 0.445 0.454
0.002 0.006 0.653 0.340
0.036 0.003 0.901 0.060
0.002 0.002 0.450 0.546
0.002 0.003 0.602 0.394
0.303 0.009 0.133 0.556
0.024 0.019 0.519 0.438
0.064 0.008 0.675 0.253
0.017 0.012 0.158 0.813
0.045 0.016 0.622 0.318
0.002 0.005 0.477 0.517
0.131 0.001 0.381 0.487
0.003 0.003 0.511 0.483
0.001 0.007 0.844 0.147
0.005 0.024 0.699 0.272
0.041 0.001 0.744 0.213
0.002 0.003 0.987 0.009
0.455 0.004 0.250 0.290
0.377 0.001 0.617 0.004
0.054 0.010 0.908 0.027
0.001 0.077 0.833 0.088
0.204 0.002 0.589 0.205
0.003 0.002 0.807 0.188
0.263 0.014 0.539 0.184
0.219 0.002 0.450 0.329
0.055 0.023 0.917 0.006
0.041 0.003 0.940 0.015
0.038 0.026 0.528 0.408
0.189 0.064 0.418 0.329
0.145 0.013 0.798 0.044
0.002 0.005 0.730 0.262
0.019 0.005 0.516 0.460
0.004 0.003 0.988 0.005
0.017 0.004 0.975 0.004
0.130 0.007 0.732 0.131
0.011 0.080 0.475 0.434
0.008 0.004 0.115 0.873
0.291 0.009 0.588 0.112
0.088 0.005 0.820 0.087
0.002 0.001 0.690 0.306
0.003 0.007 0.543 0.447
0.028 0.011 0.686 0.275
0.108 0.012 0.254 0.626
0.112 0.013 0.258 0.617
0.314 0.009 0.396 0.281
0.005 0.007 0.763 0.225
0.002 0.005 0.945 0.048
0.005 0.005 0.979 0.012
0.139 0.011 0.725 0.125
0.452 0.014 0.342 0.193
0.008 0.001 0.978 0.013
0.070 0.004 0.616 0.311
0.004 0.003 0.991 0.002
0.030 0.011 0.768 0.191
0.006 0.005 0.915 0.073
0.475 0.005 0.268 0.252
0.167 0.005 0.595 0.233
0.004 0.001 0.695 0.300
0.015 0.001 0.802 0.182
0.007 0.016 0.967 0.010
0.002 0.004 0.992 0.002
0.007 0.008 0.983 0.001
0.002 0.002 0.994 0.002
0.003 0.002 0.993 0.002
0.002 0.002 0.994 0.002
0.005 0.003 0.990 0.002
0.003 0.002 0.993 0.001
0.002 0.001 0.995 0.002
0.002 0.002 0.990 0.006
0.003 0.004 0.989 0.004
0.001 0.001 0.995 0.003
0.003 0.001 0.993 0.003
0.001 0.002 0.992 0.004
0.004 0.012 0.982 0.002
0.009 0.002 0.984 0.006
0.007 0.008 0.980 0.004
0.001 0.002 0.995 0.002
0.005 0.001 0.992 0.002
0.002 0.001 0.994 0.003
0.003 0.002 0.993 0.002
0.002 0.002 0.993 0.002
0.012 0.005 0.978 0.006
0.004 0.002 0.993 0.002
0.012 0.013 0.740 0.235
0.413 0.006 0.463 0.118
0.352 0.004 0.462 0.182
0.012 0.007 0.051 0.931
0.008 0.003 0.622 0.367
0.002 0.002 0.370 0.627
0.001 0.003 0.219 0.777
0.004 0.003 0.578 0.415
0.002 0.003 0.304 0.691
0.010 0.221 0.767 0.002
0.011 0.120 0.856 0.013
0.024 0.306 0.653 0.017
0.001 0.025 0.954 0.020
0.015 0.951 0.014 0.019
0.001 0.994 0.002 0.003
0.008 0.987 0.003 0.002
0.009 0.980 0.003 0.008
0.007 0.981 0.006 0.005
0.001 0.994 0.002 0.003
0.010 0.003 0.985 0.002
0.027 0.001 0.968 0.004
0.014 0.004 0.982 0.001
0.002 0.002 0.993 0.004
0.007 0.002 0.989 0.002
0.002 0.002 0.996 0.001
0.004 0.002 0.985 0.009
0.010 0.002 0.985 0.002
0.005 0.001 0.993 0.001
0.052 0.004 0.941 0.003
0.002 0.002 0.994 0.001
0.003 0.002 0.993 0.001
0.001 0.001 0.997 0.001
0.002 0.003 0.993 0.002
0.007 0.006 0.984 0.003
0.003 0.002 0.993 0.002
0.001 0.003 0.988 0.008
0.007 0.024 0.941 0.027
0.195 0.006 0.795 0.004
0.012 0.002 0.982 0.004
0.006 0.002 0.990 0.002
0.005 0.002 0.983 0.010
0.008 0.002 0.988 0.002
0.011 0.019 0.963 0.007
0.008 0.002 0.987 0.003
0.007 0.004 0.983 0.007
0.003 0.022 0.971 0.004
0.001 0.001 0.997 0.001
0.000 0.001 0.997 0.001
0.002 0.004 0.991 0.003
0.001 0.001 0.997 0.001
0.005 0.004 0.989 0.002
0.018 0.006 0.973 0.003
0.002 0.003 0.991 0.004
0.011 0.002 0.986 0.001
0.009 0.007 0.982 0.003
0.003 0.005 0.973 0.020
0.066 0.003 0.927 0.004
0.003 0.002 0.994 0.001
0.020 0.001 0.978 0.002
0.001 0.003 0.994 0.002
0.004 0.001 0.992 0.002
0.007 0.005 0.987 0.001
0.002 0.003 0.987 0.008
0.004 0.004 0.985 0.007
0.017 0.002 0.979 0.001
0.037 0.007 0.949 0.007
0.017 0.035 0.947 0.002
0.009 0.003 0.984 0.004
0.032 0.003 0.963 0.002
0.003 0.012 0.979 0.006
0.001 0.006 0.980 0.013
0.003 0.001 0.994 0.002
0.002 0.002 0.993 0.003
0.004 0.001 0.993 0.002
0.025 0.007 0.960 0.007
0.006 0.010 0.980 0.004
0.004 0.002 0.993 0.001
0.008 0.005 0.982 0.005
0.004 0.005 0.986 0.005
0.003 0.002 0.981 0.014
0.006 0.002 0.982 0.011
0.002 0.003 0.990 0.005
0.001 0.001 0.993 0.005
0.002 0.004 0.992 0.002
0.003 0.002 0.994 0.001
0.005 0.002 0.991 0.002
0.007 0.002 0.990 0.002
0.001 0.008 0.984 0.007
0.041 0.002 0.955 0.002
0.001 0.003 0.994 0.001
0.003 0.002 0.994 0.001
0.004 0.001 0.993 0.002
0.004 0.991 0.004 0.002
0.003 0.993 0.002 0.002
0.006 0.984 0.004 0.006
0.011 0.976 0.002 0.011
0.003 0.972 0.022 0.004
0.002 0.991 0.002 0.005
0.002 0.994 0.001 0.003
0.003 0.979 0.005 0.012
0.010 0.963 0.021 0.005
0.001 0.991 0.002 0.007
0.002 0.974 0.008 0.016
0.008 0.973 0.012 0.007
0.001 0.991 0.005 0.003
0.016 0.960 0.020 0.003
0.006 0.982 0.004 0.009
0.103 0.892 0.002 0.003
0.004 0.973 0.001 0.022
0.002 0.952 0.034 0.012
0.002 0.995 0.001 0.002
0.003 0.990 0.004 0.003
0.003 0.994 0.002 0.001
0.005 0.976 0.014 0.004
0.004 0.992 0.003 0.002
0.004 0.987 0.002 0.007
0.002 0.946 0.017 0.035
0.005 0.977 0.015 0.003
0.008 0.982 0.005 0.005
0.003 0.991 0.002 0.004
0.027 0.960 0.004 0.009
0.003 0.973 0.005 0.018
0.003 0.987 0.005 0.004
0.001 0.967 0.023 0.009
0.001 0.963 0.025 0.011
0.004 0.974 0.008 0.013
0.002 0.942 0.051 0.005
0.001 0.994 0.004 0.001
0.008 0.968 0.021 0.003
0.012 0.969 0.007 0.011
0.010 0.980 0.008 0.002
0.004 0.987 0.004 0.005
0.003 0.987 0.007 0.003
0.001 0.997 0.001 0.001
0.003 0.991 0.005 0.001
0.007 0.987 0.002 0.003
0.004 0.970 0.011 0.015
0.013 0.968 0.009 0.010
0.004 0.990 0.003 0.003
0.022 0.964 0.008 0.007
0.007 0.981 0.010 0.003
0.003 0.994 0.002 0.001
0.011 0.981 0.006 0.002
0.005 0.989 0.002 0.004
0.017 0.968 0.011 0.003
0.004 0.991 0.002 0.003
0.003 0.987 0.004 0.006
0.004 0.963 0.027 0.006
0.845 0.006 0.083 0.066
0.541 0.132 0.321 0.007
0.896 0.007 0.014 0.083
0.491 0.001 0.495 0.012
0.859 0.001 0.138 0.001
0.544 0.002 0.453 0.001
0.988 0.003 0.006 0.003
0.992 0.001 0.004 0.003
0.008 0.003 0.226 0.763
0.002 0.005 0.002 0.991
0.796 0.017 0.176 0.010
0.993 0.001 0.004 0.002
0.865 0.011 0.058 0.065
0.684 0.006 0.291 0.019
0.989 0.004 0.002 0.005
0.001 0.010 0.164 0.825
0.001 0.001 0.330 0.668
0.002 0.001 0.001 0.997
0.009 0.079 0.020 0.891
0.001 0.001 0.002 0.996
0.238 0.018 0.181 0.564
0.002 0.002 0.001 0.995
0.001 0.001 0.001 0.997
0.006 0.013 0.081 0.900
0.181 0.005 0.147 0.668
0.001 0.060 0.352 0.587
0.001 0.003 0.002 0.994
0.001 0.001 0.003 0.995
0.011 0.003 0.386 0.599
0.007 0.008 0.010 0.974
0.192 0.007 0.081 0.720
0.008 0.744 0.018 0.230
0.005 0.006 0.007 0.982
0.177 0.047 0.270 0.505
0.005 0.109 0.012 0.874
0.001 0.001 0.001 0.997
0.001 0.004 0.002 0.994
0.001 0.028 0.180 0.791
0.004 0.213 0.003 0.780
0.997 0.001 0.001 0.002
0.996 0.001 0.002 0.002
0.005 0.013 0.006 0.976
0.487 0.002 0.023 0.488
0.042 0.004 0.362 0.593
0.005 0.018 0.003 0.973
0.017 0.044 0.059 0.880
0.245 0.002 0.308 0.445
0.001 0.003 0.002 0.994
0.003 0.039 0.014 0.944
0.006 0.004 0.034 0.957
0.003 0.002 0.173 0.822
0.004 0.003 0.183 0.810
0.002 0.002 0.221 0.775
0.020 0.085 0.020 0.875
0.871 0.009 0.101 0.019
0.846 0.004 0.146 0.004
0.320 0.008 0.671 0.001
0.533 0.129 0.326 0.012
0.844 0.102 0.043 0.011
0.008 0.006 0.057 0.929
0.001 0.001 0.001 0.997
0.003 0.006 0.009 0.981
0.003 0.002 0.028 0.967
0.001 0.000 0.001 0.998
0.343 0.002 0.045 0.610
0.001 0.071 0.006 0.922
0.973 0.007 0.017 0.002
0.641 0.001 0.354 0.004
0.996 0.001 0.002 0.001
0.992 0.001 0.004 0.003
0.990 0.003 0.004 0.003
0.012 0.978 0.003 0.008
0.003 0.989 0.005 0.004
0.002 0.977 0.011 0.010
0.023 0.947 0.028 0.002
0.004 0.984 0.007 0.006
0.005 0.990 0.001 0.004
0.013 0.937 0.046 0.003
0.010 0.972 0.013 0.004
0.004 0.978 0.015 0.002
0.012 0.979 0.004 0.005
0.003 0.979 0.006 0.011
0.004 0.983 0.010 0.003
0.003 0.948 0.010 0.039
0.004 0.975 0.013 0.008
0.003 0.980 0.013 0.003
0.001 0.995 0.002 0.002
0.010 0.984 0.004 0.002
0.644 0.003 0.348 0.005
0.897 0.003 0.098 0.002
0.997 0.001 0.002 0.001
0.942 0.003 0.017 0.038
0.012 0.913 0.035 0.040
0.019 0.945 0.035 0.001
0.011 0.916 0.071 0.002
0.010 0.904 0.048 0.038
0.015 0.957 0.016 0.012
0.007 0.978 0.010 0.005
0.069 0.918 0.011 0.002
0.018 0.976 0.005 0.001
0.003 0.748 0.242 0.007
0.004 0.970 0.005 0.021
0.002 0.972 0.012 0.014
0.002 0.967 0.020 0.010
0.003 0.989 0.004 0.004
0.004 0.988 0.004 0.004
0.007 0.954 0.032 0.008
0.004 0.966 0.018 0.012
0.003 0.976 0.015 0.006
0.008 0.984 0.004 0.004
0.003 0.892 0.005 0.100
0.005 0.987 0.002 0.006
0.007 0.963 0.013 0.016
0.078 0.024 0.063 0.835
0.003 0.009 0.154 0.834
0.997 0.001 0.001 0.001
0.046 0.026 0.009 0.919
0.006 0.033 0.042 0.919
0.001 0.006 0.003 0.990
0.925 0.031 0.032 0.012
0.986 0.001 0.003 0.009
0.992 0.002 0.004 0.002
0.014 0.958 0.023 0.004
0.002 0.995 0.001 0.002
0.003 0.994 0.002 0.001
0.006 0.970 0.018 0.006
0.001 0.991 0.004 0.004
0.003 0.987 0.009 0.002
0.004 0.985 0.005 0.006
0.090 0.896 0.012 0.003
0.017 0.949 0.030 0.004
0.022 0.923 0.036 0.019
0.014 0.978 0.006 0.002
0.003 0.984 0.010 0.002
0.006 0.932 0.050 0.012
0.002 0.993 0.002 0.003
0.011 0.972 0.011 0.006
0.004 0.985 0.009 0.002
0.002 0.991 0.002 0.006
0.847 0.103 0.012 0.037
0.839 0.007 0.143 0.011
0.014 0.013 0.299 0.673
0.002 0.003 0.003 0.992
0.001 0.001 0.001 0.997
0.009 0.959 0.027 0.006
0.007 0.981 0.005 0.006
0.007 0.981 0.004 0.007
0.002 0.994 0.001 0.002
0.003 0.987 0.006 0.004
0.001 0.982 0.008 0.009
0.002 0.989 0.007 0.002
0.005 0.986 0.007 0.002
0.004 0.986 0.006 0.004
0.001 0.992 0.005 0.001
0.016 0.956 0.025 0.003
0.003 0.992 0.001 0.005
0.004 0.879 0.007 0.110
0.002 0.990 0.003 0.005
0.001 0.997 0.001 0.001
0.001 0.994 0.001 0.004
0.003 0.949 0.035 0.013
0.001 0.992 0.004 0.003
0.009 0.975 0.002 0.014
0.004 0.993 0.001 0.002
0.002 0.001 0.995 0.001
0.006 0.003 0.988 0.003
0.006 0.003 0.987 0.004
0.008 0.003 0.986 0.002
0.003 0.002 0.992 0.003
0.003 0.001 0.994 0.002
0.014 0.001 0.984 0.001
0.013 0.015 0.962 0.010
0.003 0.002 0.994 0.001
0.004 0.001 0.994 0.001
0.001 0.002 0.995 0.002
0.016 0.007 0.964 0.013
0.002 0.002 0.994 0.002
0.021 0.001 0.974 0.003
0.069 0.919 0.007 0.005
0.001 0.003 0.460 0.536
0.002 0.005 0.602 0.392
0.993 0.002 0.002 0.003
0.566 0.002 0.404 0.028
0.002 0.011 0.001 0.985
0.005 0.002 0.199 0.795
0.004 0.007 0.006 0.984
0.002 0.003 0.014 0.981
0.009 0.020 0.022 0.950
0.001 0.001 0.002 0.996
0.001 0.001 0.000 0.998
0.215 0.016 0.002 0.767
0.001 0.003 0.001 0.994
0.004 0.002 0.003 0.991
0.002 0.006 0.003 0.989
0.737 0.001 0.261 0.002
0.920 0.003 0.060 0.018
0.821 0.004 0.174 0.001
0.826 0.002 0.170 0.002
0.004 0.015 0.004 0.977
0.020 0.007 0.041 0.932
0.001 0.002 0.001 0.996
0.002 0.001 0.003 0.993
0.005 0.001 0.254 0.740
0.011 0.002 0.154 0.833
0.002 0.003 0.005 0.991
0.008 0.076 0.413 0.503
0.828 0.148 0.008 0.017
0.983 0.002 0.010 0.005
0.990 0.001 0.004 0.006
0.007 0.002 0.267 0.724
0.889 0.001 0.107 0.003
0.996 0.001 0.002 0.001
0.995 0.001 0.003 0.001
0.980 0.005 0.008 0.008
0.804 0.169 0.025 0.002
0.993 0.002 0.003 0.002
0.995 0.001 0.002 0.002
0.851 0.001 0.145 0.002
0.984 0.002 0.004 0.010
0.587 0.007 0.404 0.002
0.991 0.001 0.005 0.003
0.979 0.011 0.005 0.005
0.728 0.005 0.262 0.005
0.004 0.003 0.133 0.859
0.019 0.007 0.043 0.931
0.002 0.982 0.007 0.009
0.010 0.977 0.005 0.008
0.002 0.975 0.009 0.015
0.005 0.986 0.004 0.005
0.002 0.996 0.001 0.001
0.001 0.990 0.003 0.006
0.001 0.985 0.004 0.010
0.003 0.972 0.003 0.021
0.004 0.985 0.005 0.006
0.010 0.977 0.011 0.002
0.003 0.990 0.006 0.002
0.008 0.968 0.005 0.019
0.002 0.986 0.003 0.009
0.001 0.993 0.003 0.003
0.001 0.989 0.006 0.004
0.006 0.985 0.005 0.004
0.041 0.953 0.004 0.002
0.028 0.938 0.021 0.014
0.003 0.986 0.008 0.003
0.011 0.922 0.056 0.012
0.015 0.936 0.011 0.039
0.008 0.977 0.010 0.005
0.061 0.915 0.018 0.005
0.003 0.980 0.007 0.010
0.014 0.975 0.005 0.006
0.003 0.991 0.002 0.003
0.012 0.962 0.021 0.005
0.004 0.981 0.009 0.005
0.015 0.936 0.002 0.048
0.003 0.986 0.003 0.008
0.005 0.984 0.007 0.004
0.002 0.987 0.002 0.008
0.005 0.977 0.010 0.009
0.006 0.950 0.026 0.017
0.003 0.985 0.010 0.002
0.996 0.001 0.002 0.001
0.657 0.011 0.329 0.003
0.227 0.010 0.616 0.147
0.669 0.002 0.319 0.010
0.997 0.001 0.001 0.001
0.661 0.002 0.324 0.013
0.827 0.051 0.113 0.008
0.985 0.008 0.002 0.004
0.919 0.076 0.001 0.004
0.653 0.002 0.335 0.011
0.997 0.001 0.001 0.001
0.748 0.003 0.246 0.002
0.978 0.004 0.014 0.004
0.975 0.003 0.019 0.002
0.996 0.001 0.001 0.001
0.984 0.002 0.008 0.006
0.991 0.002 0.003 0.004
0.995 0.001 0.003 0.001
0.993 0.001 0.004 0.003
0.608 0.005 0.354 0.032
0.996 0.001 0.002 0.001
0.912 0.060 0.027 0.001
0.998 0.001 0.001 0.001
0.414 0.012 0.567 0.008
0.994 0.001 0.003 0.001
0.007 0.285 0.706 0.002
0.002 0.145 0.716 0.138
0.006 0.012 0.928 0.055
0.002 0.022 0.905 0.071
0.994 0.002 0.002 0.002
0.953 0.036 0.005 0.006
0.967 0.020 0.012 0.002
0.480 0.031 0.476 0.012
0.653 0.023 0.319 0.005
0.527 0.010 0.449 0.014
0.995 0.001 0.002 0.002
0.005 0.948 0.015 0.032
0.002 0.995 0.002 0.002
0.012 0.928 0.003 0.056
0.005 0.986 0.007 0.003
0.996 0.001 0.001 0.002
0.991 0.002 0.005 0.002
0.980 0.003 0.005 0.011
0.708 0.005 0.284 0.003
0.988 0.005 0.003 0.004
0.996 0.001 0.002 0.001
0.865 0.129 0.003 0.002
0.988 0.001 0.002 0.009
0.842 0.002 0.153 0.003
0.969 0.011 0.015 0.005
0.963 0.008 0.020 0.008
0.997 0.001 0.001 0.001
0.991 0.003 0.003 0.003
0.984 0.004 0.007 0.005
0.973 0.003 0.019 0.004
0.989 0.001 0.006 0.004
0.995 0.002 0.001 0.002
0.997 0.001 0.001 0.000
0.996 0.001 0.002 0.001
0.993 0.001 0.003 0.003
0.966 0.022 0.009 0.003
0.992 0.003 0.003 0.002
0.922 0.036 0.033 0.010
0.994 0.002 0.002 0.002
0.969 0.002 0.007 0.022
0.995 0.001 0.003 0.001
0.995 0.001 0.003 0.002
0.004 0.096 0.837 0.064
0.035 0.127 0.832 0.006
0.010 0.321 0.657 0.012
0.029 0.184 0.778 0.009
0.006 0.205 0.784 0.006
0.988 0.003 0.007 0.001
0.992 0.003 0.002 0.003
0.942 0.002 0.011 0.044
0.979 0.008 0.007 0.005
0.946 0.003 0.045 0.006
0.998 0.000 0.001 0.001
0.990 0.004 0.002 0.003
0.993 0.001 0.006 0.001
0.972 0.006 0.016 0.005
0.980 0.003 0.007 0.011
0.966 0.004 0.019 0.012
0.932 0.003 0.011 0.054
0.994 0.001 0.003 0.002
0.994 0.002 0.003 0.002
0.995 0.001 0.002 0.001
0.990 0.002 0.007 0.001
0.002 0.032 0.927 0.039
0.001 0.168 0.829 0.002
0.008 0.182 0.809 0.001
0.004 0.233 0.753 0.010
0.003 0.165 0.832 0.001
0.005 0.244 0.747 0.003
0.002 0.164 0.827 0.006
0.002 0.136 0.854 0.007
0.005 0.144 0.847 0.004
0.013 0.159 0.773 0.055
0.974 0.003 0.021 0.002
0.986 0.003 0.005 0.006
0.967 0.020 0.007 0.005
0.990 0.006 0.003 0.001
0.996 0.001 0.002 0.001
0.998 0.001 0.001 0.001
0.014 0.026 0.932 0.027
0.011 0.059 0.920 0.010
0.040 0.194 0.766 0.001
0.016 0.309 0.673 0.001
0.014 0.221 0.762 0.003
0.016 0.360 0.621 0.003
0.008 0.084 0.888 0.019
0.011 0.079 0.885 0.025
0.006 0.100 0.779 0.115
0.012 0.211 0.773 0.004
0.017 0.122 0.834 0.027
0.003 0.105 0.787 0.106
0.013 0.213 0.760 0.014
0.968 0.010 0.015 0.006
0.992 0.001 0.007 0.000
0.987 0.002 0.004 0.006
0.987 0.001 0.010 0.002
0.996 0.002 0.002 0.001
0.984 0.007 0.007 0.002
0.006 0.331 0.663 0.001
0.002 0.348 0.640 0.009
0.003 0.321 0.675 0.001
0.004 0.029 0.937 0.029
0.049 0.228 0.705 0.019
0.008 0.104 0.764 0.124
0.042 0.219 0.730 0.009
0.004 0.026 0.892 0.078
0.003 0.221 0.768 0.008
0.992 0.001 0.007 0.001
0.968 0.027 0.002 0.003
0.996 0.001 0.003 0.001
0.997 0.001 0.001 0.001
0.970 0.007 0.014 0.008
0.987 0.004 0.004 0.004
0.987 0.002 0.002 0.008
0.995 0.001 0.003 0.001
0.997 0.002 0.001 0.001
0.009 0.217 0.753 0.021
0.003 0.296 0.701 0.001
0.020 0.283 0.687 0.010
0.004 0.150 0.842 0.004
0.002 0.137 0.815 0.046
0.001 0.239 0.751 0.008
0.002 0.328 0.656 0.014
0.001 0.227 0.761 0.010
0.005 0.231 0.741 0.023
0.003 0.253 0.740 0.005
0.024 0.333 0.640 0.003
0.017 0.323 0.658 0.002
0.971 0.003 0.007 0.019
0.957 0.016 0.021 0.006
0.982 0.004 0.008 0.006
0.995 0.001 0.002 0.001
0.990 0.002 0.002 0.006
0.995 0.001 0.003 0.001
0.878 0.022 0.083 0.017
0.839 0.033 0.090 0.038
0.992 0.002 0.003 0.003
0.938 0.007 0.039 0.016
0.974 0.008 0.004 0.014
0.982 0.004 0.008 0.006
0.980 0.007 0.003 0.010
0.988 0.001 0.008 0.003
0.979 0.013 0.005 0.003
0.994 0.001 0.003 0.002
0.996 0.002 0.001 0.001
0.957 0.011 0.019 0.013
0.991 0.002 0.003 0.004
0.992 0.003 0.004 0.001
0.996 0.001 0.001 0.002
0.989 0.002 0.005 0.004
0.965 0.007 0.023 0.006
0.996 0.001 0.002 0.001
0.989 0.001 0.008 0.002
0.955 0.034 0.004 0.007
0.993 0.001 0.004 0.002
0.994 0.002 0.003 0.001
0.990 0.002 0.002 0.006
0.891 0.002 0.101 0.005
0.904 0.039 0.047 0.010
0.991 0.001 0.006 0.001
0.996 0.001 0.001 0.002
0.997 0.001 0.001 0.001
0.964 0.007 0.025 0.004
0.998 0.001 0.001 0.001
0.989 0.003 0.005 0.003
0.995 0.002 0.001 0.002
0.990 0.002 0.006 0.002
0.995 0.002 0.003 0.001
0.995 0.001 0.002 0.002
0.986 0.004 0.002 0.008
0.995 0.003 0.001 0.002
0.993 0.002 0.002 0.004
0.990 0.003 0.003 0.003
0.993 0.003 0.002 0.003
0.996 0.002 0.001 0.002
0.991 0.001 0.003 0.004
0.989 0.002 0.003 0.006
0.991 0.002 0.004 0.003
0.990 0.003 0.001 0.006
0.997 0.001 0.002 0.001
0.995 0.003 0.002 0.001
0.997 0.001 0.002 0.001
0.997 0.001 0.001 0.002
0.996 0.003 0.001 0.001
0.991 0.004 0.003 0.003
0.953 0.013 0.026 0.008
0.004 0.492 0.498 0.006
0.008 0.300 0.691 0.001
0.006 0.391 0.600 0.004
0.002 0.437 0.557 0.004
0.005 0.210 0.784 0.001
0.037 0.043 0.909 0.011
0.010 0.164 0.824 0.001
0.002 0.176 0.807 0.016
0.006 0.190 0.804 0.001
0.021 0.104 0.748 0.127
0.982 0.002 0.014 0.002
0.988 0.003 0.005 0.004
0.973 0.002 0.012 0.013
0.981 0.003 0.009 0.007
0.997 0.001 0.002 0.001
0.993 0.002 0.002 0.003
0.982 0.008 0.005 0.005
0.998 0.000 0.001 0.001
0.996 0.001 0.002 0.001
0.984 0.004 0.011 0.001
0.980 0.005 0.012 0.003
0.995 0.002 0.001 0.001
0.990 0.005 0.003 0.003
0.995 0.001 0.003 0.001
0.990 0.003 0.005 0.002
0.994 0.001 0.003 0.002
0.989 0.005 0.003 0.003
0.994 0.001 0.002 0.003
0.976 0.003 0.018 0.003
0.988 0.001 0.005 0.006
0.994 0.001 0.004 0.001
0.992 0.002 0.003 0.003
0.992 0.002 0.002 0.004
0.998 0.001 0.001 0.001
0.994 0.002 0.003 0.001
0.989 0.007 0.002 0.002
0.981 0.002 0.011 0.006
0.995 0.002 0.001 0.001
0.995 0.001 0.004 0.001
0.992 0.001 0.006 0.001
0.974 0.006 0.012 0.008
0.992 0.002 0.002 0.004
0.915 0.006 0.065 0.013
0.989 0.002 0.002 0.007
0.991 0.002 0.002 0.004
0.996 0.001 0.001 0.002
0.996 0.001 0.001 0.002
0.998 0.001 0.000 0.001
0.994 0.001 0.004 0.001
0.994 0.002 0.001 0.003
0.986 0.002 0.009 0.003
0.994 0.001 0.003 0.002
0.996 0.001 0.001 0.002
0.981 0.015 0.001 0.003
0.998 0.000 0.001 0.001
0.995 0.002 0.003 0.001
0.994 0.001 0.003 0.002
0.992 0.004 0.002 0.002
0.997 0.001 0.002 0.001
0.993 0.001 0.002 0.004
0.994 0.002 0.002 0.002
0.995 0.001 0.002 0.002
0.993 0.003 0.003 0.001
0.995 0.001 0.003 0.001
0.992 0.002 0.002 0.004
0.995 0.001 0.002 0.002
0.984 0.003 0.012 0.002
0.986 0.006 0.004 0.003
0.994 0.001 0.002 0.002
0.997 0.001 0.000 0.001
0.993 0.002 0.004 0.001
0.996 0.001 0.001 0.001
0.997 0.001 0.001 0.001
0.994 0.002 0.003 0.001
0.989 0.002 0.004 0.004
0.993 0.002 0.003 0.002
0.996 0.001 0.002 0.001
0.994 0.001 0.004 0.001
0.994 0.002 0.002 0.002
0.963 0.012 0.006 0.019
0.994 0.002 0.003 0.001
0.992 0.001 0.004 0.003
0.996 0.001 0.002 0.002
0.990 0.005 0.004 0.002
0.989 0.003 0.004 0.004
0.989 0.003 0.005 0.002
0.997 0.001 0.001 0.001
0.993 0.001 0.003 0.002
0.993 0.002 0.004 0.001
0.996 0.002 0.001 0.001
0.993 0.002 0.005 0.001
0.997 0.001 0.002 0.001
0.974 0.005 0.018 0.003
0.997 0.001 0.001 0.001
0.005 0.223 0.764 0.008
0.005 0.379 0.614 0.002
0.003 0.208 0.782 0.006
0.003 0.269 0.722 0.006
0.001 0.212 0.782 0.005
0.056 0.042 0.900 0.002
0.994 0.001 0.003 0.002
0.995 0.002 0.002 0.001
0.989 0.002 0.005 0.004
0.988 0.005 0.004 0.004
0.997 0.001 0.001 0.001
0.992 0.003 0.002 0.004
0.992 0.003 0.003 0.001
0.989 0.001 0.007 0.003
0.993 0.002 0.002 0.003
0.994 0.003 0.002 0.001
0.988 0.004 0.006 0.002
0.982 0.003 0.014 0.001
0.992 0.003 0.003 0.002
0.992 0.003 0.003 0.002
0.994 0.002 0.002 0.002
0.992 0.001 0.005 0.002
0.994 0.003 0.002 0.001
0.983 0.003 0.008 0.007
0.996 0.001 0.002 0.002
0.996 0.001 0.002 0.001
0.997 0.001 0.001 0.002
0.997 0.001 0.001 0.001
0.997 0.001 0.001 0.001
0.990 0.005 0.002 0.003
0.995 0.001 0.003 0.002
0.994 0.002 0.003 0.001
0.997 0.001 0.001 0.001
0.995 0.001 0.001 0.002
0.982 0.003 0.007 0.009
0.995 0.002 0.002 0.001
0.995 0.001 0.001 0.003
0.993 0.002 0.003 0.002
0.994 0.001 0.003 0.001
0.997 0.001 0.001 0.001
0.996 0.001 0.002 0.002
0.997 0.002 0.001 0.001
0.996 0.001 0.001 0.003
0.979 0.004 0.008 0.009
0.992 0.003 0.003 0.002
0.996 0.001 0.002 0.001
0.994 0.002 0.001 0.002
0.997 0.001 0.001 0.001
0.985 0.002 0.002 0.011
0.982 0.001 0.010 0.007
0.941 0.008 0.012 0.039
0.993 0.001 0.003 0.003
0.961 0.011 0.026 0.002
0.996 0.002 0.001 0.002
0.978 0.011 0.004 0.006
0.990 0.002 0.003 0.005
0.992 0.002 0.001 0.005
0.989 0.002 0.007 0.002
0.997 0.000 0.001 0.001
0.997 0.001 0.002 0.001
0.995 0.001 0.003 0.001
0.995 0.002 0.002 0.002
0.996 0.001 0.002 0.001
0.996 0.001 0.002 0.001
0.994 0.002 0.002 0.002
0.995 0.001 0.003 0.001
0.993 0.002 0.003 0.002
0.985 0.001 0.012 0.002
0.990 0.002 0.005 0.002
0.969 0.010 0.005 0.016
0.996 0.001 0.002 0.001
0.989 0.002 0.008 0.002
0.997 0.001 0.001 0.001
0.992 0.002 0.005 0.001
0.997 0.001 0.001 0.001
0.994 0.002 0.004 0.001
0.996 0.001 0.002 0.001
0.990 0.004 0.001 0.004
0.994 0.003 0.001 0.002
0.996 0.000 0.001 0.002
0.002 0.237 0.758 0.004
0.008 0.169 0.822 0.001
0.041 0.317 0.626 0.017
0.973 0.006 0.012 0.009
0.997 0.001 0.001 0.001
0.978 0.001 0.006 0.015
0.994 0.003 0.002 0.002
0.996 0.001 0.002 0.001
0.991 0.005 0.003 0.001
0.995 0.001 0.002 0.001
0.998 0.001 0.001 0.001
0.989 0.002 0.006 0.003
0.994 0.001 0.002 0.002
0.972 0.006 0.013 0.008
0.998 0.000 0.001 0.001
0.968 0.005 0.017 0.010
0.993 0.001 0.004 0.002
0.970 0.006 0.014 0.011
0.992 0.003 0.002 0.003
0.997 0.001 0.001 0.001
0.960 0.002 0.035 0.003
0.987 0.008 0.002 0.004
0.991 0.003 0.003 0.003
0.997 0.001 0.001 0.001
0.996 0.001 0.001 0.002
0.997 0.001 0.001 0.001
0.996 0.001 0.002 0.002
0.992 0.002 0.003 0.003
0.013 0.192 0.704 0.091
0.033 0.397 0.563 0.007
0.002 0.305 0.689 0.004
0.003 0.150 0.819 0.027
0.063 0.558 0.376 0.003
0.025 0.342 0.630 0.003
0.015 0.275 0.708 0.002
0.003 0.504 0.492 0.001
0.006 0.420 0.567 0.007
0.009 0.318 0.668 0.004
0.003 0.395 0.598 0.005
0.004 0.308 0.659 0.029
0.004 0.471 0.524 0.001
0.049 0.100 0.847 0.004
0.003 0.155 0.839 0.003
0.005 0.176 0.808 0.011
0.006 0.185 0.790 0.018
0.006 0.005 0.952 0.037
0.002 0.288 0.708 0.002
0.006 0.296 0.690 0.008
0.008 0.236 0.734 0.021
0.105 0.370 0.522 0.003
0.004 0.332 0.653 0.011
0.004 0.391 0.602 0.004
0.043 0.370 0.586 0.001
0.012 0.337 0.641 0.011
0.016 0.246 0.729 0.009
0.004 0.281 0.705 0.010
0.077 0.140 0.752 0.032
0.043 0.261 0.693 0.003
0.003 0.386 0.606 0.006
0.008 0.343 0.647 0.002
0.059 0.362 0.573 0.006
0.008 0.304 0.687 0.001
0.011 0.248 0.739 0.002
0.003 0.331 0.662 0.004
0.001 0.364 0.614 0.021
0.041 0.224 0.730 0.005
0.047 0.246 0.702 0.004
0.013 0.299 0.681 0.008
0.185 0.210 0.602 0.003
0.006 0.371 0.620 0.004
0.004 0.300 0.695 0.001
0.013 0.241 0.724 0.023
0.010 0.260 0.668 0.063
0.006 0.328 0.664 0.002
0.001 0.438 0.552 0.009
0.024 0.240 0.734 0.002
0.019 0.380 0.599 0.002
0.016 0.395 0.583 0.006
0.018 0.316 0.665 0.001
0.034 0.367 0.542 0.057
0.098 0.263 0.638 0.001
0.030 0.291 0.675 0.004
0.004 0.259 0.734 0.003
0.098 0.124 0.772 0.005
0.081 0.354 0.562 0.003
0.009 0.398 0.590 0.003
0.054 0.198 0.746 0.002
0.013 0.314 0.669 0.004
0.006 0.292 0.688 0.014
0.004 0.250 0.744 0.002
0.007 0.370 0.621 0.002
0.010 0.303 0.685 0.002
0.017 0.373 0.604 0.006
0.045 0.291 0.662 0.002
0.004 0.028 0.942 0.026
0.012 0.369 0.619 0.001
0.013 0.259 0.726 0.002
0.087 0.202 0.658 0.053
0.006 0.334 0.641 0.020
0.004 0.224 0.769 0.003
0.003 0.213 0.779 0.004
0.010 0.163 0.816 0.011
0.001 0.350 0.644 0.004
0.047 0.446 0.501 0.006
0.002 0.280 0.705 0.013
0.012 0.325 0.653 0.010
0.024 0.295 0.676 0.005
0.008 0.228 0.749 0.015
0.006 0.351 0.639 0.004
0.009 0.223 0.726 0.042
0.005 0.355 0.628 0.012
0.005 0.338 0.652 0.005
0.034 0.287 0.674 0.005
0.015 0.226 0.751 0.009
0.007 0.403 0.566 0.025
0.002 0.164 0.820 0.014
0.032 0.538 0.407 0.023
0.042 0.177 0.695 0.086
0.004 0.069 0.902 0.026
0.038 0.198 0.761 0.002
0.004 0.251 0.739 0.007
0.015 0.262 0.720 0.002
0.036 0.228 0.732 0.004
0.008 0.250 0.738 0.003
0.059 0.220 0.707 0.014
0.007 0.348 0.636 0.009
0.003 0.274 0.719 0.004
0.002 0.324 0.672 0.001
0.004 0.272 0.724 0.001
0.005 0.287 0.695 0.012
0.023 0.256 0.714 0.007
0.032 0.349 0.612 0.006
0.002 0.223 0.771 0.005
0.003 0.292 0.704 0.001
0.037 0.214 0.747 0.002
0.003 0.235 0.757 0.006
0.002 0.307 0.676 0.015
0.004 0.065 0.874 0.057
0.085 0.317 0.584 0.014
0.005 0.423 0.570 0.002
0.091 0.425 0.477 0.007
0.076 0.445 0.450 0.029
0.002 0.384 0.611 0.003
0.058 0.233 0.706 0.003
0.088 0.384 0.521 0.006
0.029 0.373 0.595 0.003
0.001 0.483 0.497 0.020
0.006 0.353 0.637 0.004
0.004 0.431 0.560 0.005
0.004 0.483 0.510 0.003
0.019 0.300 0.660 0.021
0.038 0.447 0.512 0.004
0.006 0.420 0.572 0.002
0.025 0.386 0.577 0.012
0.005 0.282 0.702 0.011
0.002 0.425 0.571 0.002
0.010 0.488 0.484 0.018
0.011 0.461 0.526 0.001
0.022 0.319 0.656 0.003
0.006 0.297 0.691 0.006
0.024 0.380 0.585 0.011
0.008 0.238 0.752 0.002
0.001 0.367 0.629 0.002
0.015 0.301 0.676 0.007
0.012 0.358 0.627 0.003
0.039 0.252 0.705 0.004
0.003 0.248 0.747 0.002
0.005 0.307 0.683 0.004
0.013 0.378 0.604 0.004
0.032 0.379 0.585 0.004
0.008 0.448 0.536 0.008
0.013 0.456 0.487 0.045
0.014 0.214 0.767 0.005
0.038 0.314 0.643 0.006
0.003 0.356 0.626 0.014
0.005 0.273 0.715 0.007
0.080 0.065 0.845 0.010
0.062 0.410 0.527 0.001
0.059 0.228 0.708 0.006
0.008 0.391 0.599 0.002
0.002 0.352 0.643 0.002
0.024 0.247 0.725 0.004
0.002 0.276 0.718 0.004
0.028 0.237 0.720 0.015
0.001 0.347 0.651 0.001
0.112 0.035 0.740 0.114
0.002 0.169 0.827 0.002
0.005 0.261 0.732 0.003
0.005 0.160 0.831 0.003
0.005 0.278 0.711 0.007
0.026 0.324 0.648 0.003
0.036 0.192 0.745 0.027
0.036 0.145 0.816 0.003
0.030 0.226 0.739 0.005
0.041 0.287 0.669 0.003
0.008 0.249 0.739 0.004
0.010 0.246 0.743 0.001
0.003 0.273 0.720 0.004
0.020 0.160 0.813 0.007
0.006 0.165 0.826 0.003
0.006 0.368 0.625 0.001
0.005 0.411 0.518 0.066
0.008 0.512 0.479 0.001
0.001 0.425 0.569 0.005
0.004 0.335 0.644 0.018
0.002 0.315 0.639 0.043
0.059 0.331 0.609 0.001
0.008 0.239 0.751 0.002
0.001 0.355 0.641 0.003
0.001 0.344 0.643 0.012
0.005 0.314 0.677 0.003
0.006 0.531 0.454 0.009
0.002 0.447 0.536 0.015
0.017 0.203 0.773 0.007
0.007 0.411 0.581 0.001
0.006 0.315 0.673 0.006
0.025 0.370 0.583 0.021
0.004 0.414 0.582 0.001
0.004 0.444 0.551 0.001
0.001 0.265 0.732 0.002
0.011 0.277 0.709 0.003
0.002 0.345 0.650 0.004
0.007 0.142 0.770 0.080
0.004 0.386 0.607 0.002
0.013 0.346 0.630 0.011
0.025 0.227 0.656 0.092
0.006 0.316 0.676 0.002
0.033 0.178 0.751 0.039
0.031 0.406 0.551 0.012
0.026 0.261 0.709 0.003
0.049 0.252 0.691 0.008
0.058 0.327 0.611 0.004
0.027 0.324 0.622 0.027
0.002 0.185 0.790 0.023
0.002 0.190 0.799 0.009
0.001 0.481 0.512 0.006
0.009 0.266 0.708 0.017
0.002 0.234 0.763 0.002
0.003 0.253 0.741 0.004
0.001 0.308 0.680 0.010
0.006 0.262 0.694 0.037
0.007 0.369 0.623 0.001
0.005 0.316 0.677 0.003
0.002 0.141 0.853 0.003
0.008 0.353 0.633 0.006
0.027 0.210 0.751 0.011
0.005 0.422 0.569 0.004
0.002 0.329 0.666 0.002
0.070 0.178 0.748 0.004
0.011 0.332 0.655 0.001
0.006 0.377 0.616 0.002
0.002 0.115 0.862 0.022
