0.992 0.002 0.003 0.001 0.002
0.956 0.003 0.004 0.002 0.035
0.992 0.002 0.001 0.002 0.003
0.982 0.008 0.006 0.002 0.002
0.977 0.006 0.012 0.002 0.002
0.948 0.010 0.008 0.008 0.026
0.990 0.002 0.004 0.002 0.002
0.992 0.002 0.000 0.003 0.003
0.994 0.001 0.001 0.002 0.001
0.976 0.004 0.006 0.006 0.008
0.965 0.022 0.003 0.003 0.007
0.984 0.006 0.001 0.001 0.008
0.969 0.020 0.009 0.002 0.001
0.993 0.001 0.005 0.001 0.001
0.971 0.004 0.020 0.002 0.002
0.993 0.001 0.002 0.001 0.004
0.939 0.045 0.006 0.007 0.003
0.990 0.002 0.002 0.001 0.005
0.985 0.006 0.005 0.002 0.003
0.984 0.004 0.004 0.007 0.001
0.979 0.003 0.002 0.011 0.004
0.973 0.016 0.004 0.004 0.003
0.989 0.003 0.001 0.004 0.003
0.967 0.009 0.017 0.003 0.003
0.977 0.006 0.003 0.000 0.014
0.996 0.001 0.001 0.002 0.001
0.995 0.003 0.001 0.001 0.001
0.964 0.021 0.008 0.006 0.001
0.963 0.025 0.004 0.003 0.005
0.938 0.016 0.006 0.032 0.009
0.992 0.001 0.001 0.001 0.004
0.984 0.005 0.008 0.001 0.001
0.981 0.010 0.003 0.005 0.001
0.988 0.004 0.001 0.005 0.002
0.982 0.004 0.006 0.003 0.005
0.956 0.012 0.008 0.020 0.004
0.990 0.001 0.002 0.001 0.006
0.988 0.003 0.002 0.002 0.004
0.996 0.001 0.000 0.001 0.002
0.994 0.003 0.001 0.001 0.001
0.967 0.008 0.012 0.011 0.002
0.839 0.010 0.113 0.003 0.035
0.855 0.088 0.005 0.043 0.009
0.920 0.008 0.013 0.049 0.009
0.992 0.002 0.001 0.001 0.005
0.985 0.003 0.010 0.001 0.002
0.979 0.015 0.002 0.001 0.003
0.907 0.003 0.002 0.084 0.004
0.988 0.001 0.007 0.002 0.002
0.990 0.004 0.001 0.002 0.004
0.967 0.011 0.019 0.001 0.002
0.992 0.002 0.002 0.003 0.002
0.943 0.001 0.005 0.002 0.049
0.975 0.002 0.006 0.003 0.013
0.989 0.006 0.003 0.001 0.002
0.985 0.003 0.005 0.001 0.005
0.989 0.006 0.002 0.001 0.001
0.993 0.002 0.000 0.001 0.004
0.990 0.002 0.001 0.004 0.003
0.954 0.006 0.005 0.034 0.001
0.948 0.005 0.003 0.043 0.001
0.982 0.001 0.004 0.001 0.012
0.987 0.002 0.002 0.007 0.002
0.992 0.001 0.001 0.005 0.001
0.991 0.002 0.002 0.003 0.003
0.905 0.043 0.033 0.004 0.015
0.986 0.003 0.002 0.002 0.006
0.994 0.001 0.002 0.002 0.001
0.976 0.003 0.001 0.001 0.019
0.985 0.006 0.002 0.003 0.003
0.896 0.005 0.013 0.001 0.085
0.984 0.004 0.005 0.001 0.006
0.958 0.009 0.005 0.005 0.023
0.854 0.009 0.004 0.018 0.115
0.992 0.004 0.002 0.000 0.001
0.941 0.006 0.032 0.009 0.013
0.978 0.003 0.002 0.004 0.014
0.976 0.004 0.004 0.004 0.012
0.922 0.034 0.011 0.026 0.008
0.972 0.008 0.016 0.002 0.002
0.993 0.002 0.002 0.002 0.001
0.931 0.049 0.016 0.001 0.003
0.982 0.004 0.003 0.003 0.007
0.959 0.021 0.009 0.006 0.006
0.994 0.002 0.001 0.001 0.001
0.965 0.015 0.008 0.009 0.002
0.995 0.002 0.001 0.000 0.001
0.961 0.014 0.014 0.009 0.002
0.977 0.014 0.002 0.003 0.005
0.972 0.002 0.005 0.002 0.018
0.783 0.208 0.006 0.003 0.001
0.991 0.001 0.001 0.006 0.001
0.986 0.003 0.002 0.007 0.001
0.991 0.003 0.002 0.002 0.003
0.982 0.003 0.003 0.006 0.006
0.975 0.002 0.007 0.001 0.016
0.007 0.004 0.988 0.001 0.001
0.001 0.002 0.988 0.003 0.006
0.003 0.004 0.988 0.004 0.001
0.010 0.004 0.982 0.002 0.001
0.002 0.007 0.988 0.001 0.002
0.001 0.001 0.996 0.002 0.001
0.001 0.002 0.994 0.002 0.001
0.003 0.004 0.991 0.001 0.001
0.002 0.003 0.993 0.002 0.001
0.001 0.006 0.942 0.005 0.046
0.002 0.004 0.982 0.004 0.007
0.002 0.002 0.993 0.001 0.001
0.001 0.005 0.983 0.010 0.002
0.002 0.009 0.984 0.003 0.002
0.003 0.005 0.986 0.001 0.005
0.001 0.005 0.958 0.034 0.002
0.002 0.016 0.972 0.000 0.010
0.001 0.001 0.996 0.001 0.002
0.001 0.010 0.972 0.014 0.002
0.001 0.007 0.988 0.003 0.001
0.005 0.006 0.986 0.001 0.002
0.001 0.015 0.981 0.003 0.001
0.006 0.002 0.978 0.013 0.001
0.004 0.003 0.987 0.005 0.002
0.001 0.000 0.995 0.002 0.002
0.000 0.001 0.995 0.002 0.001
0.002 0.001 0.994 0.001 0.001
0.001 0.000 0.995 0.000 0.003
0.005 0.013 0.976 0.003 0.002
0.002 0.004 0.991 0.001 0.002
0.001 0.002 0.995 0.001 0.002
0.003 0.001 0.991 0.001 0.003
0.002 0.000 0.994 0.002 0.001
0.004 0.001 0.982 0.010 0.003
0.001 0.004 0.984 0.002 0.009
0.005 0.022 0.957 0.013 0.003
0.002 0.002 0.990 0.003 0.003
0.002 0.006 0.974 0.016 0.003
0.009 0.028 0.953 0.008 0.001
0.018 0.003 0.975 0.001 0.004
0.002 0.004 0.989 0.001 0.005
0.000 0.001 0.996 0.002 0.001
0.001 0.001 0.995 0.002 0.001
0.001 0.001 0.992 0.005 0.001
0.002 0.004 0.993 0.001 0.000
0.002 0.001 0.996 0.000 0.002
0.001 0.003 0.989 0.004 0.003
0.001 0.001 0.996 0.002 0.000
0.003 0.018 0.976 0.002 0.002
0.000 0.001 0.995 0.002 0.001
0.000 0.001 0.995 0.003 0.002
0.001 0.048 0.948 0.003 0.001
0.011 0.008 0.959 0.003 0.019
0.002 0.012 0.967 0.010 0.009
0.002 0.002 0.993 0.001 0.002
0.003 0.005 0.978 0.007 0.007
0.044 0.032 0.920 0.001 0.003
0.009 0.029 0.928 0.005 0.029
0.005 0.020 0.935 0.001 0.038
0.002 0.030 0.962 0.002 0.004
0.003 0.082 0.889 0.004 0.022
0.025 0.082 0.879 0.002 0.012
0.004 0.025 0.966 0.002 0.003
0.002 0.016 0.959 0.021 0.002
0.003 0.021 0.961 0.003 0.012
0.002 0.006 0.985 0.003 0.003
0.005 0.007 0.965 0.012 0.011
0.007 0.004 0.987 0.001 0.002
0.002 0.000 0.873 0.001 0.124
0.019 0.013 0.959 0.006 0.003
0.001 0.004 0.993 0.001 0.001
0.002 0.010 0.978 0.002 0.009
0.002 0.002 0.994 0.001 0.001
0.009 0.006 0.981 0.001 0.003
0.005 0.012 0.969 0.001 0.014
0.007 0.028 0.952 0.002 0.011
0.007 0.037 0.948 0.003 0.005
0.001 0.003 0.994 0.001 0.002
0.002 0.001 0.996 0.001 0.000
0.000 0.007 0.989 0.001 0.002
0.001 0.002 0.991 0.004 0.002
0.002 0.001 0.994 0.003 0.001
0.003 0.089 0.905 0.001 0.002
0.002 0.001 0.995 0.001 0.001
0.001 0.003 0.994 0.001 0.001
0.004 0.010 0.982 0.002 0.002
0.015 0.023 0.945 0.001 0.016
0.003 0.011 0.981 0.002 0.004
0.001 0.003 0.987 0.005 0.004
0.000 0.002 0.997 0.000 0.001
0.001 0.001 0.995 0.002 0.002
0.001 0.002 0.996 0.001 0.000
0.001 0.002 0.993 0.002 0.001
0.001 0.001 0.993 0.001 0.004
0.008 0.007 0.977 0.001 0.006
0.002 0.044 0.941 0.002 0.012
0.002 0.004 0.979 0.002 0.013
0.006 0.010 0.980 0.002 0.002
0.001 0.001 0.994 0.000 0.003
0.001 0.001 0.990 0.001 0.006
0.003 0.011 0.978 0.004 0.004
0.001 0.002 0.994 0.002 0.001
0.009 0.004 0.973 0.002 0.011
0.197 0.002 0.796 0.001 0.004
0.070 0.003 0.914 0.002 0.011
0.001 0.001 0.992 0.001 0.006
0.010 0.002 0.982 0.003 0.004
0.067 0.006 0.912 0.003 0.011
0.099 0.003 0.874 0.001 0.023
0.115 0.003 0.853 0.001 0.028
0.019 0.035 0.883 0.004 0.058
0.017 0.016 0.965 0.001 0.001
0.005 0.472 0.521 0.001 0.002
0.001 0.004 0.990 0.000 0.004
0.039 0.033 0.908 0.002 0.017
0.146 0.003 0.839 0.003 0.009
0.002 0.007 0.896 0.008 0.087
0.038 0.013 0.913 0.001 0.035
0.009 0.011 0.974 0.003 0.002
0.003 0.011 0.980 0.003 0.004
0.013 0.041 0.859 0.005 0.082
0.009 0.029 0.957 0.001 0.005
0.005 0.004 0.799 0.011 0.180
0.002 0.001 0.994 0.001 0.002
0.004 0.007 0.973 0.006 0.010
0.004 0.025 0.953 0.009 0.009
0.027 0.056 0.856 0.000 0.060
0.008 0.012 0.973 0.003 0.004
0.002 0.001 0.994 0.001 0.002
0.227 0.064 0.701 0.001 0.006
0.001 0.001 0.996 0.002 0.000
0.020 0.008 0.968 0.000 0.003
0.137 0.211 0.638 0.004 0.010
0.057 0.026 0.801 0.004 0.112
0.008 0.037 0.926 0.003 0.026
0.011 0.005 0.965 0.002 0.016
0.002 0.005 0.988 0.001 0.004
0.006 0.011 0.872 0.003 0.109
0.006 0.004 0.935 0.006 0.049
0.006 0.012 0.974 0.001 0.007
0.080 0.121 0.788 0.001 0.010
0.014 0.032 0.951 0.001 0.002
0.016 0.026 0.901 0.001 0.055
0.005 0.004 0.963 0.002 0.025
0.003 0.005 0.986 0.003 0.003
0.018 0.006 0.950 0.005 0.022
0.001 0.010 0.985 0.001 0.003
0.062 0.018 0.899 0.006 0.015
0.012 0.001 0.977 0.009 0.001
0.006 0.004 0.988 0.002 0.001
0.023 0.036 0.923 0.004 0.014
0.021 0.140 0.837 0.001 0.000
0.005 0.016 0.966 0.003 0.010
0.031 0.016 0.945 0.003 0.006
0.006 0.009 0.978 0.002 0.006
0.002 0.007 0.987 0.001 0.002
0.017 0.026 0.932 0.001 0.023
0.000 0.005 0.992 0.000 0.002
0.048 0.358 0.586 0.003 0.005
0.019 0.020 0.947 0.011 0.003
0.010 0.003 0.984 0.002 0.001
0.007 0.002 0.989 0.002 0.001
0.006 0.007 0.983 0.001 0.002
0.006 0.018 0.964 0.010 0.002
0.015 0.005 0.830 0.015 0.134
0.025 0.051 0.901 0.003 0.020
0.017 0.151 0.826 0.005 0.001
0.007 0.007 0.969 0.001 0.015
0.001 0.050 0.905 0.003 0.039
0.017 0.011 0.937 0.032 0.004
0.003 0.000 0.985 0.003 0.009
0.057 0.042 0.893 0.001 0.007
0.001 0.001 0.997 0.001 0.001
0.002 0.013 0.967 0.007 0.010
0.149 0.003 0.845 0.000 0.003
0.007 0.015 0.972 0.001 0.005
0.006 0.013 0.971 0.003 0.007
0.005 0.023 0.970 0.002 0.001
0.028 0.008 0.908 0.002 0.053
0.006 0.023 0.947 0.020 0.004
0.156 0.005 0.832 0.005 0.001
0.003 0.011 0.963 0.000 0.023
0.031 0.003 0.943 0.001 0.022
0.014 0.002 0.977 0.003 0.004
0.001 0.007 0.989 0.002 0.002
0.991 0.001 0.003 0.002 0.003
0.996 0.001 0.001 0.002 0.000
0.946 0.004 0.006 0.001 0.043
0.980 0.010 0.004 0.002 0.004
0.990 0.003 0.001 0.005 0.001
0.833 0.002 0.004 0.002 0.158
0.969 0.008 0.010 0.001 0.012
0.996 0.001 0.001 0.001 0.001
0.842 0.007 0.003 0.001 0.147
0.994 0.001 0.001 0.002 0.002
0.947 0.007 0.004 0.001 0.041
0.979 0.007 0.004 0.004 0.006
0.991 0.002 0.003 0.001 0.003
0.990 0.002 0.002 0.001 0.005
0.989 0.000 0.001 0.003 0.007
0.992 0.002 0.001 0.001 0.004
0.992 0.001 0.002 0.002 0.003
0.977 0.002 0.004 0.002 0.016
0.979 0.009 0.004 0.002 0.006
0.990 0.007 0.000 0.001 0.002
0.984 0.003 0.002 0.008 0.002
0.974 0.010 0.008 0.001 0.007
0.981 0.003 0.005 0.010 0.001
0.965 0.029 0.003 0.001 0.003
0.987 0.004 0.002 0.003 0.003
0.986 0.006 0.005 0.002 0.001
0.954 0.009 0.029 0.004 0.004
0.989 0.004 0.004 0.001 0.002
0.977 0.005 0.007 0.010 0.002
0.991 0.002 0.002 0.004 0.001
0.989 0.005 0.002 0.001 0.003
0.917 0.052 0.020 0.002 0.008
0.956 0.005 0.001 0.009 0.030
0.990 0.001 0.002 0.006 0.001
0.954 0.012 0.016 0.018 0.000
0.991 0.001 0.006 0.001 0.001
0.970 0.003 0.010 0.001 0.016
0.940 0.023 0.021 0.002 0.014
0.939 0.004 0.002 0.020 0.036
0.995 0.001 0.002 0.001 0.002
0.994 0.002 0.001 0.001 0.002
0.971 0.007 0.002 0.002 0.017
0.003 0.004 0.956 0.017 0.020
0.001 0.230 0.410 0.354 0.006
0.000 0.006 0.985 0.004 0.006
0.974 0.003 0.006 0.011 0.006
0.993 0.001 0.003 0.001 0.002
0.987 0.001 0.007 0.001 0.003
0.985 0.004 0.001 0.002 0.007
0.948 0.005 0.002 0.001 0.044
0.992 0.004 0.003 0.000 0.001
0.990 0.002 0.001 0.002 0.006
0.956 0.030 0.009 0.003 0.002
0.994 0.001 0.002 0.002 0.001
0.992 0.002 0.005 0.001 0.001
0.945 0.007 0.006 0.001 0.041
0.963 0.023 0.006 0.007 0.001
0.992 0.002 0.003 0.001 0.002
0.978 0.006 0.005 0.001 0.011
0.995 0.001 0.001 0.001 0.003
0.993 0.001 0.004 0.002 0.000
0.991 0.004 0.003 0.001 0.001
0.985 0.001 0.004 0.002 0.008
0.990 0.005 0.001 0.002 0.002
0.995 0.002 0.001 0.002 0.000
0.969 0.004 0.001 0.005 0.021
0.988 0.001 0.005 0.002 0.005
0.988 0.004 0.002 0.003 0.004
0.983 0.008 0.001 0.003 0.006
0.997 0.000 0.000 0.001 0.001
0.978 0.002 0.003 0.003 0.015
0.966 0.012 0.016 0.005 0.001
0.977 0.001 0.004 0.002 0.016
0.938 0.002 0.002 0.012 0.046
0.979 0.006 0.011 0.002 0.002
0.990 0.002 0.003 0.003 0.003
0.928 0.005 0.007 0.002 0.058
0.975 0.002 0.005 0.003 0.015
0.988 0.002 0.001 0.002 0.007
0.807 0.002 0.002 0.005 0.184
0.001 0.285 0.541 0.129 0.045
0.003 0.037 0.521 0.009 0.430
0.029 0.046 0.904 0.006 0.014
0.057 0.002 0.772 0.027 0.142
0.979 0.007 0.002 0.001 0.011
0.926 0.039 0.003 0.004 0.027
0.986 0.009 0.004 0.000 0.000
0.970 0.002 0.011 0.004 0.012
0.993 0.002 0.000 0.001 0.004
0.963 0.001 0.008 0.022 0.006
0.995 0.001 0.001 0.002 0.002
0.991 0.001 0.005 0.001 0.003
0.992 0.002 0.002 0.001 0.004
0.980 0.003 0.003 0.004 0.010
0.957 0.033 0.003 0.002 0.005
0.997 0.001 0.000 0.001 0.001
0.988 0.005 0.004 0.001 0.002
0.982 0.007 0.001 0.007 0.003
0.992 0.002 0.002 0.002 0.002
0.953 0.015 0.005 0.027 0.001
0.989 0.002 0.001 0.002 0.005
0.993 0.001 0.001 0.001 0.003
0.944 0.005 0.004 0.009 0.039
0.960 0.007 0.003 0.028 0.001
0.986 0.003 0.005 0.001 0.005
0.964 0.007 0.004 0.002 0.023
0.974 0.009 0.002 0.007 0.008
0.985 0.004 0.001 0.002 0.007
0.983 0.001 0.011 0.002 0.004
0.992 0.001 0.002 0.003 0.002
0.997 0.001 0.001 0.001 0.001
0.995 0.001 0.002 0.000 0.001
0.035 0.047 0.887 0.029 0.003
0.024 0.018 0.807 0.010 0.141
0.014 0.047 0.765 0.151 0.023
0.020 0.022 0.944 0.002 0.012
0.002 0.002 0.982 0.006 0.007
0.003 0.007 0.980 0.008 0.001
0.002 0.007 0.724 0.028 0.239
0.015 0.002 0.967 0.014 0.002
0.002 0.060 0.749 0.000 0.189
0.984 0.005 0.008 0.001 0.002
0.920 0.052 0.014 0.013 0.001
0.986 0.003 0.002 0.002 0.006
0.993 0.001 0.002 0.001 0.004
0.996 0.001 0.000 0.001 0.001
0.932 0.003 0.005 0.058 0.002
0.991 0.004 0.001 0.001 0.002
0.992 0.001 0.001 0.001 0.005
0.982 0.003 0.003 0.009 0.003
0.966 0.003 0.003 0.006 0.023
0.990 0.001 0.001 0.001 0.007
0.991 0.005 0.001 0.001 0.002
0.984 0.004 0.005 0.002 0.006
0.994 0.001 0.001 0.001 0.004
0.921 0.063 0.007 0.002 0.007
0.001 0.013 0.977 0.006 0.003
0.010 0.019 0.476 0.005 0.490
0.002 0.003 0.490 0.424 0.080
0.005 0.029 0.821 0.100 0.044
0.003 0.001 0.759 0.171 0.066
0.002 0.001 0.623 0.004 0.369
0.004 0.002 0.781 0.186 0.028
0.003 0.001 0.650 0.001 0.346
0.008 0.003 0.843 0.005 0.140
0.003 0.008 0.982 0.006 0.002
0.002 0.003 0.739 0.253 0.002
0.061 0.017 0.804 0.001 0.116
0.071 0.001 0.784 0.009 0.135
0.001 0.003 0.995 0.001 0.000
0.002 0.015 0.919 0.057 0.007
0.182 0.060 0.754 0.003 0.001
0.001 0.011 0.658 0.003 0.328
0.002 0.073 0.411 0.053 0.460
0.008 0.006 0.946 0.002 0.039
0.007 0.003 0.984 0.005 0.001
0.001 0.017 0.974 0.002 0.005
0.043 0.009 0.744 0.001 0.203
0.003 0.256 0.013 0.006 0.722
0.001 0.002 0.782 0.210 0.005
0.000 0.002 0.788 0.003 0.207
0.027 0.005 0.748 0.007 0.213
0.005 0.003 0.884 0.104 0.004
0.002 0.002 0.991 0.003 0.001
0.005 0.002 0.908 0.076 0.009
0.001 0.050 0.729 0.001 0.220
0.003 0.002 0.884 0.110 0.001
0.089 0.002 0.894 0.003 0.011
0.001 0.014 0.749 0.020 0.216
0.010 0.009 0.599 0.280 0.103
0.002 0.005 0.362 0.630 0.001
0.006 0.022 0.951 0.003 0.018
0.008 0.080 0.893 0.016 0.003
0.006 0.002 0.954 0.033 0.004
0.015 0.063 0.190 0.729 0.002
0.008 0.009 0.638 0.003 0.341
0.009 0.004 0.683 0.008 0.295
0.002 0.000 0.995 0.002 0.001
0.005 0.002 0.603 0.084 0.306
0.000 0.001 0.531 0.003 0.465
0.001 0.000 0.392 0.000 0.606
0.011 0.012 0.493 0.111 0.373
0.010 0.014 0.930 0.002 0.045
0.002 0.001 0.886 0.014 0.096
0.011 0.183 0.707 0.004 0.096
0.002 0.002 0.631 0.215 0.151
0.001 0.000 0.286 0.000 0.713
0.005 0.029 0.962 0.001 0.003
0.010 0.002 0.311 0.392 0.284
0.001 0.003 0.531 0.002 0.463
0.022 0.011 0.841 0.023 0.104
0.005 0.001 0.615 0.001 0.379
0.010 0.019 0.645 0.181 0.145
0.001 0.010 0.924 0.002 0.064
0.001 0.039 0.471 0.162 0.328
0.000 0.012 0.783 0.002 0.202
0.001 0.001 0.766 0.002 0.231
0.009 0.002 0.798 0.006 0.185
0.001 0.001 0.805 0.192 0.001
0.013 0.166 0.804 0.014 0.003
0.079 0.011 0.702 0.100 0.109
0.019 0.060 0.563 0.020 0.338
0.001 0.001 0.981 0.015 0.002
0.008 0.007 0.946 0.039 0.000
0.010 0.029 0.727 0.022 0.212
0.003 0.011 0.958 0.025 0.003
0.004 0.013 0.849 0.133 0.001
0.001 0.003 0.960 0.027 0.008
0.002 0.207 0.304 0.003 0.485
0.005 0.002 0.733 0.254 0.006
0.001 0.001 0.868 0.128 0.003
0.226 0.001 0.304 0.061 0.409
0.002 0.006 0.607 0.006 0.379
0.003 0.002 0.765 0.214 0.016
0.002 0.000 0.798 0.007 0.193
0.004 0.001 0.791 0.021 0.183
0.003 0.013 0.913 0.008 0.062
0.010 0.038 0.472 0.477 0.003
0.002 0.019 0.120 0.858 0.001
0.001 0.004 0.538 0.328 0.128
0.015 0.005 0.970 0.005 0.004
0.001 0.002 0.781 0.002 0.213
0.002 0.002 0.543 0.000 0.453
0.002 0.002 0.993 0.001 0.003
0.000 0.024 0.579 0.014 0.383
0.005 0.037 0.591 0.038 0.329
0.001 0.004 0.731 0.054 0.209
0.004 0.015 0.975 0.002 0.004
0.011 0.001 0.219 0.162 0.606
0.001 0.002 0.656 0.002 0.339
0.043 0.027 0.912 0.002 0.016
0.001 0.006 0.220 0.330 0.443
0.005 0.008 0.981 0.003 0.004
0.003 0.001 0.649 0.112 0.234
0.002 0.005 0.982 0.010 0.001
0.001 0.002 0.845 0.002 0.149
0.006 0.029 0.947 0.004 0.014
0.001 0.000 0.618 0.378 0.002
0.005 0.007 0.881 0.093 0.013
0.001 0.001 0.948 0.049 0.001
0.022 0.002 0.654 0.320 0.003
0.006 0.002 0.703 0.271 0.019
0.017 0.007 0.937 0.010 0.029
0.001 0.024 0.812 0.003 0.159
0.004 0.002 0.736 0.003 0.256
0.008 0.057 0.705 0.211 0.020
0.000 0.003 0.898 0.079 0.020
0.003 0.027 0.967 0.002 0.002
0.019 0.022 0.051 0.016 0.892
0.004 0.007 0.283 0.316 0.390
0.001 0.005 0.693 0.002 0.299
0.006 0.001 0.549 0.005 0.439
0.009 0.098 0.152 0.009 0.732
0.004 0.001 0.707 0.007 0.281
0.004 0.001 0.753 0.001 0.241
0.005 0.010 0.624 0.002 0.360
0.002 0.081 0.519 0.007 0.391
0.000 0.002 0.502 0.016 0.481
0.003 0.000 0.682 0.004 0.312
0.003 0.022 0.903 0.049 0.024
0.002 0.001 0.453 0.001 0.544
0.002 0.003 0.612 0.003 0.381
0.002 0.001 0.227 0.269 0.501
0.017 0.100 0.427 0.008 0.448
0.003 0.003 0.685 0.077 0.233
0.003 0.043 0.115 0.023 0.816
0.013 0.003 0.614 0.051 0.319
0.001 0.000 0.483 0.001 0.515
0.001 0.007 0.476 0.018 0.498
0.004 0.002 0.523 0.002 0.470
0.001 0.279 0.626 0.001 0.092
0.002 0.043 0.658 0.002 0.294
0.001 0.003 0.764 0.039 0.193
0.001 0.057 0.930 0.000 0.012
0.001 0.002 0.294 0.440 0.263
0.001 0.047 0.552 0.395 0.005
0.018 0.007 0.910 0.055 0.010
0.140 0.046 0.808 0.001 0.005
0.000 0.002 0.568 0.239 0.190
0.005 0.014 0.797 0.008 0.176
0.005 0.005 0.530 0.277 0.183
0.004 0.000 0.424 0.244 0.328
0.016 0.062 0.864 0.047 0.012
0.008 0.011 0.897 0.077 0.007
0.041 0.024 0.526 0.020 0.389
0.076 0.003 0.445 0.176 0.300
0.003 0.001 0.791 0.184 0.021
0.006 0.008 0.770 0.001 0.215
0.011 0.006 0.519 0.017 0.447
0.001 0.002 0.988 0.008 0.001
0.001 0.001 0.996 0.001 0.001
0.007 0.004 0.764 0.093 0.133
0.096 0.001 0.492 0.002 0.409
0.001 0.010 0.131 0.006 0.853
0.013 0.089 0.546 0.300 0.051
0.003 0.029 0.797 0.110 0.061
0.001 0.001 0.702 0.002 0.295
0.007 0.001 0.566 0.001 0.425
0.017 0.003 0.694 0.016 0.270
0.012 0.013 0.307 0.051 0.618
0.006 0.104 0.174 0.091 0.624
0.002 0.001 0.427 0.309 0.261
0.001 0.014 0.744 0.002 0.240
0.010 0.016 0.956 0.002 0.016
0.005 0.003 0.983 0.004 0.005
0.004 0.020 0.703 0.146 0.127
0.001 0.007 0.365 0.448 0.179
0.001 0.007 0.975 0.002 0.015
0.003 0.039 0.628 0.015 0.315
0.001 0.018 0.975 0.003 0.002
0.023 0.040 0.690 0.067 0.181
0.003 0.003 0.893 0.011 0.092
0.003 0.002 0.276 0.476 0.243
0.001 0.001 0.606 0.167 0.225
0.001 0.006 0.693 0.006 0.294
0.009 0.005 0.841 0.013 0.132
0.030 0.063 0.893 0.002 0.012
0.005 0.003 0.987 0.003 0.002
0.004 0.014 0.968 0.013 0.001
0.000 0.001 0.996 0.002 0.001
0.001 0.003 0.993 0.002 0.001
0.002 0.004 0.992 0.001 0.001
0.002 0.023 0.971 0.000 0.004
0.001 0.008 0.988 0.002 0.001
0.001 0.008 0.984 0.006 0.001
0.001 0.000 0.997 0.001 0.001
0.001 0.001 0.993 0.003 0.002
0.001 0.003 0.995 0.000 0.001
0.000 0.001 0.996 0.001 0.001
0.001 0.002 0.995 0.001 0.001
0.004 0.016 0.976 0.002 0.002
0.002 0.008 0.984 0.004 0.001
0.002 0.003 0.986 0.008 0.002
0.001 0.002 0.995 0.001 0.001
0.002 0.001 0.995 0.001 0.001
0.001 0.004 0.993 0.001 0.001
0.001 0.035 0.960 0.004 0.000
0.001 0.003 0.993 0.002 0.002
0.006 0.014 0.967 0.012 0.002
0.001 0.000 0.996 0.002 0.001
0.016 0.016 0.733 0.003 0.233
0.001 0.000 0.494 0.418 0.087
0.001 0.001 0.436 0.371 0.191
0.006 0.008 0.044 0.008 0.934
0.001 0.058 0.570 0.001 0.371
0.002 0.006 0.371 0.001 0.621
0.003 0.018 0.187 0.001 0.791
0.012 0.018 0.539 0.002 0.429
0.009 0.005 0.290 0.001 0.694
0.008 0.857 0.122 0.006 0.007
0.003 0.549 0.430 0.005 0.013
0.025 0.920 0.009 0.004 0.043
0.001 0.745 0.251 0.002 0.001
0.890 0.062 0.015 0.032 0.001
0.994 0.002 0.002 0.001 0.002
0.994 0.002 0.001 0.002 0.001
0.991 0.001 0.002 0.002 0.005
0.984 0.003 0.003 0.009 0.001
0.991 0.003 0.001 0.001 0.003
0.002 0.002 0.992 0.003 0.001
0.002 0.012 0.932 0.053 0.002
0.001 0.006 0.984 0.007 0.000
0.001 0.005 0.992 0.001 0.000
0.002 0.007 0.985 0.005 0.002
0.001 0.008 0.984 0.005 0.001
0.001 0.001 0.995 0.001 0.002
0.001 0.003 0.993 0.002 0.001
0.002 0.011 0.983 0.002 0.002
0.002 0.007 0.956 0.029 0.005
0.001 0.012 0.986 0.001 0.001
0.001 0.006 0.985 0.007 0.001
0.001 0.001 0.997 0.000 0.001
0.005 0.009 0.984 0.001 0.001
0.004 0.001 0.992 0.002 0.001
0.002 0.000 0.992 0.003 0.002
0.002 0.052 0.941 0.001 0.004
0.030 0.020 0.943 0.004 0.003
0.004 0.001 0.790 0.202 0.003
0.002 0.012 0.975 0.008 0.003
0.001 0.002 0.994 0.003 0.000
0.001 0.001 0.987 0.004 0.006
0.002 0.017 0.977 0.002 0.002
0.014 0.013 0.954 0.015 0.005
0.002 0.002 0.987 0.009 0.001
0.002 0.007 0.986 0.003 0.002
0.019 0.261 0.716 0.004 0.001
0.001 0.003 0.994 0.001 0.002
0.001 0.002 0.995 0.001 0.001
0.005 0.003 0.992 0.001 0.001
0.001 0.001 0.996 0.001 0.001
0.002 0.003 0.994 0.001 0.000
0.004 0.004 0.953 0.036 0.004
0.002 0.005 0.988 0.003 0.002
0.001 0.001 0.993 0.003 0.001
0.001 0.003 0.991 0.003 0.002
0.002 0.009 0.983 0.001 0.005
0.001 0.004 0.960 0.034 0.001
0.001 0.004 0.992 0.001 0.001
0.001 0.004 0.987 0.008 0.001
0.000 0.002 0.995 0.001 0.002
0.002 0.003 0.993 0.002 0.001
0.005 0.037 0.951 0.005 0.002
0.002 0.103 0.891 0.001 0.004
0.006 0.007 0.981 0.003 0.003
0.002 0.007 0.983 0.006 0.002
0.006 0.006 0.964 0.022 0.002
0.058 0.042 0.892 0.007 0.001
0.002 0.000 0.993 0.004 0.001
0.002 0.009 0.982 0.006 0.001
0.005 0.002 0.985 0.001 0.007
0.004 0.006 0.985 0.001 0.004
0.002 0.002 0.992 0.003 0.002
0.003 0.009 0.986 0.001 0.001
0.003 0.008 0.985 0.002 0.001
0.002 0.045 0.918 0.031 0.005
0.003 0.007 0.983 0.003 0.004
0.001 0.002 0.994 0.002 0.002
0.007 0.004 0.984 0.003 0.002
0.002 0.001 0.993 0.001 0.002
0.001 0.001 0.986 0.004 0.008
0.001 0.010 0.975 0.002 0.013
0.002 0.002 0.989 0.002 0.005
0.001 0.001 0.993 0.001 0.003
0.001 0.002 0.993 0.002 0.001
0.001 0.002 0.990 0.005 0.002
0.003 0.009 0.979 0.007 0.001
0.001 0.001 0.992 0.005 0.001
0.003 0.028 0.965 0.001 0.003
0.004 0.125 0.836 0.034 0.001
0.002 0.002 0.994 0.001 0.001
0.000 0.009 0.987 0.003 0.001
0.004 0.004 0.987 0.004 0.001
0.990 0.002 0.003 0.004 0.002
0.987 0.003 0.004 0.002 0.004
0.985 0.007 0.003 0.003 0.001
0.963 0.003 0.002 0.021 0.012
0.976 0.001 0.017 0.002 0.004
0.990 0.006 0.001 0.001 0.001
0.995 0.001 0.001 0.003 0.001
0.971 0.013 0.001 0.002 0.012
0.959 0.010 0.020 0.010 0.002
0.993 0.000 0.001 0.001 0.004
0.989 0.002 0.001 0.001 0.007
0.977 0.009 0.008 0.004 0.002
0.993 0.002 0.001 0.001 0.003
0.963 0.002 0.005 0.027 0.002
0.982 0.006 0.001 0.007 0.004
0.905 0.012 0.004 0.073 0.006
0.974 0.006 0.004 0.002 0.013
0.953 0.032 0.009 0.001 0.004
0.990 0.002 0.003 0.002 0.002
0.990 0.005 0.002 0.002 0.002
0.995 0.003 0.001 0.000 0.001
0.971 0.010 0.008 0.004 0.006
0.986 0.007 0.004 0.002 0.001
0.993 0.002 0.001 0.001 0.003
0.953 0.014 0.010 0.001 0.023
0.990 0.003 0.004 0.003 0.001
0.989 0.001 0.002 0.006 0.003
0.992 0.002 0.002 0.001 0.003
0.953 0.004 0.003 0.036 0.003
0.979 0.007 0.006 0.002 0.006
0.951 0.035 0.006 0.002 0.005
0.969 0.019 0.003 0.004 0.005
0.966 0.017 0.008 0.001 0.008
0.982 0.004 0.001 0.004 0.009
0.886 0.102 0.009 0.002 0.002
0.987 0.006 0.001 0.002 0.003
0.975 0.018 0.003 0.003 0.001
0.934 0.044 0.004 0.004 0.014
0.978 0.003 0.010 0.008 0.002
0.975 0.013 0.003 0.001 0.008
0.984 0.005 0.003 0.002 0.005
0.985 0.010 0.004 0.001 0.001
0.990 0.005 0.004 0.001 0.001
0.990 0.002 0.001 0.004 0.003
0.971 0.007 0.012 0.005 0.006
0.970 0.005 0.013 0.006 0.006
0.985 0.005 0.001 0.005 0.003
0.940 0.022 0.001 0.035 0.002
0.983 0.006 0.006 0.003 0.002
0.988 0.002 0.007 0.003 0.000
0.978 0.003 0.003 0.009 0.007
0.982 0.011 0.001 0.003 0.003
0.945 0.027 0.004 0.022 0.001
0.988 0.005 0.002 0.002 0.004
0.982 0.006 0.002 0.004 0.005
0.787 0.207 0.003 0.001 0.002
0.004 0.075 0.091 0.820 0.010
0.001 0.518 0.001 0.480 0.001
0.008 0.003 0.015 0.902 0.072
0.004 0.013 0.482 0.501 0.000
0.001 0.002 0.128 0.868 0.002
0.002 0.003 0.426 0.566 0.002
0.002 0.003 0.001 0.985 0.009
0.002 0.001 0.001 0.993 0.004
0.003 0.009 0.222 0.001 0.764
0.003 0.003 0.001 0.002 0.992
0.007 0.029 0.154 0.806 0.004
0.001 0.003 0.006 0.988 0.002
0.000 0.072 0.023 0.860 0.045
0.015 0.005 0.257 0.687 0.035
0.002 0.001 0.003 0.986 0.008
0.008 0.001 0.190 0.001 0.801
0.001 0.005 0.344 0.002 0.650
0.002 0.000 0.000 0.000 0.997
0.021 0.048 0.015 0.011 0.906
0.000 0.001 0.001 0.001 0.997
0.010 0.023 0.158 0.243 0.567
0.001 0.002 0.001 0.002 0.995
0.004 0.001 0.002 0.001 0.993
0.005 0.001 0.164 0.001 0.829
0.005 0.071 0.083 0.183 0.658
0.063 0.001 0.369 0.000 0.565
0.002 0.001 0.001 0.001 0.996
0.001 0.001 0.001 0.001 0.997
0.003 0.005 0.385 0.020 0.588
0.001 0.002 0.004 0.002 0.991
0.005 0.009 0.062 0.195 0.729
0.727 0.003 0.000 0.005 0.265
0.003 0.008 0.012 0.006 0.971
0.001 0.023 0.282 0.179 0.515
0.087 0.003 0.035 0.002 0.874
0.001 0.001 0.001 0.001 0.997
0.001 0.000 0.000 0.000 0.998
0.033 0.018 0.157 0.001 0.792
0.088 0.115 0.007 0.001 0.788
0.000 0.000 0.001 0.998 0.001
0.001 0.000 0.001 0.998 0.000
0.003 0.002 0.004 0.006 0.986
0.001 0.005 0.014 0.483 0.497
0.002 0.001 0.388 0.025 0.584
0.003 0.007 0.001 0.005 0.983
0.007 0.002 0.125 0.010 0.857
0.001 0.002 0.314 0.241 0.442
0.001 0.000 0.002 0.002 0.996
0.010 0.047 0.006 0.001 0.937
0.001 0.010 0.010 0.010 0.970
0.001 0.018 0.165 0.001 0.815
0.000 0.025 0.159 0.005 0.810
0.000 0.002 0.205 0.004 0.790
0.176 0.003 0.001 0.003 0.817
0.004 0.006 0.087 0.878 0.026
0.001 0.000 0.151 0.847 0.001
0.002 0.003 0.661 0.332 0.002
0.145 0.002 0.319 0.533 0.001
0.136 0.006 0.012 0.843 0.003
0.011 0.029 0.019 0.004 0.937
0.001 0.000 0.000 0.001 0.998
0.002 0.020 0.003 0.002 0.973
0.002 0.013 0.008 0.003 0.974
0.001 0.002 0.001 0.001 0.995
0.026 0.018 0.012 0.350 0.594
0.034 0.018 0.007 0.004 0.937
0.008 0.006 0.008 0.975 0.003
0.001 0.001 0.348 0.649 0.002
0.001 0.001 0.004 0.993 0.001
0.001 0.003 0.002 0.993 0.002
0.001 0.003 0.002 0.991 0.003
0.988 0.001 0.002 0.005 0.004
0.979 0.016 0.002 0.001 0.003
0.978 0.004 0.012 0.003 0.003
0.973 0.005 0.009 0.012 0.001
0.964 0.024 0.005 0.003 0.005
0.994 0.002 0.002 0.001 0.002
0.957 0.002 0.035 0.003 0.003
0.979 0.005 0.008 0.005 0.002
0.988 0.003 0.003 0.004 0.002
0.984 0.006 0.004 0.002 0.004
0.989 0.002 0.004 0.004 0.001
0.980 0.011 0.005 0.002 0.002
0.989 0.004 0.001 0.001 0.006
0.961 0.010 0.011 0.005 0.014
0.971 0.014 0.009 0.005 0.001
0.994 0.002 0.002 0.002 0.001
0.991 0.003 0.001 0.004 0.001
0.006 0.002 0.345 0.646 0.002
0.010 0.009 0.044 0.935 0.002
0.000 0.001 0.001 0.997 0.001
0.001 0.004 0.014 0.947 0.033
0.940 0.013 0.027 0.010 0.011
0.935 0.035 0.008 0.022 0.001
0.888 0.056 0.047 0.007 0.003
0.794 0.167 0.013 0.002 0.025
0.943 0.041 0.002 0.004 0.011
0.947 0.032 0.012 0.008 0.001
0.943 0.003 0.013 0.037 0.004
0.966 0.001 0.001 0.030 0.001
0.643 0.343 0.010 0.003 0.001
0.971 0.010 0.005 0.003 0.011
0.972 0.006 0.009 0.002 0.011
0.985 0.006 0.001 0.002 0.006
0.984 0.005 0.002 0.005 0.005
0.993 0.003 0.001 0.002 0.001
0.970 0.006 0.007 0.005 0.011
0.989 0.001 0.003 0.002 0.005
0.975 0.010 0.004 0.007 0.004
0.980 0.008 0.002 0.007 0.003
0.916 0.010 0.024 0.006 0.044
0.992 0.004 0.001 0.001 0.001
0.975 0.003 0.009 0.007 0.005
0.010 0.050 0.066 0.047 0.827
0.001 0.061 0.084 0.001 0.853
0.000 0.001 0.001 0.998 0.001
0.075 0.010 0.004 0.023 0.887
0.045 0.015 0.033 0.001 0.906
0.002 0.001 0.001 0.002 0.995
0.005 0.032 0.015 0.927 0.020
0.001 0.001 0.003 0.989 0.006
0.003 0.001 0.003 0.992 0.001
0.919 0.064 0.005 0.008 0.003
0.996 0.001 0.001 0.001 0.001
0.993 0.002 0.002 0.001 0.002
0.977 0.012 0.008 0.002 0.001
0.989 0.005 0.004 0.001 0.001
0.996 0.001 0.001 0.001 0.000
0.980 0.010 0.007 0.002 0.001
0.880 0.039 0.039 0.040 0.002
0.975 0.005 0.015 0.003 0.003
0.950 0.018 0.010 0.016 0.007
0.975 0.005 0.004 0.013 0.003
0.977 0.014 0.007 0.001 0.001
0.923 0.030 0.041 0.001 0.004
0.989 0.005 0.001 0.001 0.004
0.953 0.036 0.004 0.005 0.002
0.975 0.013 0.004 0.004 0.003
0.994 0.000 0.001 0.001 0.003
0.140 0.004 0.009 0.836 0.010
0.004 0.000 0.167 0.827 0.002
0.005 0.018 0.229 0.047 0.701
0.003 0.004 0.004 0.002 0.988
0.002 0.001 0.001 0.001 0.996
0.969 0.016 0.011 0.003 0.001
0.988 0.008 0.001 0.001 0.001
0.979 0.013 0.001 0.004 0.004
0.996 0.002 0.000 0.001 0.001
0.990 0.002 0.002 0.002 0.005
0.984 0.003 0.004 0.005 0.005
0.993 0.004 0.001 0.000 0.002
0.992 0.004 0.003 0.001 0.001
0.983 0.008 0.003 0.003 0.002
0.991 0.003 0.002 0.002 0.002
0.965 0.016 0.005 0.009 0.005
0.990 0.003 0.001 0.004 0.002
0.936 0.009 0.008 0.002 0.045
0.987 0.010 0.000 0.001 0.002
0.995 0.001 0.001 0.001 0.002
0.986 0.001 0.001 0.001 0.012
0.973 0.004 0.015 0.005 0.003
0.990 0.002 0.002 0.001 0.005
0.973 0.009 0.005 0.005 0.008
0.995 0.001 0.001 0.002 0.000
0.000 0.002 0.994 0.002 0.001
0.002 0.038 0.953 0.006 0.001
0.001 0.008 0.987 0.003 0.001
0.002 0.008 0.977 0.012 0.000
0.002 0.001 0.994 0.001 0.002
0.001 0.005 0.991 0.002 0.001
0.002 0.012 0.976 0.010 0.001
0.005 0.003 0.975 0.009 0.008
0.001 0.001 0.994 0.004 0.000
0.000 0.003 0.995 0.001 0.001
0.001 0.014 0.983 0.001 0.001
0.008 0.002 0.983 0.005 0.002
0.001 0.001 0.995 0.002 0.002
0.001 0.005 0.978 0.014 0.002
0.874 0.071 0.007 0.043 0.005
0.001 0.004 0.449 0.001 0.546
0.004 0.056 0.533 0.001 0.406
0.000 0.001 0.002 0.995 0.002
0.003 0.010 0.416 0.559 0.013
0.009 0.001 0.002 0.001 0.987
0.002 0.007 0.201 0.002 0.788
0.007 0.009 0.006 0.004 0.974
0.001 0.003 0.009 0.002 0.985
0.005 0.061 0.004 0.001 0.929
0.000 0.000 0.001 0.000 0.999
0.002 0.001 0.001 0.000 0.995
0.001 0.003 0.000 0.209 0.787
0.001 0.001 0.000 0.001 0.996
0.001 0.001 0.002 0.001 0.995
0.002 0.004 0.004 0.001 0.989
0.001 0.002 0.248 0.748 0.001
0.000 0.004 0.091 0.903 0.002
0.001 0.002 0.169 0.827 0.001
0.000 0.014 0.144 0.841 0.000
0.020 0.006 0.002 0.005 0.967
0.010 0.022 0.032 0.015 0.921
0.001 0.000 0.001 0.001 0.997
0.001 0.001 0.001 0.001 0.996
0.001 0.004 0.285 0.002 0.708
0.008 0.058 0.093 0.012 0.829
0.003 0.001 0.001 0.002 0.994
0.002 0.131 0.334 0.001 0.532
0.152 0.003 0.017 0.826 0.002
0.001 0.001 0.008 0.986 0.004
0.001 0.002 0.003 0.992 0.002
0.001 0.018 0.247 0.002 0.732
0.001 0.001 0.110 0.886 0.002
0.001 0.001 0.001 0.997 0.000
0.000 0.001 0.001 0.997 0.001
0.004 0.003 0.003 0.985 0.005
0.149 0.049 0.000 0.800 0.001
0.002 0.002 0.001 0.995 0.001
0.001 0.002 0.001 0.995 0.001
0.007 0.003 0.129 0.860 0.002
0.001 0.001 0.002 0.993 0.003
0.002 0.002 0.405 0.587 0.004
0.002 0.001 0.002 0.994 0.001
0.006 0.005 0.009 0.978 0.002
0.005 0.003 0.231 0.745 0.016
0.001 0.048 0.083 0.003 0.866
0.001 0.013 0.022 0.008 0.955
0.996 0.000 0.001 0.001 0.002
0.989 0.002 0.003 0.005 0.001
0.976 0.006 0.002 0.001 0.015
0.991 0.001 0.004 0.002 0.002
0.995 0.002 0.000 0.001 0.002
0.988 0.008 0.001 0.002 0.001
0.988 0.002 0.002 0.006 0.002
0.975 0.007 0.001 0.002 0.015
0.987 0.008 0.003 0.002 0.001
0.969 0.005 0.021 0.002 0.003
0.991 0.002 0.004 0.002 0.001
0.978 0.009 0.006 0.004 0.003
0.993 0.002 0.002 0.001 0.002
0.994 0.001 0.002 0.002 0.001
0.992 0.005 0.001 0.001 0.001
0.988 0.005 0.003 0.002 0.003
0.943 0.005 0.004 0.048 0.001
0.889 0.085 0.003 0.022 0.002
0.984 0.010 0.002 0.001 0.003
0.854 0.104 0.023 0.012 0.006
0.935 0.026 0.007 0.006 0.027
0.979 0.004 0.008 0.007 0.003
0.952 0.013 0.016 0.016 0.004
0.964 0.007 0.016 0.003 0.010
0.980 0.008 0.007 0.004 0.001
0.986 0.010 0.001 0.001 0.001
0.929 0.036 0.013 0.021 0.001
0.968 0.015 0.011 0.001 0.005
0.914 0.001 0.009 0.003 0.072
0.987 0.004 0.002 0.003 0.003
0.984 0.006 0.003 0.003 0.004
0.992 0.001 0.002 0.001 0.003
0.958 0.020 0.005 0.004 0.012
0.939 0.014 0.032 0.011 0.004
0.993 0.002 0.002 0.001 0.001
0.000 0.001 0.001 0.997 0.001
0.009 0.003 0.351 0.635 0.001
0.002 0.000 0.626 0.208 0.164
0.003 0.024 0.271 0.698 0.004
0.001 0.001 0.000 0.998 0.001
0.003 0.003 0.332 0.660 0.002
0.075 0.012 0.074 0.837 0.003
0.002 0.008 0.003 0.979 0.008
0.065 0.008 0.001 0.924 0.002
0.008 0.160 0.169 0.662 0.001
0.001 0.001 0.001 0.997 0.001
0.002 0.016 0.228 0.754 0.000
0.004 0.004 0.018 0.972 0.002
0.001 0.005 0.007 0.980 0.007
0.000 0.001 0.000 0.998 0.000
0.004 0.005 0.003 0.986 0.001
0.001 0.001 0.002 0.994 0.002
0.000 0.000 0.001 0.998 0.001
0.001 0.001 0.003 0.994 0.001
0.001 0.004 0.372 0.613 0.010
0.001 0.001 0.001 0.997 0.001
0.055 0.017 0.003 0.924 0.001
0.001 0.000 0.001 0.997 0.001
0.001 0.002 0.561 0.420 0.016
0.000 0.001 0.001 0.997 0.001
0.002 0.993 0.004 0.000 0.001
0.001 0.845 0.052 0.004 0.097
0.001 0.721 0.272 0.004 0.001
0.001 0.546 0.450 0.002 0.001
0.000 0.001 0.001 0.998 0.000
0.033 0.002 0.006 0.952 0.007
0.004 0.034 0.002 0.958 0.002
0.009 0.004 0.467 0.489 0.031
0.004 0.001 0.327 0.668 0.001
0.003 0.145 0.325 0.526 0.000
0.000 0.002 0.002 0.995 0.001
0.968 0.012 0.006 0.002 0.012
0.994 0.002 0.001 0.001 0.002
0.960 0.002 0.002 0.006 0.029
0.974 0.021 0.002 0.002 0.002
0.001 0.002 0.000 0.996 0.000
0.002 0.005 0.001 0.990 0.003
0.001 0.006 0.002 0.987 0.004
0.005 0.074 0.192 0.722 0.007
0.003 0.002 0.002 0.992 0.001
0.001 0.001 0.001 0.995 0.002
0.124 0.010 0.003 0.861 0.001
0.002 0.002 0.003 0.989 0.004
0.001 0.022 0.140 0.836 0.001
0.009 0.005 0.014 0.968 0.004
0.009 0.007 0.003 0.978 0.003
0.000 0.001 0.000 0.998 0.001
0.001 0.008 0.006 0.984 0.001
0.001 0.008 0.004 0.981 0.006
0.002 0.005 0.010 0.979 0.004
0.002 0.002 0.004 0.987 0.004
0.001 0.001 0.001 0.997 0.001
0.000 0.001 0.001 0.998 0.001
0.001 0.002 0.001 0.996 0.001
0.001 0.001 0.003 0.993 0.002
0.004 0.020 0.002 0.972 0.002
0.001 0.002 0.002 0.995 0.000
0.037 0.016 0.005 0.929 0.013
0.001 0.001 0.001 0.995 0.001
0.002 0.005 0.008 0.975 0.010
0.001 0.002 0.000 0.997 0.000
0.000 0.004 0.001 0.993 0.001
0.001 0.628 0.359 0.003 0.009
0.001 0.883 0.082 0.032 0.002
0.030 0.755 0.176 0.013 0.026
0.001 0.869 0.104 0.023 0.003
0.000 0.968 0.028 0.001 0.002
0.001 0.002 0.011 0.984 0.001
0.001 0.002 0.005 0.991 0.001
0.003 0.008 0.041 0.933 0.015
0.005 0.004 0.012 0.978 0.002
0.002 0.036 0.007 0.951 0.004
0.001 0.000 0.001 0.998 0.000
0.005 0.002 0.002 0.990 0.001
0.001 0.001 0.003 0.994 0.001
0.004 0.009 0.011 0.973 0.003
0.000 0.002 0.004 0.990 0.004
0.003 0.006 0.018 0.966 0.007
0.008 0.008 0.009 0.948 0.027
0.001 0.003 0.001 0.994 0.002
0.000 0.001 0.001 0.996 0.001
0.001 0.001 0.001 0.997 0.001
0.002 0.002 0.004 0.989 0.003
0.001 0.917 0.071 0.002 0.010
0.001 0.859 0.138 0.001 0.001
0.004 0.746 0.232 0.015 0.003
0.045 0.563 0.384 0.001 0.007
0.001 0.938 0.058 0.003 0.000
0.003 0.864 0.129 0.001 0.003
0.007 0.724 0.259 0.001 0.009
0.007 0.772 0.211 0.001 0.008
0.000 0.991 0.003 0.002 0.004
0.002 0.977 0.006 0.006 0.009
0.001 0.003 0.005 0.988 0.003
0.002 0.005 0.002 0.989 0.003
0.020 0.002 0.002 0.975 0.002
0.005 0.001 0.003 0.989 0.002
0.001 0.000 0.001 0.995 0.002
0.000 0.001 0.001 0.998 0.001
0.002 0.715 0.271 0.006 0.007
0.002 0.901 0.093 0.003 0.001
0.001 0.987 0.004 0.008 0.001
0.002 0.983 0.006 0.008 0.002
0.001 0.979 0.013 0.007 0.001
0.007 0.979 0.004 0.001 0.009
0.001 0.735 0.261 0.002 0.002
0.001 0.869 0.123 0.005 0.002
0.004 0.911 0.072 0.003 0.010
0.003 0.877 0.112 0.006 0.003
0.002 0.661 0.330 0.004 0.004
0.003 0.723 0.245 0.001 0.028
0.004 0.919 0.059 0.014 0.004
0.010 0.010 0.007 0.970 0.002
0.001 0.003 0.002 0.993 0.002
0.001 0.000 0.001 0.994 0.004
0.001 0.001 0.013 0.983 0.002
0.001 0.001 0.000 0.997 0.000
0.008 0.014 0.003 0.975 0.000
0.004 0.985 0.006 0.003 0.001
0.002 0.995 0.001 0.001 0.001
0.016 0.956 0.023 0.002 0.002
0.001 0.696 0.299 0.002 0.003
0.002 0.945 0.034 0.011 0.008
0.006 0.702 0.193 0.003 0.096
0.006 0.858 0.053 0.076 0.006
0.002 0.701 0.293 0.000 0.003
0.003 0.975 0.014 0.004 0.004
0.000 0.001 0.003 0.995 0.000
0.026 0.005 0.001 0.966 0.001
0.000 0.001 0.002 0.997 0.000
0.001 0.000 0.001 0.998 0.000
0.004 0.006 0.006 0.980 0.003
0.004 0.002 0.002 0.992 0.001
0.003 0.006 0.001 0.987 0.004
0.000 0.005 0.001 0.993 0.001
0.001 0.001 0.001 0.996 0.000
0.005 0.971 0.018 0.003 0.003
0.002 0.993 0.004 0.001 0.000
0.003 0.948 0.002 0.028 0.019
0.001 0.650 0.343 0.001 0.004
0.003 0.817 0.166 0.005 0.009
0.006 0.988 0.002 0.001 0.003
0.007 0.983 0.005 0.001 0.003
0.001 0.979 0.015 0.001 0.003
0.019 0.585 0.335 0.009 0.053
0.012 0.974 0.003 0.008 0.003
0.008 0.980 0.006 0.005 0.002
0.002 0.990 0.001 0.005 0.001
0.002 0.003 0.001 0.982 0.011
0.004 0.007 0.007 0.977 0.005
0.003 0.002 0.004 0.991 0.001
0.000 0.001 0.001 0.997 0.000
0.001 0.005 0.001 0.989 0.005
0.001 0.001 0.001 0.996 0.000
0.006 0.014 0.021 0.904 0.054
0.002 0.002 0.195 0.799 0.002
0.003 0.001 0.001 0.994 0.001
0.004 0.004 0.071 0.908 0.013
0.003 0.001 0.009 0.982 0.005
0.003 0.006 0.002 0.986 0.003
0.005 0.004 0.001 0.985 0.005
0.001 0.001 0.002 0.996 0.001
0.005 0.003 0.006 0.986 0.000
0.001 0.001 0.001 0.995 0.003
0.000 0.001 0.001 0.997 0.001
0.005 0.022 0.017 0.953 0.002
0.001 0.004 0.003 0.990 0.002
0.001 0.002 0.002 0.995 0.001
0.001 0.001 0.001 0.997 0.001
0.001 0.003 0.004 0.991 0.001
0.008 0.006 0.012 0.972 0.002
0.000 0.001 0.001 0.996 0.001
0.000 0.000 0.025 0.974 0.000
0.011 0.011 0.004 0.965 0.010
0.003 0.001 0.000 0.995 0.000
0.002 0.003 0.003 0.992 0.001
0.003 0.003 0.002 0.990 0.002
0.001 0.001 0.110 0.887 0.000
0.003 0.010 0.084 0.901 0.002
0.000 0.001 0.001 0.994 0.002
0.001 0.003 0.002 0.993 0.001
0.000 0.001 0.001 0.998 0.001
0.005 0.027 0.006 0.955 0.006
0.000 0.000 0.001 0.999 0.000
0.003 0.004 0.001 0.989 0.004
0.002 0.001 0.001 0.993 0.003
0.001 0.002 0.003 0.992 0.002
0.001 0.002 0.001 0.996 0.001
0.001 0.001 0.001 0.996 0.001
0.002 0.006 0.002 0.986 0.005
0.001 0.001 0.000 0.997 0.000
0.001 0.001 0.004 0.989 0.005
0.000 0.001 0.005 0.991 0.003
0.001 0.003 0.003 0.993 0.001
0.001 0.001 0.001 0.997 0.001
0.002 0.002 0.001 0.994 0.001
0.002 0.003 0.001 0.990 0.005
0.002 0.001 0.002 0.993 0.001
0.001 0.002 0.000 0.994 0.003
0.001 0.001 0.001 0.997 0.000
0.001 0.002 0.001 0.995 0.002
0.001 0.001 0.001 0.996 0.001
0.000 0.000 0.001 0.999 0.000
0.000 0.001 0.001 0.997 0.001
0.002 0.003 0.002 0.991 0.002
0.011 0.015 0.006 0.964 0.004
0.231 0.748 0.016 0.003 0.002
0.004 0.991 0.001 0.002 0.002
0.033 0.958 0.005 0.001 0.002
0.022 0.972 0.001 0.001 0.004
0.004 0.859 0.133 0.002 0.002
0.001 0.740 0.256 0.000 0.002
0.001 0.987 0.004 0.006 0.001
0.002 0.844 0.150 0.002 0.002
0.001 0.846 0.150 0.001 0.002
0.002 0.653 0.239 0.016 0.090
0.002 0.004 0.021 0.971 0.002
0.001 0.004 0.004 0.990 0.001
0.002 0.004 0.016 0.974 0.005
0.004 0.007 0.001 0.984 0.003
0.001 0.000 0.001 0.997 0.000
0.001 0.001 0.001 0.997 0.001
0.005 0.002 0.001 0.991 0.002
0.001 0.001 0.001 0.998 0.000
0.000 0.001 0.001 0.996 0.001
0.005 0.008 0.010 0.977 0.001
0.004 0.011 0.006 0.977 0.001
0.001 0.001 0.001 0.996 0.001
0.002 0.004 0.001 0.991 0.002
0.001 0.002 0.001 0.996 0.000
0.001 0.001 0.002 0.995 0.000
0.000 0.002 0.000 0.996 0.002
0.005 0.002 0.000 0.992 0.001
0.000 0.001 0.002 0.996 0.001
0.003 0.004 0.010 0.982 0.001
0.001 0.006 0.005 0.983 0.005
0.001 0.000 0.002 0.996 0.001
0.001 0.001 0.001 0.994 0.003
0.001 0.000 0.001 0.992 0.005
0.000 0.000 0.001 0.998 0.000
0.001 0.002 0.002 0.994 0.001
0.002 0.001 0.001 0.995 0.000
0.001 0.003 0.017 0.977 0.002
0.000 0.001 0.001 0.997 0.000
0.000 0.001 0.002 0.996 0.000
0.001 0.002 0.001 0.995 0.001
0.006 0.011 0.012 0.967 0.004
0.002 0.003 0.002 0.990 0.002
0.011 0.031 0.023 0.929 0.007
0.005 0.000 0.001 0.993 0.001
0.001 0.000 0.000 0.998 0.000
0.000 0.001 0.001 0.997 0.001
0.000 0.000 0.001 0.997 0.001
0.000 0.000 0.001 0.998 0.000
0.001 0.001 0.002 0.996 0.001
0.001 0.001 0.001 0.997 0.000
0.001 0.002 0.006 0.991 0.001
0.000 0.001 0.001 0.996 0.002
0.000 0.001 0.001 0.996 0.002
0.005 0.002 0.002 0.988 0.003
0.000 0.000 0.001 0.998 0.000
0.001 0.001 0.004 0.994 0.001
0.001 0.001 0.001 0.997 0.001
0.002 0.003 0.001 0.992 0.002
0.001 0.001 0.001 0.996 0.002
0.001 0.001 0.001 0.993 0.004
0.001 0.004 0.002 0.992 0.001
0.001 0.001 0.001 0.996 0.001
0.003 0.002 0.001 0.993 0.001
0.001 0.002 0.001 0.996 0.000
0.001 0.001 0.001 0.995 0.002
0.001 0.001 0.001 0.997 0.001
0.002 0.003 0.005 0.989 0.001
0.003 0.015 0.006 0.973 0.002
0.000 0.001 0.002 0.996 0.001
0.001 0.000 0.001 0.998 0.000
0.002 0.001 0.002 0.994 0.001
0.001 0.001 0.001 0.996 0.001
0.000 0.000 0.001 0.998 0.000
0.001 0.002 0.002 0.995 0.001
0.001 0.001 0.005 0.991 0.001
0.001 0.003 0.009 0.987 0.000
0.002 0.001 0.002 0.994 0.001
0.000 0.002 0.006 0.992 0.000
0.001 0.001 0.000 0.997 0.001
0.005 0.010 0.002 0.979 0.005
0.001 0.001 0.001 0.995 0.001
0.002 0.001 0.000 0.997 0.001
0.000 0.001 0.001 0.995 0.003
0.002 0.003 0.001 0.992 0.002
0.001 0.012 0.012 0.973 0.002
0.001 0.003 0.005 0.987 0.005
0.000 0.000 0.001 0.998 0.001
0.001 0.001 0.004 0.993 0.001
0.001 0.003 0.002 0.994 0.000
0.000 0.001 0.001 0.997 0.001
0.001 0.001 0.002 0.996 0.001
0.000 0.001 0.001 0.997 0.001
0.000 0.015 0.010 0.971 0.003
