0.001 0.992 0.002 0.002 0.003
0.002 0.980 0.005 0.007 0.006
0.003 0.986 0.006 0.004 0.001
0.006 0.935 0.044 0.010 0.005
0.002 0.922 0.016 0.015 0.045
0.011 0.957 0.007 0.011 0.014
0.003 0.986 0.008 0.002 0.002
0.001 0.989 0.008 0.001 0.001
0.004 0.984 0.003 0.007 0.002
0.001 0.986 0.008 0.003 0.002
0.004 0.964 0.014 0.017 0.002
0.002 0.982 0.002 0.007 0.007
0.005 0.907 0.070 0.007 0.012
0.002 0.978 0.006 0.006 0.008
0.010 0.971 0.005 0.009 0.006
0.001 0.995 0.001 0.001 0.002
0.005 0.939 0.015 0.030 0.011
0.003 0.975 0.007 0.006 0.009
0.002 0.987 0.004 0.002 0.004
0.007 0.974 0.009 0.008 0.003
0.009 0.960 0.027 0.003 0.001
0.003 0.957 0.011 0.027 0.003
0.003 0.986 0.002 0.007 0.002
0.007 0.948 0.016 0.005 0.025
0.002 0.988 0.002 0.004 0.004
0.001 0.996 0.001 0.001 0.001
0.003 0.988 0.007 0.001 0.001
0.005 0.945 0.021 0.009 0.020
0.002 0.957 0.016 0.016 0.008
0.004 0.881 0.099 0.009 0.008
0.002 0.995 0.002 0.000 0.001
0.002 0.956 0.031 0.002 0.009
0.006 0.926 0.035 0.025 0.008
0.003 0.966 0.015 0.007 0.010
0.003 0.978 0.006 0.003 0.010
0.016 0.959 0.007 0.011 0.008
0.001 0.993 0.002 0.003 0.002
0.006 0.979 0.004 0.010 0.001
0.001 0.991 0.001 0.002 0.005
0.000 0.996 0.001 0.001 0.001
0.042 0.924 0.011 0.019 0.005
0.004 0.861 0.012 0.038 0.085
0.017 0.812 0.165 0.005 0.002
0.032 0.909 0.027 0.006 0.026
0.002 0.987 0.005 0.002 0.004
0.002 0.971 0.017 0.004 0.006
0.006 0.979 0.005 0.004 0.007
0.063 0.886 0.016 0.030 0.005
0.003 0.976 0.009 0.005 0.007
0.001 0.995 0.001 0.002 0.002
0.001 0.959 0.005 0.025 0.011
0.002 0.983 0.006 0.005 0.004
0.008 0.976 0.002 0.009 0.006
0.003 0.987 0.001 0.003 0.005
0.001 0.985 0.011 0.002 0.001
0.001 0.987 0.008 0.002 0.003
0.003 0.985 0.005 0.006 0.002
0.003 0.989 0.004 0.003 0.001
0.001 0.993 0.002 0.002 0.002
0.024 0.917 0.045 0.006 0.009
0.072 0.903 0.008 0.001 0.017
0.001 0.988 0.001 0.005 0.005
0.005 0.951 0.021 0.005 0.018
0.009 0.984 0.003 0.003 0.001
0.002 0.991 0.004 0.002 0.001
0.036 0.884 0.019 0.048 0.012
0.003 0.989 0.004 0.003 0.002
0.004 0.988 0.004 0.003 0.001
0.002 0.978 0.004 0.009 0.007
0.004 0.985 0.001 0.007 0.003
0.001 0.985 0.002 0.004 0.008
0.002 0.981 0.006 0.006 0.005
0.011 0.963 0.010 0.009 0.007
0.012 0.943 0.003 0.024 0.018
0.002 0.950 0.026 0.018 0.004
0.004 0.928 0.008 0.016 0.043
0.006 0.988 0.002 0.002 0.002
0.007 0.974 0.011 0.002 0.005
0.012 0.933 0.009 0.032 0.014
0.004 0.949 0.008 0.021 0.018
0.001 0.979 0.014 0.003 0.002
0.002 0.932 0.004 0.017 0.045
0.003 0.980 0.001 0.010 0.006
0.003 0.951 0.010 0.026 0.009
0.002 0.989 0.006 0.001 0.002
0.003 0.953 0.041 0.001 0.003
0.001 0.990 0.003 0.002 0.005
0.010 0.961 0.006 0.021 0.002
0.001 0.986 0.003 0.007 0.003
0.003 0.985 0.003 0.006 0.003
0.003 0.768 0.034 0.192 0.003
0.005 0.984 0.002 0.005 0.004
0.001 0.983 0.003 0.009 0.003
0.001 0.991 0.004 0.002 0.002
0.016 0.973 0.001 0.007 0.003
0.001 0.973 0.002 0.002 0.022
0.001 0.002 0.103 0.009 0.884
0.005 0.001 0.002 0.005 0.987
0.009 0.002 0.040 0.010 0.938
0.001 0.008 0.060 0.009 0.923
0.002 0.001 0.016 0.004 0.978
0.001 0.001 0.008 0.001 0.989
0.002 0.002 0.015 0.007 0.975
0.002 0.004 0.009 0.009 0.975
0.001 0.001 0.069 0.025 0.904
0.005 0.002 0.001 0.007 0.986
0.003 0.002 0.048 0.007 0.941
0.002 0.001 0.130 0.001 0.865
0.016 0.001 0.022 0.013 0.948
0.001 0.002 0.002 0.003 0.991
0.004 0.002 0.001 0.014 0.979
0.033 0.001 0.001 0.014 0.950
0.002 0.005 0.005 0.002 0.987
0.002 0.002 0.075 0.001 0.921
0.002 0.002 0.002 0.008 0.985
0.001 0.001 0.007 0.011 0.979
0.001 0.005 0.029 0.007 0.958
0.002 0.003 0.001 0.020 0.974
0.002 0.004 0.009 0.001 0.984
0.004 0.003 0.009 0.003 0.981
0.002 0.002 0.029 0.005 0.962
0.001 0.001 0.001 0.001 0.997
0.001 0.000 0.001 0.001 0.997
0.001 0.001 0.002 0.002 0.994
0.002 0.002 0.023 0.011 0.963
0.002 0.001 0.035 0.004 0.959
0.001 0.001 0.033 0.001 0.963
0.002 0.003 0.022 0.005 0.969
0.003 0.001 0.065 0.001 0.929
0.005 0.001 0.018 0.004 0.972
0.005 0.003 0.002 0.002 0.988
0.009 0.003 0.158 0.009 0.822
0.006 0.002 0.007 0.001 0.984
0.016 0.004 0.009 0.007 0.963
0.014 0.008 0.190 0.019 0.769
0.001 0.007 0.022 0.004 0.966
0.001 0.001 0.019 0.003 0.977
0.002 0.003 0.016 0.001 0.979
0.001 0.001 0.023 0.004 0.971
0.003 0.001 0.044 0.001 0.951
0.001 0.007 0.059 0.003 0.930
0.001 0.005 0.008 0.001 0.985
0.004 0.001 0.018 0.004 0.973
0.001 0.002 0.032 0.002 0.964
0.016 0.001 0.015 0.019 0.949
0.001 0.002 0.025 0.007 0.966
0.004 0.001 0.003 0.001 0.992
0.003 0.001 0.048 0.057 0.891
0.004 0.009 0.021 0.021 0.945
0.006 0.002 0.041 0.011 0.940
0.001 0.001 0.015 0.003 0.980
0.008 0.004 0.004 0.016 0.968
0.001 0.034 0.014 0.036 0.915
0.003 0.017 0.028 0.005 0.947
0.002 0.006 0.002 0.014 0.976
0.003 0.002 0.001 0.035 0.959
0.011 0.017 0.019 0.082 0.871
0.001 0.001 0.014 0.180 0.804
0.005 0.005 0.016 0.022 0.952
0.008 0.005 0.030 0.033 0.925
0.003 0.005 0.014 0.018 0.961
0.003 0.004 0.005 0.009 0.978
0.010 0.007 0.021 0.002 0.960
0.004 0.007 0.007 0.006 0.977
0.001 0.001 0.010 0.010 0.978
0.008 0.036 0.011 0.002 0.942
0.003 0.002 0.085 0.011 0.899
0.005 0.001 0.007 0.002 0.984
0.002 0.002 0.022 0.004 0.970
0.001 0.007 0.007 0.008 0.977
0.003 0.001 0.017 0.003 0.977
0.002 0.006 0.022 0.039 0.931
0.003 0.003 0.047 0.030 0.917
0.003 0.001 0.030 0.006 0.959
0.009 0.001 0.150 0.003 0.837
0.001 0.001 0.049 0.007 0.942
0.007 0.003 0.115 0.020 0.855
0.002 0.002 0.005 0.004 0.987
0.001 0.003 0.043 0.105 0.848
0.001 0.001 0.006 0.005 0.987
0.002 0.001 0.034 0.003 0.961
0.009 0.007 0.058 0.011 0.915
0.001 0.008 0.038 0.008 0.946
0.006 0.002 0.025 0.009 0.959
0.010 0.002 0.034 0.006 0.947
0.001 0.001 0.027 0.002 0.969
0.002 0.001 0.011 0.001 0.984
0.001 0.001 0.004 0.001 0.993
0.002 0.001 0.014 0.007 0.976
0.001 0.005 0.005 0.001 0.988
0.004 0.005 0.015 0.011 0.965
0.002 0.004 0.005 0.032 0.956
0.003 0.001 0.004 0.004 0.987
0.008 0.012 0.061 0.013 0.906
0.000 0.001 0.003 0.001 0.995
0.005 0.002 0.011 0.002 0.980
0.005 0.007 0.063 0.010 0.914
0.003 0.002 0.025 0.003 0.967
0.001 0.004 0.020 0.013 0.963
0.006 0.195 0.001 0.001 0.797
0.001 0.065 0.022 0.008 0.904
0.001 0.001 0.002 0.001 0.995
0.004 0.008 0.001 0.001 0.986
0.001 0.019 0.001 0.001 0.979
0.001 0.076 0.001 0.002 0.921
0.002 0.121 0.003 0.009 0.864
0.001 0.060 0.005 0.047 0.886
0.001 0.009 0.018 0.042 0.930
0.003 0.003 0.001 0.466 0.527
0.002 0.004 0.009 0.003 0.983
0.001 0.003 0.011 0.048 0.937
0.019 0.114 0.008 0.042 0.818
0.005 0.005 0.010 0.017 0.962
0.005 0.057 0.005 0.036 0.897
0.001 0.009 0.017 0.007 0.966
0.007 0.006 0.003 0.007 0.976
0.003 0.018 0.008 0.035 0.937
0.001 0.011 0.010 0.059 0.919
0.017 0.023 0.005 0.013 0.943
0.001 0.004 0.007 0.005 0.983
0.006 0.001 0.004 0.007 0.982
0.006 0.002 0.004 0.011 0.978
0.001 0.022 0.006 0.038 0.934
0.003 0.006 0.008 0.002 0.981
0.001 0.003 0.002 0.006 0.987
0.003 0.219 0.002 0.074 0.702
0.002 0.001 0.051 0.002 0.945
0.001 0.015 0.010 0.007 0.966
0.003 0.177 0.001 0.153 0.667
0.005 0.127 0.006 0.021 0.841
0.009 0.008 0.011 0.050 0.922
0.008 0.013 0.003 0.042 0.934
0.005 0.005 0.001 0.004 0.985
0.003 0.081 0.006 0.019 0.891
0.005 0.002 0.018 0.016 0.959
0.003 0.005 0.001 0.004 0.987
0.002 0.061 0.002 0.152 0.783
0.001 0.013 0.003 0.014 0.970
0.002 0.010 0.003 0.044 0.941
0.005 0.010 0.002 0.004 0.980
0.011 0.004 0.003 0.001 0.981
0.004 0.013 0.017 0.017 0.949
0.003 0.007 0.004 0.009 0.976
0.004 0.080 0.004 0.007 0.906
0.017 0.010 0.073 0.001 0.899
0.003 0.003 0.041 0.016 0.937
0.003 0.064 0.003 0.024 0.905
0.002 0.026 0.004 0.122 0.846
0.000 0.008 0.129 0.005 0.858
0.002 0.012 0.072 0.005 0.908
0.003 0.003 0.034 0.006 0.955
0.003 0.005 0.006 0.034 0.951
0.001 0.035 0.011 0.040 0.913
0.002 0.001 0.015 0.004 0.978
0.002 0.036 0.019 0.339 0.605
0.012 0.008 0.064 0.018 0.898
0.003 0.015 0.090 0.015 0.876
0.002 0.004 0.091 0.004 0.898
0.002 0.004 0.001 0.003 0.990
0.007 0.002 0.010 0.031 0.949
0.012 0.058 0.005 0.014 0.911
0.005 0.051 0.006 0.020 0.918
0.015 0.035 0.002 0.105 0.844
0.001 0.009 0.001 0.001 0.988
0.003 0.007 0.001 0.029 0.960
0.049 0.010 0.003 0.011 0.927
0.001 0.010 0.001 0.003 0.985
0.002 0.068 0.005 0.049 0.876
0.000 0.002 0.025 0.002 0.970
0.003 0.002 0.001 0.014 0.980
0.002 0.084 0.015 0.029 0.870
0.001 0.003 0.013 0.026 0.957
0.001 0.006 0.007 0.010 0.977
0.003 0.003 0.014 0.030 0.951
0.005 0.011 0.005 0.010 0.968
0.053 0.007 0.012 0.030 0.898
0.002 0.115 0.069 0.024 0.791
0.001 0.002 0.001 0.001 0.995
0.001 0.031 0.002 0.013 0.952
0.004 0.009 0.053 0.005 0.929
0.004 0.001 0.009 0.011 0.975
0.005 0.985 0.006 0.002 0.001
0.002 0.989 0.005 0.003 0.001
0.002 0.977 0.003 0.005 0.013
0.005 0.957 0.020 0.010 0.007
0.006 0.987 0.005 0.002 0.001
0.007 0.968 0.003 0.022 0.001
0.004 0.970 0.004 0.018 0.004
0.002 0.992 0.001 0.002 0.003
0.003 0.979 0.003 0.004 0.011
0.004 0.986 0.007 0.001 0.002
0.003 0.973 0.001 0.017 0.006
0.002 0.972 0.007 0.002 0.017
0.001 0.985 0.007 0.004 0.002
0.001 0.992 0.004 0.003 0.001
0.002 0.988 0.001 0.004 0.004
0.003 0.993 0.001 0.002 0.001
0.002 0.977 0.016 0.004 0.002
0.003 0.989 0.002 0.005 0.002
0.009 0.975 0.003 0.010 0.002
0.002 0.966 0.016 0.015 0.002
0.016 0.971 0.006 0.007 0.001
0.001 0.983 0.004 0.001 0.011
0.016 0.968 0.005 0.007 0.003
0.001 0.969 0.005 0.024 0.002
0.004 0.974 0.009 0.007 0.006
0.002 0.946 0.029 0.013 0.010
0.004 0.956 0.015 0.006 0.019
0.002 0.985 0.006 0.001 0.006
0.006 0.956 0.029 0.006 0.002
0.006 0.962 0.026 0.004 0.002
0.000 0.995 0.001 0.001 0.001
0.001 0.938 0.005 0.014 0.041
0.019 0.977 0.001 0.001 0.002
0.005 0.980 0.006 0.003 0.006
0.020 0.924 0.033 0.022 0.001
0.001 0.922 0.071 0.002 0.004
0.001 0.968 0.007 0.011 0.013
0.003 0.942 0.002 0.003 0.050
0.020 0.969 0.002 0.007 0.001
0.006 0.986 0.002 0.005 0.002
0.001 0.990 0.003 0.004 0.002
0.003 0.952 0.015 0.024 0.007
0.014 0.003 0.009 0.004 0.969
0.344 0.010 0.012 0.215 0.419
0.003 0.003 0.017 0.002 0.975
0.012 0.963 0.013 0.008 0.004
0.002 0.994 0.002 0.001 0.001
0.003 0.981 0.003 0.001 0.012
0.002 0.990 0.004 0.002 0.003
0.000 0.981 0.002 0.009 0.007
0.001 0.994 0.002 0.002 0.001
0.002 0.992 0.001 0.003 0.002
0.008 0.947 0.012 0.023 0.010
0.001 0.988 0.002 0.005 0.003
0.001 0.993 0.002 0.002 0.002
0.002 0.973 0.006 0.010 0.009
0.001 0.955 0.016 0.014 0.015
0.001 0.977 0.015 0.001 0.006
0.001 0.991 0.001 0.005 0.003
0.002 0.993 0.002 0.001 0.001
0.001 0.989 0.004 0.005 0.001
0.002 0.990 0.002 0.001 0.004
0.003 0.982 0.004 0.006 0.005
0.001 0.988 0.001 0.008 0.003
0.002 0.985 0.007 0.004 0.002
0.007 0.968 0.014 0.006 0.005
0.002 0.993 0.002 0.001 0.002
0.002 0.980 0.004 0.012 0.002
0.011 0.979 0.004 0.004 0.003
0.002 0.995 0.001 0.002 0.001
0.003 0.991 0.002 0.002 0.003
0.005 0.945 0.016 0.028 0.006
0.002 0.987 0.002 0.005 0.004
0.010 0.970 0.003 0.012 0.006
0.000 0.976 0.009 0.003 0.012
0.007 0.978 0.003 0.003 0.009
0.002 0.967 0.003 0.012 0.016
0.006 0.968 0.006 0.007 0.013
0.000 0.989 0.004 0.002 0.004
0.004 0.983 0.000 0.008 0.005
0.100 0.001 0.001 0.230 0.668
0.018 0.249 0.014 0.005 0.713
0.006 0.039 0.012 0.048 0.895
0.042 0.081 0.019 0.013 0.845
0.001 0.975 0.005 0.009 0.011
0.006 0.951 0.006 0.033 0.005
0.001 0.969 0.024 0.005 0.001
0.002 0.971 0.004 0.016 0.006
0.001 0.993 0.002 0.002 0.002
0.016 0.935 0.010 0.004 0.035
0.000 0.985 0.010 0.001 0.003
0.001 0.988 0.003 0.004 0.004
0.001 0.993 0.001 0.004 0.001
0.001 0.981 0.003 0.008 0.007
0.001 0.973 0.001 0.020 0.004
0.004 0.979 0.012 0.004 0.001
0.002 0.987 0.003 0.002 0.006
0.002 0.984 0.006 0.004 0.003
0.004 0.987 0.001 0.003 0.004
0.018 0.916 0.029 0.034 0.004
0.002 0.988 0.002 0.006 0.002
0.000 0.986 0.007 0.001 0.005
0.004 0.978 0.002 0.010 0.006
0.029 0.932 0.011 0.018 0.010
0.002 0.980 0.006 0.009 0.003
0.006 0.984 0.001 0.003 0.006
0.007 0.979 0.002 0.009 0.003
0.005 0.987 0.001 0.006 0.000
0.007 0.930 0.056 0.001 0.005
0.003 0.984 0.002 0.010 0.001
0.002 0.995 0.001 0.001 0.001
0.001 0.996 0.001 0.001 0.001
0.018 0.013 0.110 0.045 0.814
0.002 0.040 0.002 0.038 0.917
0.117 0.008 0.023 0.143 0.710
0.002 0.005 0.102 0.011 0.880
0.021 0.002 0.003 0.004 0.969
0.003 0.001 0.175 0.003 0.818
0.020 0.057 0.006 0.009 0.909
0.028 0.032 0.109 0.012 0.819
0.001 0.027 0.003 0.074 0.895
0.002 0.987 0.005 0.002 0.005
0.010 0.907 0.023 0.030 0.029
0.002 0.983 0.007 0.005 0.003
0.004 0.988 0.003 0.004 0.001
0.003 0.990 0.002 0.004 0.001
0.078 0.875 0.033 0.003 0.010
0.001 0.987 0.001 0.007 0.003
0.001 0.994 0.001 0.003 0.001
0.006 0.982 0.006 0.003 0.003
0.015 0.970 0.003 0.006 0.006
0.002 0.991 0.005 0.001 0.001
0.002 0.992 0.001 0.002 0.003
0.003 0.984 0.003 0.007 0.003
0.001 0.992 0.002 0.003 0.002
0.003 0.944 0.026 0.014 0.013
0.001 0.001 0.209 0.016 0.772
0.001 0.212 0.000 0.102 0.684
0.422 0.001 0.002 0.011 0.565
0.062 0.004 0.004 0.053 0.877
0.172 0.007 0.040 0.005 0.777
0.006 0.030 0.001 0.098 0.866
0.178 0.011 0.003 0.002 0.805
0.004 0.166 0.000 0.006 0.824
0.016 0.010 0.008 0.001 0.965
0.007 0.002 0.150 0.004 0.837
0.243 0.001 0.134 0.005 0.618
0.008 0.154 0.004 0.001 0.833
0.009 0.144 0.002 0.001 0.845
0.002 0.002 0.177 0.001 0.818
0.046 0.007 0.099 0.043 0.805
0.023 0.133 0.002 0.084 0.759
0.002 0.020 0.002 0.078 0.899
0.025 0.275 0.001 0.004 0.695
0.007 0.010 0.009 0.024 0.950
0.003 0.007 0.007 0.012 0.971
0.003 0.004 0.017 0.011 0.965
0.002 0.181 0.015 0.007 0.796
0.006 0.314 0.001 0.268 0.412
0.209 0.001 0.009 0.001 0.779
0.006 0.011 0.003 0.026 0.954
0.022 0.112 0.001 0.000 0.865
0.113 0.003 0.039 0.010 0.835
0.005 0.005 0.010 0.005 0.974
0.028 0.008 0.018 0.002 0.944
0.010 0.030 0.068 0.116 0.777
0.118 0.002 0.067 0.002 0.811
0.009 0.100 0.026 0.001 0.864
0.118 0.008 0.006 0.013 0.855
0.290 0.007 0.005 0.011 0.688
0.618 0.002 0.030 0.001 0.349
0.002 0.007 0.053 0.028 0.910
0.007 0.012 0.001 0.035 0.944
0.031 0.006 0.087 0.009 0.867
0.727 0.029 0.033 0.005 0.205
0.005 0.254 0.010 0.012 0.720
0.003 0.171 0.001 0.037 0.789
0.001 0.001 0.021 0.002 0.975
0.107 0.146 0.003 0.003 0.741
0.010 0.215 0.000 0.016 0.758
0.006 0.237 0.002 0.001 0.754
0.111 0.139 0.007 0.037 0.706
0.007 0.016 0.032 0.021 0.925
0.017 0.034 0.012 0.009 0.928
0.003 0.003 0.008 0.266 0.719
0.177 0.034 0.027 0.001 0.761
0.000 0.316 0.001 0.016 0.667
0.003 0.002 0.063 0.045 0.887
0.382 0.188 0.000 0.001 0.429
0.007 0.217 0.004 0.002 0.769
0.019 0.024 0.011 0.009 0.937
0.008 0.144 0.004 0.228 0.616
0.176 0.037 0.002 0.005 0.780
0.001 0.004 0.007 0.008 0.979
0.087 0.073 0.011 0.257 0.573
0.009 0.109 0.010 0.010 0.862
0.022 0.022 0.005 0.017 0.934
0.013 0.050 0.002 0.019 0.916
0.123 0.001 0.088 0.016 0.771
0.049 0.002 0.143 0.139 0.668
0.156 0.079 0.001 0.002 0.761
0.026 0.211 0.001 0.029 0.734
0.020 0.001 0.005 0.002 0.971
0.020 0.004 0.095 0.012 0.868
0.024 0.047 0.002 0.005 0.923
0.028 0.003 0.075 0.008 0.886
0.037 0.003 0.223 0.009 0.728
0.055 0.001 0.004 0.001 0.939
0.003 0.325 0.001 0.023 0.649
0.245 0.006 0.062 0.007 0.680
0.148 0.003 0.018 0.001 0.830
0.030 0.484 0.002 0.014 0.470
0.010 0.162 0.001 0.001 0.826
0.209 0.002 0.019 0.016 0.755
0.005 0.022 0.045 0.011 0.918
0.004 0.041 0.004 0.007 0.943
0.002 0.004 0.011 0.005 0.978
0.458 0.014 0.003 0.187 0.338
0.862 0.001 0.003 0.038 0.096
0.343 0.003 0.002 0.003 0.648
0.007 0.007 0.034 0.010 0.942
0.002 0.112 0.002 0.066 0.818
0.002 0.153 0.001 0.007 0.837
0.002 0.003 0.018 0.005 0.971
0.040 0.116 0.001 0.030 0.813
0.036 0.013 0.002 0.247 0.701
0.073 0.007 0.006 0.034 0.880
0.005 0.002 0.053 0.006 0.935
0.141 0.402 0.000 0.001 0.455
0.002 0.067 0.001 0.008 0.922
0.002 0.037 0.005 0.015 0.940
0.327 0.200 0.001 0.020 0.452
0.005 0.006 0.041 0.007 0.942
0.076 0.072 0.004 0.002 0.845
0.020 0.006 0.029 0.003 0.942
0.006 0.006 0.008 0.006 0.974
0.007 0.015 0.030 0.020 0.928
0.347 0.003 0.104 0.010 0.536
0.063 0.008 0.003 0.039 0.886
0.015 0.001 0.140 0.001 0.844
0.300 0.008 0.064 0.001 0.627
0.262 0.003 0.024 0.006 0.706
0.012 0.005 0.022 0.021 0.940
0.002 0.003 0.006 0.195 0.795
0.027 0.060 0.008 0.029 0.877
0.228 0.004 0.001 0.104 0.663
0.041 0.002 0.004 0.004 0.949
0.001 0.004 0.102 0.009 0.884
0.002 0.547 0.001 0.001 0.449
0.309 0.225 0.006 0.001 0.459
0.003 0.066 0.005 0.114 0.811
0.003 0.222 0.002 0.022 0.750
0.008 0.444 0.001 0.007 0.539
0.009 0.147 0.003 0.007 0.834
0.011 0.067 0.002 0.004 0.915
0.002 0.249 0.002 0.000 0.747
0.007 0.198 0.001 0.041 0.753
0.076 0.190 0.001 0.094 0.639
0.003 0.161 0.006 0.001 0.829
0.027 0.001 0.016 0.021 0.936
0.002 0.216 0.002 0.004 0.776
0.001 0.193 0.001 0.027 0.779
0.259 0.269 0.001 0.028 0.443
0.014 0.344 0.001 0.003 0.638
0.081 0.042 0.001 0.001 0.875
0.010 0.526 0.009 0.027 0.428
0.087 0.197 0.001 0.008 0.707
0.001 0.276 0.001 0.003 0.718
0.095 0.280 0.000 0.000 0.624
0.002 0.275 0.003 0.005 0.715
0.001 0.008 0.002 0.300 0.689
0.003 0.118 0.003 0.073 0.803
0.056 0.044 0.013 0.026 0.862
0.001 0.001 0.063 0.036 0.898
0.451 0.007 0.012 0.006 0.524
0.395 0.002 0.008 0.029 0.566
0.073 0.012 0.002 0.017 0.896
0.001 0.110 0.002 0.045 0.842
0.189 0.023 0.074 0.019 0.694
0.004 0.050 0.005 0.014 0.927
0.260 0.062 0.002 0.078 0.598
0.228 0.211 0.004 0.001 0.556
0.039 0.022 0.023 0.061 0.855
0.050 0.008 0.002 0.005 0.935
0.018 0.258 0.002 0.011 0.710
0.169 0.235 0.003 0.001 0.592
0.178 0.006 0.006 0.024 0.785
0.001 0.092 0.001 0.001 0.904
0.022 0.261 0.003 0.002 0.712
0.005 0.003 0.033 0.002 0.957
0.003 0.001 0.031 0.002 0.963
0.144 0.005 0.002 0.003 0.846
0.001 0.347 0.001 0.009 0.642
0.005 0.415 0.001 0.003 0.576
0.293 0.105 0.029 0.001 0.572
0.084 0.004 0.010 0.003 0.899
0.007 0.100 0.002 0.001 0.889
0.001 0.268 0.001 0.002 0.727
0.014 0.193 0.001 0.012 0.781
0.074 0.395 0.002 0.004 0.525
0.152 0.319 0.001 0.004 0.524
0.315 0.052 0.005 0.022 0.607
0.013 0.035 0.001 0.096 0.854
0.001 0.005 0.007 0.002 0.985
0.004 0.003 0.017 0.001 0.975
0.157 0.036 0.031 0.010 0.766
0.433 0.070 0.003 0.001 0.492
0.003 0.003 0.084 0.016 0.894
0.112 0.097 0.001 0.048 0.741
0.002 0.001 0.029 0.018 0.949
0.024 0.136 0.034 0.054 0.751
0.004 0.002 0.012 0.001 0.981
0.465 0.124 0.003 0.003 0.406
0.176 0.063 0.002 0.003 0.756
0.003 0.028 0.004 0.019 0.945
0.013 0.023 0.008 0.005 0.951
0.011 0.039 0.188 0.026 0.735
0.001 0.002 0.120 0.004 0.873
0.008 0.004 0.111 0.038 0.839
0.002 0.001 0.044 0.003 0.950
0.001 0.001 0.034 0.004 0.959
0.003 0.002 0.109 0.001 0.886
0.002 0.002 0.041 0.007 0.948
0.004 0.002 0.049 0.001 0.946
0.005 0.001 0.065 0.009 0.920
0.001 0.001 0.013 0.001 0.983
0.002 0.002 0.071 0.001 0.923
0.001 0.001 0.006 0.005 0.987
0.003 0.002 0.017 0.006 0.972
0.001 0.001 0.045 0.002 0.952
0.007 0.007 0.060 0.021 0.905
0.007 0.005 0.013 0.004 0.971
0.005 0.003 0.137 0.004 0.852
0.002 0.000 0.022 0.002 0.974
0.004 0.003 0.152 0.003 0.837
0.001 0.001 0.137 0.002 0.859
0.006 0.001 0.023 0.016 0.954
0.002 0.002 0.073 0.002 0.921
0.028 0.009 0.040 0.020 0.902
0.001 0.001 0.012 0.002 0.984
0.005 0.115 0.002 0.012 0.866
0.407 0.010 0.020 0.001 0.562
0.386 0.000 0.008 0.009 0.596
0.009 0.485 0.000 0.001 0.505
0.004 0.031 0.000 0.186 0.778
0.002 0.268 0.000 0.002 0.728
0.003 0.424 0.001 0.003 0.569
0.003 0.289 0.002 0.002 0.704
0.001 0.425 0.003 0.013 0.558
0.004 0.006 0.029 0.841 0.120
0.004 0.007 0.002 0.498 0.488
0.002 0.119 0.019 0.800 0.059
0.005 0.001 0.009 0.720 0.264
0.025 0.882 0.012 0.039 0.042
0.001 0.993 0.001 0.003 0.001
0.005 0.983 0.004 0.005 0.003
0.016 0.977 0.002 0.004 0.001
0.011 0.968 0.006 0.013 0.003
0.001 0.995 0.001 0.002 0.001
0.004 0.001 0.221 0.003 0.771
0.019 0.001 0.073 0.014 0.893
0.030 0.004 0.178 0.005 0.783
0.002 0.001 0.016 0.001 0.980
0.005 0.001 0.190 0.003 0.800
0.003 0.000 0.184 0.004 0.809
0.002 0.001 0.016 0.006 0.974
0.004 0.001 0.003 0.018 0.974
0.010 0.001 0.075 0.009 0.904
0.072 0.004 0.016 0.010 0.897
0.002 0.005 0.121 0.003 0.869
0.002 0.002 0.077 0.037 0.882
0.001 0.001 0.106 0.002 0.890
0.002 0.005 0.009 0.012 0.972
0.006 0.002 0.085 0.004 0.903
0.003 0.001 0.012 0.008 0.976
0.002 0.001 0.013 0.043 0.941
0.011 0.010 0.002 0.040 0.937
0.204 0.002 0.004 0.027 0.764
0.024 0.003 0.069 0.004 0.899
0.001 0.001 0.202 0.000 0.796
0.002 0.002 0.022 0.002 0.973
0.018 0.001 0.103 0.013 0.865
0.011 0.003 0.010 0.012 0.965
0.003 0.001 0.059 0.013 0.925
0.006 0.002 0.028 0.001 0.963
0.002 0.006 0.023 0.287 0.681
0.001 0.001 0.078 0.004 0.916
0.001 0.000 0.006 0.002 0.990
0.001 0.004 0.102 0.005 0.887
0.000 0.000 0.038 0.003 0.959
0.001 0.001 0.194 0.001 0.803
0.026 0.002 0.066 0.009 0.897
0.001 0.003 0.030 0.004 0.962
0.004 0.000 0.017 0.004 0.975
0.007 0.005 0.068 0.003 0.917
0.003 0.001 0.037 0.001 0.958
0.053 0.002 0.055 0.004 0.886
0.003 0.002 0.035 0.015 0.945
0.004 0.001 0.228 0.003 0.764
0.001 0.002 0.026 0.002 0.969
0.004 0.001 0.130 0.010 0.854
0.008 0.001 0.053 0.041 0.897
0.003 0.002 0.034 0.073 0.888
0.007 0.004 0.032 0.016 0.941
0.012 0.002 0.022 0.006 0.958
0.010 0.005 0.172 0.005 0.809
0.011 0.033 0.127 0.032 0.797
0.005 0.003 0.062 0.005 0.926
0.009 0.003 0.089 0.004 0.895
0.003 0.009 0.087 0.001 0.900
0.002 0.003 0.022 0.004 0.969
0.002 0.004 0.069 0.002 0.923
0.000 0.001 0.012 0.007 0.979
0.003 0.002 0.091 0.055 0.849
0.018 0.001 0.125 0.030 0.827
0.001 0.005 0.094 0.001 0.898
0.004 0.001 0.084 0.003 0.908
0.002 0.004 0.016 0.011 0.968
0.001 0.002 0.051 0.002 0.944
0.003 0.002 0.049 0.002 0.945
0.014 0.003 0.051 0.005 0.927
0.004 0.003 0.103 0.002 0.888
0.002 0.002 0.062 0.001 0.933
0.003 0.001 0.093 0.010 0.893
0.015 0.001 0.102 0.009 0.873
0.014 0.001 0.119 0.005 0.860
0.014 0.001 0.128 0.001 0.857
0.001 0.014 0.037 0.032 0.915
0.043 0.003 0.074 0.079 0.801
0.001 0.003 0.006 0.002 0.987
0.002 0.001 0.157 0.006 0.835
0.004 0.002 0.005 0.005 0.984
0.003 0.978 0.003 0.010 0.006
0.003 0.974 0.004 0.014 0.005
0.003 0.989 0.002 0.002 0.004
0.023 0.965 0.005 0.005 0.002
0.004 0.967 0.008 0.015 0.006
0.001 0.992 0.002 0.003 0.002
0.004 0.990 0.003 0.002 0.001
0.004 0.978 0.002 0.012 0.003
0.008 0.947 0.011 0.018 0.016
0.002 0.994 0.002 0.002 0.001
0.001 0.991 0.003 0.002 0.002
0.004 0.977 0.003 0.013 0.004
0.003 0.992 0.002 0.002 0.002
0.015 0.955 0.013 0.008 0.009
0.006 0.985 0.003 0.005 0.002
0.096 0.883 0.003 0.014 0.004
0.004 0.986 0.003 0.003 0.003
0.002 0.931 0.005 0.049 0.013
0.002 0.994 0.002 0.002 0.000
0.003 0.987 0.002 0.005 0.003
0.001 0.997 0.000 0.001 0.001
0.006 0.970 0.013 0.006 0.005
0.003 0.986 0.003 0.003 0.004
0.002 0.988 0.005 0.001 0.004
0.001 0.987 0.003 0.006 0.003
0.006 0.949 0.005 0.017 0.023
0.012 0.974 0.007 0.005 0.003
0.001 0.992 0.002 0.003 0.001
0.024 0.933 0.013 0.026 0.005
0.007 0.980 0.002 0.007 0.004
0.005 0.944 0.014 0.029 0.008
0.001 0.947 0.003 0.042 0.007
0.002 0.962 0.024 0.003 0.009
0.002 0.978 0.006 0.011 0.004
0.006 0.877 0.012 0.092 0.013
0.002 0.988 0.002 0.006 0.002
0.004 0.899 0.091 0.002 0.005
0.008 0.958 0.017 0.016 0.001
0.016 0.971 0.008 0.002 0.003
0.003 0.949 0.011 0.025 0.013
0.002 0.978 0.008 0.008 0.004
0.001 0.988 0.006 0.004 0.001
0.002 0.911 0.080 0.005 0.002
0.004 0.984 0.005 0.002 0.005
0.002 0.960 0.004 0.014 0.019
0.004 0.950 0.026 0.006 0.014
0.002 0.985 0.003 0.007 0.003
0.029 0.916 0.007 0.032 0.016
0.003 0.981 0.007 0.006 0.004
0.002 0.983 0.006 0.007 0.002
0.013 0.980 0.003 0.002 0.002
0.006 0.982 0.005 0.004 0.004
0.007 0.930 0.003 0.054 0.005
0.002 0.988 0.003 0.002 0.004
0.002 0.985 0.004 0.002 0.008
0.001 0.753 0.003 0.241 0.003
0.796 0.004 0.002 0.191 0.006
0.482 0.005 0.001 0.505 0.007
0.878 0.014 0.030 0.012 0.066
0.494 0.005 0.022 0.035 0.444
0.852 0.000 0.012 0.003 0.133
0.525 0.002 0.101 0.001 0.371
0.986 0.003 0.001 0.005 0.006
0.992 0.002 0.002 0.001 0.003
0.010 0.462 0.000 0.007 0.520
0.003 0.620 0.002 0.007 0.369
0.797 0.006 0.004 0.076 0.117
0.980 0.002 0.011 0.002 0.006
0.848 0.017 0.008 0.105 0.022
0.676 0.016 0.001 0.011 0.297
0.988 0.004 0.001 0.003 0.004
0.001 0.499 0.001 0.006 0.494
0.001 0.328 0.000 0.005 0.666
0.003 0.701 0.000 0.027 0.269
0.001 0.573 0.001 0.059 0.367
0.001 0.640 0.000 0.003 0.355
0.222 0.368 0.001 0.027 0.383
0.028 0.693 0.001 0.066 0.213
0.001 0.536 0.000 0.001 0.461
0.002 0.465 0.001 0.001 0.532
0.173 0.370 0.003 0.024 0.430
0.003 0.423 0.001 0.002 0.572
0.004 0.609 0.001 0.015 0.372
0.003 0.603 0.001 0.027 0.366
0.004 0.306 0.003 0.011 0.676
0.004 0.572 0.000 0.001 0.423
0.039 0.446 0.000 0.013 0.501
0.014 0.814 0.001 0.166 0.005
0.006 0.544 0.002 0.026 0.421
0.167 0.379 0.002 0.002 0.451
0.005 0.648 0.001 0.009 0.337
0.002 0.671 0.003 0.003 0.322
0.003 0.600 0.000 0.097 0.300
0.001 0.571 0.000 0.004 0.423
0.003 0.632 0.001 0.001 0.363
0.996 0.000 0.002 0.001 0.001
0.995 0.000 0.003 0.001 0.000
0.002 0.655 0.000 0.004 0.338
0.461 0.251 0.001 0.014 0.273
0.054 0.263 0.002 0.014 0.667
0.001 0.646 0.002 0.308 0.044
0.009 0.479 0.001 0.006 0.506
0.236 0.236 0.003 0.021 0.504
0.002 0.546 0.001 0.005 0.447
0.001 0.613 0.000 0.002 0.383
0.003 0.456 0.001 0.001 0.539
0.001 0.417 0.000 0.002 0.580
0.001 0.395 0.001 0.007 0.595
0.002 0.298 0.001 0.042 0.657
0.002 0.641 0.001 0.001 0.354
0.855 0.003 0.016 0.032 0.095
0.853 0.002 0.017 0.015 0.114
0.297 0.003 0.081 0.009 0.611
0.527 0.134 0.009 0.013 0.318
0.833 0.131 0.005 0.020 0.011
0.002 0.489 0.001 0.004 0.503
0.003 0.678 0.000 0.023 0.296
0.000 0.602 0.001 0.010 0.387
0.001 0.575 0.001 0.051 0.373
0.015 0.707 0.000 0.013 0.265
0.290 0.309 0.001 0.004 0.396
0.002 0.659 0.001 0.020 0.319
0.943 0.002 0.037 0.014 0.004
0.635 0.002 0.005 0.003 0.356
0.988 0.001 0.003 0.002 0.005
0.989 0.001 0.003 0.005 0.003
0.993 0.003 0.002 0.002 0.002
0.019 0.968 0.004 0.005 0.003
0.003 0.976 0.011 0.006 0.005
0.002 0.976 0.010 0.007 0.006
0.012 0.921 0.057 0.007 0.003
0.001 0.935 0.034 0.025 0.005
0.001 0.993 0.003 0.001 0.002
0.007 0.896 0.055 0.010 0.033
0.006 0.961 0.016 0.008 0.009
0.002 0.934 0.007 0.042 0.015
0.006 0.970 0.009 0.009 0.006
0.002 0.981 0.006 0.002 0.009
0.002 0.972 0.020 0.002 0.004
0.001 0.986 0.005 0.004 0.004
0.002 0.950 0.009 0.023 0.016
0.004 0.939 0.005 0.032 0.021
0.002 0.986 0.005 0.004 0.003
0.012 0.940 0.045 0.001 0.001
0.637 0.003 0.002 0.041 0.317
0.894 0.004 0.070 0.011 0.021
0.996 0.001 0.001 0.001 0.001
0.927 0.006 0.002 0.004 0.060
0.008 0.953 0.004 0.012 0.023
0.006 0.898 0.007 0.073 0.016
0.006 0.829 0.006 0.114 0.044
0.002 0.801 0.010 0.174 0.012
0.013 0.954 0.021 0.009 0.004
0.005 0.924 0.018 0.048 0.005
0.078 0.908 0.002 0.002 0.010
0.009 0.931 0.053 0.002 0.005
0.001 0.621 0.026 0.341 0.011
0.002 0.985 0.002 0.004 0.008
0.002 0.956 0.012 0.017 0.013
0.004 0.963 0.009 0.019 0.005
0.009 0.961 0.010 0.017 0.002
0.003 0.982 0.005 0.007 0.003
0.012 0.959 0.007 0.004 0.018
0.004 0.982 0.005 0.004 0.005
0.005 0.959 0.027 0.005 0.004
0.003 0.965 0.012 0.016 0.004
0.008 0.965 0.010 0.002 0.014
0.007 0.975 0.012 0.005 0.001
0.014 0.974 0.004 0.004 0.004
0.033 0.528 0.002 0.002 0.435
0.001 0.484 0.000 0.023 0.492
0.993 0.001 0.002 0.001 0.002
0.011 0.690 0.001 0.003 0.296
0.003 0.565 0.001 0.001 0.429
0.003 0.669 0.001 0.003 0.324
0.905 0.033 0.030 0.018 0.015
0.994 0.001 0.001 0.001 0.003
0.964 0.002 0.028 0.002 0.005
0.005 0.879 0.002 0.097 0.016
0.002 0.995 0.001 0.001 0.002
0.002 0.990 0.003 0.003 0.002
0.003 0.931 0.037 0.028 0.002
0.002 0.971 0.008 0.017 0.002
0.005 0.967 0.018 0.008 0.002
0.003 0.983 0.001 0.012 0.001
0.063 0.859 0.040 0.031 0.007
0.023 0.939 0.022 0.003 0.013
0.015 0.900 0.054 0.008 0.022
0.006 0.979 0.006 0.004 0.005
0.007 0.955 0.022 0.010 0.006
0.005 0.898 0.036 0.037 0.023
0.001 0.989 0.004 0.005 0.001
0.012 0.948 0.005 0.031 0.004
0.004 0.946 0.003 0.044 0.004
0.004 0.992 0.000 0.003 0.001
0.840 0.098 0.007 0.049 0.006
0.814 0.001 0.001 0.002 0.182
0.016 0.409 0.015 0.077 0.483
0.002 0.610 0.001 0.001 0.387
0.001 0.677 0.000 0.147 0.175
0.005 0.948 0.024 0.018 0.005
0.004 0.979 0.003 0.007 0.008
0.005 0.974 0.002 0.016 0.004
0.001 0.996 0.001 0.002 0.000
0.003 0.982 0.004 0.003 0.009
0.004 0.984 0.005 0.001 0.007
0.002 0.988 0.002 0.006 0.003
0.002 0.985 0.007 0.002 0.003
0.001 0.984 0.010 0.003 0.002
0.002 0.969 0.010 0.014 0.005
0.001 0.925 0.036 0.020 0.019
0.001 0.995 0.001 0.002 0.002
0.006 0.976 0.005 0.010 0.003
0.001 0.986 0.010 0.001 0.001
0.001 0.995 0.001 0.001 0.001
0.001 0.993 0.002 0.003 0.001
0.001 0.933 0.005 0.040 0.021
0.001 0.993 0.001 0.002 0.004
0.011 0.968 0.009 0.010 0.003
0.002 0.993 0.001 0.002 0.001
0.002 0.001 0.040 0.001 0.956
0.008 0.001 0.129 0.049 0.814
0.005 0.001 0.075 0.005 0.914
0.004 0.004 0.061 0.004 0.926
0.001 0.003 0.045 0.001 0.949
0.002 0.001 0.064 0.005 0.928
0.007 0.001 0.070 0.002 0.918
0.010 0.003 0.008 0.008 0.970
0.003 0.001 0.100 0.003 0.893
0.002 0.001 0.112 0.009 0.876
0.001 0.003 0.025 0.003 0.969
0.022 0.001 0.018 0.005 0.954
0.002 0.001 0.049 0.006 0.942
0.013 0.000 0.008 0.015 0.964
0.006 0.866 0.064 0.055 0.010
0.001 0.226 0.001 0.054 0.719
0.001 0.242 0.002 0.067 0.689
0.989 0.001 0.009 0.001 0.000
0.560 0.001 0.008 0.014 0.417
0.002 0.740 0.000 0.001 0.257
0.001 0.382 0.001 0.004 0.613
0.001 0.595 0.001 0.029 0.375
0.002 0.437 0.000 0.001 0.559
0.010 0.511 0.001 0.144 0.335
0.001 0.556 0.000 0.006 0.437
0.002 0.702 0.000 0.005 0.290
0.215 0.462 0.001 0.266 0.056
0.003 0.737 0.001 0.001 0.258
0.002 0.555 0.001 0.001 0.441
0.002 0.692 0.001 0.007 0.298
0.745 0.003 0.017 0.008 0.228
0.893 0.001 0.020 0.001 0.084
0.815 0.001 0.004 0.005 0.175
0.831 0.002 0.046 0.021 0.100
0.005 0.611 0.001 0.003 0.381
0.008 0.526 0.002 0.002 0.461
0.009 0.655 0.001 0.001 0.334
0.001 0.516 0.000 0.050 0.433
0.004 0.329 0.001 0.011 0.654
0.007 0.497 0.001 0.009 0.486
0.006 0.644 0.001 0.002 0.347
0.013 0.383 0.001 0.008 0.595
0.817 0.149 0.003 0.006 0.025
0.975 0.002 0.015 0.004 0.005
0.992 0.001 0.002 0.002 0.003
0.003 0.433 0.001 0.006 0.558
0.865 0.001 0.001 0.002 0.131
0.993 0.001 0.004 0.001 0.002
0.996 0.001 0.002 0.001 0.001
0.986 0.002 0.003 0.005 0.004
0.764 0.067 0.002 0.125 0.041
0.989 0.001 0.003 0.005 0.003
0.994 0.001 0.003 0.001 0.000
0.845 0.001 0.005 0.005 0.144
0.988 0.002 0.002 0.000 0.007
0.591 0.006 0.021 0.004 0.379
0.987 0.001 0.007 0.002 0.003
0.955 0.007 0.022 0.010 0.006
0.769 0.084 0.041 0.046 0.061
0.004 0.449 0.000 0.001 0.546
0.008 0.517 0.002 0.001 0.471
0.001 0.976 0.002 0.014 0.006
0.009 0.971 0.010 0.002 0.008
0.002 0.986 0.002 0.008 0.003
0.003 0.990 0.002 0.003 0.002
0.002 0.993 0.001 0.002 0.001
0.001 0.988 0.003 0.005 0.003
0.005 0.984 0.006 0.002 0.002
0.002 0.987 0.002 0.006 0.003
0.007 0.973 0.008 0.006 0.006
0.008 0.961 0.017 0.008 0.006
0.002 0.979 0.011 0.006 0.002
0.009 0.963 0.004 0.021 0.004
0.002 0.978 0.008 0.010 0.001
0.001 0.983 0.012 0.004 0.001
0.001 0.988 0.001 0.007 0.004
0.002 0.975 0.011 0.010 0.002
0.046 0.933 0.009 0.010 0.001
0.007 0.802 0.025 0.163 0.003
0.002 0.985 0.003 0.005 0.006
0.016 0.857 0.020 0.093 0.013
0.013 0.949 0.011 0.018 0.009
0.017 0.956 0.009 0.012 0.006
0.050 0.903 0.031 0.002 0.014
0.002 0.977 0.003 0.004 0.014
0.005 0.978 0.005 0.008 0.004
0.002 0.976 0.009 0.007 0.006
0.010 0.927 0.023 0.025 0.016
0.002 0.969 0.002 0.015 0.012
0.010 0.979 0.001 0.003 0.007
0.004 0.978 0.007 0.008 0.004
0.004 0.983 0.001 0.006 0.006
0.006 0.986 0.003 0.001 0.004
0.001 0.950 0.006 0.032 0.011
0.009 0.934 0.025 0.006 0.026
0.002 0.989 0.004 0.002 0.002
0.994 0.000 0.004 0.001 0.002
0.595 0.009 0.063 0.033 0.300
0.235 0.027 0.001 0.022 0.714
0.652 0.001 0.053 0.004 0.290
0.982 0.000 0.016 0.001 0.001
0.656 0.002 0.000 0.001 0.340
0.804 0.007 0.006 0.036 0.147
0.983 0.005 0.002 0.008 0.003
0.918 0.077 0.001 0.001 0.003
0.661 0.004 0.030 0.070 0.234
0.997 0.000 0.001 0.001 0.001
0.745 0.003 0.019 0.005 0.228
0.935 0.002 0.046 0.002 0.015
0.965 0.001 0.007 0.019 0.008
0.996 0.000 0.001 0.001 0.001
0.984 0.003 0.004 0.008 0.002
0.993 0.001 0.002 0.002 0.003
0.993 0.001 0.004 0.002 0.001
0.989 0.001 0.002 0.002 0.006
0.598 0.002 0.002 0.002 0.396
0.992 0.001 0.004 0.002 0.001
0.878 0.029 0.048 0.010 0.035
0.989 0.001 0.009 0.001 0.001
0.425 0.004 0.018 0.001 0.552
0.994 0.000 0.001 0.003 0.001
0.005 0.004 0.009 0.969 0.013
0.003 0.009 0.003 0.898 0.088
0.002 0.002 0.023 0.688 0.285
0.001 0.007 0.001 0.468 0.524
0.997 0.001 0.001 0.000 0.001
0.932 0.045 0.021 0.002 0.001
0.955 0.006 0.004 0.034 0.002
0.484 0.015 0.003 0.014 0.484
0.654 0.002 0.014 0.069 0.262
0.518 0.005 0.001 0.056 0.420
0.995 0.001 0.001 0.001 0.003
0.001 0.959 0.019 0.012 0.009
0.002 0.991 0.004 0.001 0.001
0.004 0.988 0.001 0.004 0.002
0.004 0.962 0.015 0.014 0.005
0.993 0.001 0.002 0.004 0.000
0.991 0.003 0.001 0.003 0.002
0.965 0.001 0.014 0.014 0.007
0.711 0.009 0.002 0.029 0.249
0.991 0.003 0.001 0.004 0.001
0.995 0.001 0.002 0.001 0.001
0.859 0.116 0.001 0.008 0.016
0.993 0.002 0.003 0.002 0.001
0.842 0.001 0.002 0.001 0.154
0.942 0.004 0.025 0.004 0.024
0.958 0.006 0.014 0.010 0.012
0.997 0.001 0.001 0.000 0.001
0.982 0.002 0.004 0.010 0.002
0.979 0.000 0.004 0.006 0.010
0.979 0.002 0.005 0.006 0.007
0.973 0.001 0.012 0.003 0.011
0.992 0.002 0.004 0.002 0.001
0.998 0.000 0.000 0.000 0.001
0.995 0.000 0.001 0.001 0.003
0.992 0.001 0.001 0.003 0.002
0.963 0.006 0.011 0.015 0.006
0.980 0.003 0.015 0.001 0.001
0.907 0.016 0.011 0.029 0.037
0.992 0.001 0.002 0.003 0.002
0.969 0.003 0.004 0.005 0.019
0.997 0.000 0.001 0.001 0.001
0.990 0.001 0.001 0.005 0.003
0.002 0.002 0.005 0.567 0.423
0.010 0.001 0.072 0.827 0.090
0.004 0.058 0.014 0.770 0.154
0.013 0.001 0.003 0.922 0.062
0.005 0.001 0.003 0.945 0.046
0.977 0.001 0.009 0.006 0.006
0.987 0.003 0.003 0.003 0.003
0.929 0.003 0.015 0.008 0.044
0.971 0.002 0.007 0.011 0.009
0.947 0.002 0.020 0.022 0.009
0.996 0.000 0.001 0.001 0.002
0.989 0.006 0.001 0.002 0.002
0.983 0.001 0.008 0.002 0.006
0.965 0.002 0.011 0.012 0.010
0.982 0.002 0.008 0.004 0.004
0.982 0.007 0.002 0.003 0.006
0.955 0.016 0.003 0.013 0.014
0.992 0.001 0.002 0.003 0.002
0.987 0.001 0.006 0.001 0.005
0.995 0.001 0.003 0.000 0.001
0.979 0.001 0.008 0.003 0.009
0.001 0.001 0.007 0.821 0.170
0.002 0.001 0.101 0.879 0.017
0.026 0.002 0.019 0.717 0.235
0.002 0.101 0.004 0.481 0.412
0.010 0.002 0.003 0.970 0.015
0.003 0.011 0.001 0.853 0.132
0.001 0.001 0.003 0.635 0.361
0.003 0.005 0.001 0.653 0.338
0.004 0.001 0.016 0.974 0.004
0.002 0.003 0.002 0.977 0.017
0.965 0.002 0.020 0.010 0.002
0.975 0.002 0.009 0.006 0.007
0.961 0.020 0.005 0.009 0.006
0.966 0.004 0.027 0.001 0.002
0.988 0.003 0.007 0.001 0.001
0.996 0.000 0.001 0.001 0.001
0.006 0.003 0.008 0.666 0.317
0.004 0.001 0.004 0.877 0.114
0.003 0.003 0.053 0.940 0.001
0.005 0.002 0.057 0.934 0.003
0.002 0.002 0.003 0.985 0.008
0.003 0.006 0.001 0.989 0.001
0.002 0.001 0.003 0.833 0.161
0.001 0.002 0.005 0.857 0.135
0.008 0.003 0.001 0.925 0.063
0.009 0.003 0.042 0.881 0.065
0.004 0.002 0.005 0.652 0.337
0.001 0.005 0.007 0.679 0.308
0.016 0.004 0.017 0.926 0.038
0.959 0.007 0.013 0.011 0.011
0.988 0.000 0.003 0.002 0.006
0.991 0.001 0.001 0.002 0.005
0.976 0.001 0.002 0.002 0.018
0.994 0.001 0.002 0.001 0.002
0.967 0.004 0.018 0.006 0.005
0.003 0.004 0.002 0.988 0.004
0.001 0.007 0.003 0.988 0.001
0.004 0.040 0.004 0.932 0.020
0.001 0.004 0.005 0.678 0.312
0.052 0.003 0.001 0.900 0.044
0.005 0.017 0.003 0.641 0.334
0.014 0.016 0.171 0.787 0.012
0.001 0.001 0.007 0.703 0.289
0.003 0.002 0.016 0.928 0.052
0.987 0.000 0.006 0.002 0.005
0.974 0.017 0.003 0.003 0.003
0.996 0.001 0.001 0.002 0.001
0.997 0.001 0.000 0.001 0.001
0.977 0.002 0.001 0.006 0.014
0.981 0.005 0.009 0.002 0.003
0.990 0.003 0.001 0.006 0.001
0.983 0.001 0.008 0.005 0.003
0.992 0.001 0.005 0.001 0.001
0.001 0.002 0.003 0.969 0.026
0.002 0.007 0.013 0.969 0.009
0.025 0.016 0.002 0.941 0.015
0.001 0.002 0.011 0.716 0.271
0.005 0.001 0.005 0.764 0.224
0.004 0.004 0.005 0.981 0.005
0.001 0.025 0.001 0.969 0.004
0.001 0.003 0.004 0.964 0.028
0.016 0.031 0.006 0.558 0.388
0.005 0.007 0.002 0.958 0.028
0.003 0.007 0.007 0.970 0.013
0.005 0.005 0.012 0.974 0.004
0.967 0.004 0.007 0.007 0.015
0.943 0.007 0.012 0.017 0.022
0.982 0.002 0.007 0.002 0.006
0.992 0.001 0.002 0.004 0.001
0.978 0.002 0.016 0.002 0.002
0.995 0.001 0.002 0.001 0.001
0.885 0.017 0.018 0.049 0.030
0.797 0.002 0.002 0.000 0.198
0.993 0.002 0.001 0.002 0.002
0.897 0.004 0.005 0.005 0.088
0.968 0.003 0.002 0.012 0.014
0.975 0.003 0.003 0.007 0.013
0.979 0.006 0.008 0.004 0.003
0.987 0.001 0.002 0.004 0.006
0.977 0.007 0.004 0.007 0.006
0.995 0.001 0.001 0.002 0.001
0.997 0.001 0.001 0.001 0.000
0.935 0.007 0.007 0.020 0.032
0.985 0.002 0.006 0.002 0.005
0.994 0.001 0.001 0.001 0.002
0.997 0.001 0.001 0.001 0.001
0.989 0.003 0.003 0.002 0.003
0.920 0.006 0.053 0.010 0.011
0.993 0.001 0.004 0.000 0.002
0.988 0.002 0.004 0.003 0.003
0.954 0.028 0.001 0.015 0.002
0.978 0.001 0.019 0.002 0.001
0.977 0.003 0.017 0.002 0.002
0.991 0.001 0.001 0.004 0.003
0.889 0.001 0.037 0.051 0.022
0.887 0.015 0.005 0.059 0.034
0.993 0.001 0.002 0.001 0.003
0.988 0.001 0.002 0.004 0.004
0.997 0.000 0.001 0.000 0.001
0.953 0.002 0.008 0.034 0.003
0.998 0.001 0.000 0.001 0.000
0.987 0.003 0.005 0.003 0.001
0.995 0.002 0.002 0.001 0.001
0.991 0.001 0.002 0.002 0.004
0.980 0.001 0.015 0.003 0.001
0.982 0.001 0.014 0.002 0.001
0.988 0.002 0.004 0.005 0.002
0.993 0.002 0.002 0.002 0.000
0.982 0.001 0.015 0.001 0.001
0.992 0.001 0.001 0.002 0.003
0.993 0.003 0.002 0.001 0.002
0.990 0.001 0.006 0.003 0.001
0.992 0.002 0.004 0.001 0.001
0.989 0.004 0.001 0.004 0.003
0.977 0.001 0.016 0.005 0.001
0.996 0.001 0.001 0.001 0.002
0.981 0.000 0.016 0.001 0.001
0.994 0.001 0.001 0.002 0.002
0.987 0.001 0.011 0.001 0.001
0.997 0.000 0.002 0.001 0.001
0.996 0.000 0.001 0.002 0.001
0.985 0.004 0.002 0.007 0.002
0.960 0.012 0.008 0.013 0.007
0.001 0.192 0.013 0.789 0.005
0.002 0.004 0.002 0.992 0.000
0.008 0.042 0.001 0.946 0.002
0.001 0.035 0.001 0.959 0.004
0.002 0.008 0.061 0.898 0.031
0.002 0.001 0.006 0.852 0.140
0.004 0.000 0.007 0.987 0.003
0.003 0.002 0.004 0.875 0.115
0.001 0.001 0.009 0.812 0.177
0.004 0.010 0.002 0.767 0.217
0.964 0.005 0.018 0.003 0.010
0.982 0.002 0.003 0.002 0.011
0.974 0.003 0.009 0.008 0.006
0.969 0.003 0.018 0.002 0.008
0.996 0.000 0.001 0.001 0.002
0.996 0.001 0.001 0.001 0.001
0.990 0.003 0.001 0.004 0.001
0.997 0.001 0.001 0.001 0.001
0.997 0.001 0.001 0.001 0.001
0.962 0.007 0.013 0.009 0.008
0.970 0.002 0.002 0.015 0.011
0.995 0.002 0.001 0.001 0.001
0.992 0.002 0.001 0.002 0.003
0.995 0.001 0.001 0.001 0.001
0.989 0.002 0.004 0.004 0.002
0.994 0.001 0.002 0.001 0.002
0.983 0.003 0.009 0.004 0.002
0.996 0.000 0.001 0.001 0.001
0.939 0.002 0.048 0.003 0.008
0.984 0.001 0.004 0.008 0.002
0.988 0.001 0.007 0.003 0.002
0.994 0.001 0.003 0.001 0.001
0.997 0.001 0.001 0.001 0.001
0.998 0.000 0.001 0.000 0.000
0.995 0.001 0.001 0.002 0.001
0.972 0.001 0.025 0.001 0.001
0.953 0.001 0.019 0.004 0.023
0.993 0.003 0.003 0.001 0.001
0.994 0.001 0.001 0.002 0.003
0.994 0.001 0.000 0.004 0.001
0.978 0.009 0.003 0.006 0.004
0.993 0.002 0.002 0.002 0.001
0.917 0.019 0.005 0.002 0.058
0.991 0.004 0.001 0.002 0.002
0.992 0.002 0.002 0.001 0.002
0.997 0.000 0.001 0.001 0.001
0.996 0.000 0.001 0.001 0.002
0.998 0.000 0.001 0.000 0.000
0.995 0.001 0.003 0.002 0.001
0.996 0.001 0.001 0.002 0.001
0.946 0.002 0.044 0.005 0.003
0.996 0.000 0.001 0.001 0.003
0.995 0.001 0.002 0.001 0.001
0.967 0.009 0.015 0.009 0.001
0.998 0.000 0.001 0.001 0.000
0.995 0.001 0.001 0.002 0.001
0.980 0.000 0.018 0.001 0.001
0.992 0.001 0.002 0.003 0.002
0.994 0.000 0.004 0.000 0.001
0.995 0.002 0.001 0.001 0.001
0.991 0.000 0.002 0.005 0.001
0.995 0.001 0.002 0.001 0.001
0.975 0.002 0.020 0.000 0.002
0.993 0.001 0.002 0.002 0.001
0.986 0.003 0.007 0.003 0.001
0.986 0.001 0.010 0.001 0.002
0.981 0.002 0.009 0.003 0.004
0.947 0.002 0.035 0.012 0.004
0.994 0.001 0.001 0.002 0.001
0.993 0.002 0.003 0.001 0.001
0.978 0.001 0.013 0.003 0.004
0.995 0.001 0.002 0.001 0.001
0.994 0.001 0.001 0.002 0.002
0.972 0.001 0.024 0.001 0.001
0.989 0.002 0.006 0.002 0.002
0.970 0.002 0.018 0.006 0.004
0.990 0.000 0.007 0.001 0.001
0.982 0.001 0.013 0.002 0.002
0.994 0.001 0.001 0.002 0.001
0.954 0.002 0.034 0.007 0.003
0.988 0.002 0.007 0.001 0.002
0.994 0.000 0.001 0.002 0.003
0.981 0.001 0.014 0.002 0.001
0.986 0.003 0.007 0.002 0.001
0.965 0.002 0.015 0.008 0.010
0.958 0.002 0.031 0.003 0.007
0.996 0.000 0.002 0.001 0.001
0.971 0.003 0.022 0.002 0.002
0.975 0.001 0.021 0.001 0.001
0.997 0.000 0.002 0.001 0.000
0.980 0.001 0.015 0.002 0.001
0.996 0.000 0.003 0.001 0.001
0.959 0.003 0.005 0.007 0.026
