0.002 0.991 0.003 0.002 0.002
0.003 0.972 0.002 0.003 0.020
0.004 0.985 0.005 0.004 0.001
0.005 0.975 0.008 0.008 0.003
0.003 0.925 0.002 0.015 0.055
0.011 0.944 0.012 0.007 0.026
0.000 0.995 0.002 0.002 0.002
0.003 0.993 0.002 0.001 0.001
0.002 0.993 0.001 0.002 0.002
0.007 0.978 0.005 0.002 0.008
0.006 0.972 0.007 0.011 0.005
0.001 0.983 0.003 0.004 0.009
0.003 0.958 0.005 0.024 0.010
0.002 0.993 0.003 0.001 0.001
0.004 0.972 0.008 0.004 0.013
0.001 0.994 0.001 0.001 0.003
0.008 0.923 0.015 0.052 0.003
0.003 0.987 0.004 0.004 0.002
0.000 0.991 0.002 0.003 0.003
0.003 0.983 0.007 0.004 0.003
0.014 0.964 0.007 0.006 0.009
0.005 0.965 0.002 0.020 0.008
0.003 0.990 0.003 0.001 0.003
0.007 0.967 0.001 0.010 0.015
0.002 0.994 0.001 0.002 0.002
0.001 0.997 0.001 0.001 0.000
0.001 0.991 0.001 0.001 0.006
0.006 0.958 0.002 0.012 0.022
0.002 0.973 0.004 0.011 0.009
0.031 0.933 0.010 0.015 0.011
0.001 0.995 0.002 0.001 0.001
0.003 0.984 0.002 0.006 0.005
0.008 0.930 0.022 0.036 0.003
0.002 0.983 0.001 0.009 0.005
0.001 0.983 0.003 0.010 0.003
0.010 0.978 0.009 0.002 0.001
0.002 0.992 0.001 0.004 0.001
0.007 0.977 0.003 0.010 0.003
0.001 0.995 0.001 0.002 0.001
0.001 0.996 0.001 0.001 0.001
0.030 0.946 0.012 0.009 0.003
0.004 0.837 0.009 0.017 0.132
0.020 0.879 0.024 0.069 0.008
0.025 0.903 0.064 0.002 0.007
0.003 0.992 0.002 0.001 0.002
0.002 0.989 0.001 0.002 0.006
0.008 0.975 0.005 0.010 0.002
0.025 0.876 0.084 0.014 0.001
0.002 0.993 0.001 0.001 0.004
0.003 0.994 0.001 0.001 0.001
0.000 0.976 0.001 0.018 0.004
0.006 0.985 0.004 0.004 0.001
0.007 0.978 0.008 0.004 0.002
0.002 0.983 0.005 0.002 0.008
0.001 0.994 0.002 0.001 0.002
0.001 0.990 0.001 0.004 0.005
0.003 0.981 0.001 0.010 0.006
0.001 0.993 0.001 0.004 0.000
0.003 0.988 0.003 0.005 0.001
0.015 0.902 0.027 0.005 0.051
0.025 0.899 0.037 0.002 0.036
0.004 0.987 0.004 0.003 0.002
0.025 0.951 0.008 0.005 0.011
0.006 0.974 0.016 0.001 0.002
0.001 0.991 0.002 0.004 0.002
0.021 0.895 0.007 0.033 0.044
0.001 0.990 0.002 0.002 0.004
0.004 0.987 0.001 0.003 0.005
0.001 0.989 0.002 0.005 0.003
0.001 0.981 0.002 0.013 0.003
0.002 0.980 0.002 0.006 0.010
0.003 0.987 0.001 0.007 0.002
0.006 0.979 0.007 0.004 0.004
0.002 0.961 0.008 0.020 0.008
0.001 0.986 0.002 0.005 0.007
0.003 0.945 0.004 0.009 0.039
0.004 0.986 0.003 0.006 0.001
0.006 0.983 0.002 0.007 0.001
0.021 0.936 0.021 0.018 0.005
0.002 0.957 0.005 0.018 0.018
0.002 0.990 0.003 0.003 0.002
0.001 0.955 0.001 0.030 0.013
0.005 0.980 0.011 0.003 0.001
0.009 0.963 0.002 0.015 0.012
0.003 0.991 0.001 0.004 0.002
0.009 0.974 0.007 0.004 0.006
0.002 0.995 0.001 0.001 0.001
0.007 0.965 0.008 0.009 0.011
0.001 0.982 0.004 0.006 0.008
0.003 0.984 0.002 0.009 0.003
0.001 0.737 0.001 0.260 0.001
0.005 0.986 0.001 0.007 0.002
0.005 0.983 0.002 0.008 0.002
0.002 0.992 0.001 0.004 0.001
0.010 0.977 0.003 0.008 0.001
0.001 0.985 0.001 0.004 0.009
0.002 0.005 0.002 0.008 0.983
0.001 0.001 0.001 0.002 0.995
0.011 0.001 0.004 0.026 0.958
0.001 0.007 0.002 0.004 0.986
0.003 0.001 0.001 0.002 0.992
0.004 0.000 0.003 0.002 0.991
0.002 0.002 0.002 0.009 0.984
0.005 0.003 0.002 0.002 0.989
0.001 0.002 0.004 0.009 0.984
0.004 0.001 0.002 0.005 0.988
0.003 0.003 0.014 0.005 0.975
0.004 0.003 0.005 0.002 0.987
0.009 0.002 0.009 0.015 0.965
0.004 0.002 0.001 0.001 0.993
0.002 0.002 0.003 0.010 0.983
0.030 0.001 0.024 0.005 0.940
0.001 0.003 0.002 0.012 0.982
0.002 0.001 0.001 0.003 0.994
0.008 0.003 0.005 0.006 0.978
0.001 0.002 0.002 0.005 0.990
0.002 0.002 0.001 0.004 0.991
0.002 0.003 0.002 0.009 0.983
0.017 0.002 0.009 0.003 0.968
0.002 0.002 0.001 0.001 0.994
0.001 0.001 0.002 0.001 0.994
0.001 0.000 0.003 0.001 0.995
0.002 0.001 0.001 0.002 0.995
0.001 0.001 0.000 0.001 0.996
0.003 0.003 0.001 0.018 0.974
0.001 0.001 0.004 0.008 0.986
0.001 0.001 0.001 0.001 0.996
0.001 0.008 0.001 0.002 0.987
0.001 0.001 0.001 0.001 0.997
0.003 0.001 0.011 0.003 0.982
0.003 0.004 0.003 0.001 0.989
0.006 0.008 0.013 0.018 0.955
0.003 0.002 0.001 0.003 0.991
0.017 0.006 0.027 0.008 0.942
0.017 0.012 0.009 0.020 0.942
0.001 0.008 0.003 0.001 0.987
0.000 0.000 0.001 0.002 0.996
0.000 0.001 0.002 0.002 0.994
0.001 0.000 0.002 0.001 0.995
0.004 0.001 0.003 0.001 0.991
0.001 0.005 0.001 0.002 0.991
0.001 0.002 0.001 0.007 0.989
0.007 0.001 0.003 0.004 0.986
0.001 0.001 0.001 0.002 0.995
0.001 0.002 0.002 0.049 0.945
0.001 0.001 0.001 0.006 0.991
0.005 0.001 0.005 0.002 0.987
0.004 0.001 0.004 0.047 0.944
0.007 0.019 0.001 0.008 0.965
0.004 0.006 0.001 0.028 0.961
0.001 0.003 0.001 0.002 0.992
0.004 0.002 0.006 0.016 0.972
0.001 0.042 0.001 0.011 0.944
0.001 0.014 0.006 0.010 0.969
0.001 0.003 0.001 0.015 0.981
0.002 0.004 0.005 0.032 0.957
0.010 0.010 0.008 0.016 0.956
0.003 0.005 0.003 0.075 0.915
0.002 0.002 0.009 0.014 0.974
0.014 0.001 0.018 0.016 0.951
0.001 0.004 0.002 0.016 0.976
0.002 0.005 0.001 0.007 0.986
0.008 0.011 0.014 0.004 0.963
0.003 0.008 0.002 0.002 0.985
0.009 0.004 0.012 0.002 0.972
0.004 0.018 0.006 0.040 0.932
0.001 0.002 0.002 0.022 0.973
0.003 0.001 0.003 0.004 0.990
0.001 0.001 0.001 0.001 0.996
0.000 0.003 0.001 0.007 0.989
0.002 0.003 0.001 0.007 0.988
0.005 0.006 0.007 0.015 0.967
0.006 0.005 0.003 0.021 0.966
0.003 0.001 0.002 0.003 0.991
0.006 0.003 0.006 0.001 0.984
0.002 0.001 0.004 0.011 0.982
0.019 0.001 0.011 0.003 0.967
0.002 0.001 0.001 0.005 0.991
0.002 0.003 0.004 0.064 0.927
0.001 0.004 0.002 0.005 0.989
0.001 0.001 0.005 0.005 0.988
0.004 0.005 0.003 0.009 0.979
0.003 0.012 0.003 0.015 0.967
0.009 0.006 0.003 0.002 0.980
0.005 0.002 0.006 0.013 0.974
0.000 0.002 0.001 0.001 0.997
0.010 0.001 0.006 0.002 0.982
0.001 0.001 0.001 0.002 0.996
0.003 0.002 0.002 0.003 0.990
0.001 0.002 0.002 0.001 0.994
0.002 0.004 0.004 0.013 0.977
0.001 0.002 0.001 0.054 0.942
0.001 0.002 0.001 0.004 0.992
0.003 0.013 0.003 0.003 0.978
0.001 0.001 0.000 0.001 0.997
0.002 0.001 0.003 0.009 0.985
0.004 0.008 0.006 0.005 0.977
0.002 0.003 0.007 0.003 0.985
0.002 0.007 0.001 0.011 0.979
0.002 0.171 0.008 0.004 0.815
0.001 0.066 0.005 0.004 0.925
0.001 0.001 0.001 0.002 0.995
0.006 0.003 0.003 0.004 0.984
0.002 0.034 0.002 0.005 0.957
0.000 0.066 0.003 0.003 0.928
0.001 0.118 0.001 0.003 0.877
0.003 0.062 0.007 0.024 0.905
0.002 0.036 0.003 0.018 0.940
0.006 0.001 0.008 0.458 0.527
0.002 0.002 0.001 0.001 0.994
0.003 0.008 0.001 0.031 0.957
0.008 0.164 0.008 0.005 0.815
0.002 0.015 0.015 0.033 0.935
0.001 0.027 0.003 0.036 0.932
0.003 0.024 0.002 0.002 0.969
0.001 0.003 0.002 0.013 0.981
0.001 0.007 0.002 0.028 0.962
0.001 0.007 0.001 0.044 0.948
0.010 0.023 0.011 0.015 0.941
0.001 0.005 0.002 0.006 0.986
0.005 0.002 0.006 0.004 0.984
0.008 0.002 0.004 0.020 0.966
0.001 0.073 0.003 0.036 0.886
0.001 0.007 0.002 0.009 0.982
0.001 0.001 0.001 0.001 0.996
0.001 0.239 0.000 0.023 0.737
0.001 0.001 0.002 0.003 0.994
0.002 0.008 0.002 0.000 0.988
0.003 0.176 0.003 0.125 0.694
0.001 0.167 0.006 0.031 0.795
0.002 0.010 0.009 0.010 0.969
0.014 0.009 0.009 0.015 0.953
0.003 0.006 0.002 0.007 0.982
0.001 0.043 0.001 0.030 0.925
0.005 0.003 0.011 0.008 0.973
0.001 0.003 0.001 0.006 0.989
0.003 0.085 0.002 0.159 0.752
0.001 0.010 0.001 0.013 0.975
0.001 0.049 0.004 0.018 0.928
0.002 0.011 0.003 0.001 0.983
0.006 0.002 0.003 0.002 0.986
0.004 0.013 0.003 0.011 0.968
0.001 0.003 0.003 0.004 0.988
0.001 0.040 0.002 0.030 0.926
0.032 0.004 0.015 0.001 0.948
0.004 0.002 0.001 0.007 0.986
0.003 0.051 0.002 0.041 0.903
0.001 0.042 0.003 0.152 0.801
0.003 0.007 0.004 0.017 0.970
0.004 0.012 0.004 0.011 0.968
0.003 0.005 0.003 0.013 0.977
0.002 0.001 0.001 0.012 0.983
0.000 0.019 0.003 0.033 0.944
0.001 0.001 0.000 0.005 0.993
0.000 0.042 0.001 0.319 0.638
0.009 0.008 0.021 0.031 0.931
0.006 0.014 0.002 0.009 0.969
0.003 0.003 0.010 0.001 0.982
0.003 0.002 0.004 0.003 0.988
0.021 0.012 0.006 0.015 0.945
0.009 0.041 0.045 0.007 0.897
0.003 0.056 0.005 0.018 0.918
0.007 0.012 0.006 0.099 0.876
0.001 0.012 0.001 0.003 0.982
0.004 0.002 0.001 0.052 0.941
0.019 0.006 0.040 0.009 0.926
0.001 0.001 0.001 0.002 0.995
0.001 0.057 0.003 0.049 0.891
0.000 0.001 0.001 0.001 0.997
0.003 0.002 0.002 0.009 0.984
0.001 0.124 0.002 0.017 0.857
0.000 0.010 0.001 0.014 0.975
0.002 0.003 0.001 0.010 0.983
0.002 0.006 0.002 0.034 0.955
0.008 0.017 0.007 0.006 0.961
0.026 0.007 0.017 0.060 0.890
0.009 0.135 0.003 0.005 0.848
0.000 0.005 0.001 0.016 0.978
0.004 0.028 0.002 0.010 0.956
0.007 0.007 0.002 0.004 0.981
0.006 0.001 0.007 0.005 0.982
0.004 0.987 0.007 0.002 0.001
0.002 0.993 0.002 0.002 0.002
0.004 0.955 0.001 0.004 0.036
0.000 0.981 0.003 0.003 0.012
0.003 0.989 0.004 0.003 0.002
0.002 0.965 0.008 0.020 0.004
0.009 0.967 0.009 0.009 0.006
0.003 0.993 0.002 0.002 0.001
0.001 0.985 0.001 0.010 0.003
0.002 0.993 0.003 0.002 0.001
0.002 0.994 0.001 0.001 0.003
0.003 0.970 0.003 0.010 0.015
0.001 0.995 0.001 0.001 0.002
0.001 0.994 0.001 0.002 0.002
0.002 0.994 0.001 0.001 0.001
0.002 0.994 0.000 0.001 0.003
0.003 0.982 0.010 0.001 0.004
0.004 0.989 0.001 0.006 0.001
0.002 0.992 0.002 0.002 0.002
0.001 0.986 0.002 0.010 0.001
0.009 0.980 0.004 0.006 0.002
0.001 0.990 0.002 0.006 0.001
0.006 0.962 0.019 0.010 0.003
0.002 0.969 0.001 0.025 0.003
0.007 0.981 0.005 0.003 0.004
0.004 0.969 0.004 0.018 0.005
0.003 0.969 0.002 0.011 0.014
0.001 0.986 0.006 0.003 0.003
0.003 0.982 0.002 0.003 0.010
0.005 0.987 0.001 0.002 0.005
0.001 0.994 0.002 0.002 0.001
0.002 0.958 0.004 0.016 0.020
0.010 0.976 0.011 0.003 0.001
0.004 0.985 0.004 0.002 0.005
0.011 0.936 0.006 0.023 0.024
0.001 0.994 0.001 0.001 0.003
0.001 0.970 0.001 0.016 0.012
0.003 0.962 0.003 0.013 0.019
0.019 0.967 0.009 0.003 0.002
0.003 0.989 0.001 0.005 0.002
0.002 0.991 0.001 0.004 0.003
0.002 0.991 0.001 0.003 0.004
0.007 0.001 0.015 0.005 0.973
0.278 0.007 0.076 0.207 0.431
0.005 0.001 0.007 0.004 0.983
0.006 0.954 0.017 0.012 0.011
0.002 0.994 0.002 0.002 0.001
0.001 0.991 0.002 0.003 0.003
0.001 0.993 0.002 0.002 0.002
0.003 0.988 0.001 0.004 0.004
0.001 0.996 0.001 0.001 0.001
0.001 0.992 0.001 0.003 0.003
0.003 0.970 0.007 0.016 0.004
0.003 0.988 0.001 0.005 0.004
0.001 0.995 0.001 0.002 0.002
0.001 0.988 0.001 0.005 0.005
0.011 0.959 0.002 0.025 0.003
0.001 0.991 0.001 0.002 0.005
0.003 0.988 0.003 0.004 0.002
0.001 0.996 0.001 0.001 0.001
0.002 0.994 0.001 0.002 0.001
0.000 0.990 0.002 0.006 0.002
0.002 0.987 0.002 0.006 0.003
0.002 0.990 0.001 0.004 0.002
0.001 0.991 0.003 0.002 0.003
0.008 0.972 0.005 0.009 0.006
0.001 0.994 0.002 0.002 0.002
0.002 0.988 0.002 0.004 0.003
0.008 0.979 0.005 0.006 0.002
0.001 0.994 0.001 0.003 0.002
0.002 0.992 0.001 0.002 0.003
0.006 0.968 0.003 0.006 0.017
0.002 0.989 0.003 0.003 0.003
0.022 0.963 0.002 0.002 0.011
0.001 0.985 0.001 0.004 0.008
0.002 0.992 0.001 0.002 0.003
0.001 0.976 0.003 0.007 0.013
0.001 0.986 0.003 0.003 0.007
0.002 0.993 0.001 0.003 0.002
0.007 0.981 0.006 0.003 0.003
0.160 0.020 0.024 0.014 0.781
0.018 0.234 0.005 0.021 0.722
0.012 0.027 0.009 0.015 0.936
0.015 0.089 0.009 0.040 0.847
0.002 0.986 0.004 0.006 0.002
0.003 0.941 0.006 0.046 0.004
0.002 0.984 0.002 0.008 0.004
0.004 0.978 0.008 0.007 0.003
0.001 0.995 0.001 0.001 0.002
0.019 0.940 0.013 0.020 0.007
0.001 0.996 0.001 0.001 0.001
0.001 0.990 0.003 0.004 0.001
0.001 0.992 0.001 0.004 0.003
0.001 0.983 0.003 0.006 0.006
0.002 0.955 0.002 0.037 0.005
0.004 0.988 0.001 0.003 0.004
0.004 0.993 0.001 0.001 0.001
0.001 0.992 0.002 0.003 0.002
0.002 0.989 0.005 0.001 0.002
0.019 0.944 0.011 0.022 0.003
0.004 0.983 0.005 0.004 0.005
0.002 0.995 0.001 0.001 0.002
0.004 0.971 0.014 0.006 0.005
0.033 0.922 0.032 0.001 0.013
0.002 0.980 0.003 0.004 0.012
0.003 0.986 0.002 0.006 0.003
0.008 0.974 0.003 0.011 0.003
0.002 0.988 0.005 0.003 0.002
0.002 0.992 0.004 0.001 0.001
0.003 0.991 0.001 0.004 0.002
0.002 0.995 0.001 0.002 0.001
0.001 0.996 0.001 0.001 0.001
0.029 0.031 0.015 0.028 0.897
0.005 0.030 0.003 0.021 0.941
0.071 0.003 0.100 0.060 0.767
0.005 0.011 0.006 0.005 0.974
0.030 0.002 0.005 0.002 0.961
0.004 0.002 0.002 0.002 0.990
0.032 0.061 0.016 0.021 0.870
0.008 0.021 0.022 0.000 0.949
0.006 0.032 0.004 0.046 0.912
0.001 0.990 0.001 0.006 0.003
0.008 0.910 0.007 0.060 0.015
0.001 0.988 0.000 0.007 0.003
0.001 0.991 0.003 0.003 0.003
0.005 0.990 0.002 0.002 0.001
0.063 0.893 0.024 0.009 0.012
0.003 0.989 0.001 0.004 0.003
0.002 0.993 0.001 0.002 0.002
0.005 0.966 0.009 0.014 0.005
0.006 0.973 0.008 0.013 0.001
0.001 0.992 0.002 0.004 0.001
0.002 0.993 0.002 0.002 0.001
0.004 0.989 0.001 0.005 0.001
0.001 0.996 0.001 0.001 0.001
0.003 0.917 0.003 0.075 0.002
0.014 0.002 0.006 0.033 0.945
0.002 0.254 0.005 0.004 0.736
0.016 0.006 0.423 0.008 0.547
0.021 0.001 0.038 0.074 0.867
0.119 0.005 0.060 0.005 0.811
0.014 0.081 0.002 0.055 0.848
0.190 0.002 0.001 0.002 0.806
0.003 0.157 0.001 0.001 0.838
0.003 0.006 0.005 0.004 0.981
0.013 0.003 0.004 0.005 0.975
0.137 0.005 0.105 0.002 0.751
0.022 0.101 0.008 0.030 0.838
0.001 0.149 0.001 0.003 0.847
0.009 0.001 0.005 0.009 0.976
0.083 0.002 0.012 0.034 0.869
0.011 0.156 0.021 0.083 0.728
0.006 0.025 0.001 0.064 0.904
0.037 0.281 0.003 0.040 0.638
0.002 0.023 0.005 0.021 0.949
0.005 0.004 0.006 0.002 0.983
0.004 0.001 0.002 0.019 0.974
0.003 0.188 0.003 0.014 0.792
0.014 0.326 0.021 0.308 0.331
0.090 0.001 0.116 0.005 0.788
0.010 0.014 0.012 0.022 0.942
0.009 0.115 0.010 0.002 0.864
0.054 0.002 0.043 0.019 0.881
0.003 0.003 0.010 0.006 0.978
0.029 0.003 0.052 0.004 0.911
0.002 0.052 0.016 0.151 0.779
0.127 0.002 0.020 0.001 0.850
0.016 0.104 0.006 0.001 0.873
0.013 0.002 0.117 0.002 0.866
0.121 0.004 0.187 0.005 0.683
0.102 0.001 0.543 0.007 0.347
0.005 0.006 0.001 0.001 0.987
0.006 0.006 0.003 0.090 0.894
0.021 0.005 0.022 0.010 0.943
0.689 0.008 0.030 0.011 0.262
0.006 0.269 0.004 0.006 0.715
0.001 0.085 0.003 0.163 0.749
0.001 0.001 0.001 0.001 0.996
0.043 0.150 0.047 0.001 0.758
0.001 0.240 0.007 0.008 0.744
0.004 0.275 0.004 0.007 0.711
0.004 0.082 0.172 0.109 0.633
0.017 0.011 0.008 0.066 0.898
0.003 0.045 0.010 0.018 0.923
0.002 0.011 0.008 0.218 0.761
0.196 0.002 0.023 0.003 0.776
0.001 0.327 0.001 0.003 0.667
0.004 0.005 0.005 0.019 0.967
0.247 0.180 0.149 0.009 0.415
0.014 0.228 0.026 0.002 0.730
0.033 0.025 0.007 0.009 0.925
0.001 0.093 0.001 0.288 0.616
0.029 0.064 0.157 0.004 0.746
0.003 0.001 0.001 0.012 0.982
0.096 0.103 0.045 0.201 0.556
0.004 0.097 0.004 0.013 0.882
0.017 0.033 0.016 0.034 0.900
0.003 0.046 0.003 0.046 0.902
0.008 0.001 0.205 0.003 0.784
0.006 0.008 0.020 0.235 0.731
0.022 0.122 0.122 0.002 0.732
0.017 0.219 0.008 0.003 0.754
0.029 0.001 0.004 0.002 0.964
0.027 0.002 0.040 0.017 0.913
0.037 0.019 0.005 0.015 0.923
0.031 0.000 0.032 0.017 0.919
0.053 0.012 0.066 0.065 0.804
0.046 0.001 0.008 0.001 0.944
0.003 0.242 0.001 0.275 0.479
0.171 0.002 0.089 0.005 0.733
0.004 0.001 0.128 0.002 0.866
0.019 0.484 0.012 0.010 0.475
0.009 0.164 0.004 0.001 0.822
0.083 0.009 0.144 0.001 0.763
0.005 0.028 0.009 0.012 0.946
0.009 0.050 0.007 0.020 0.914
0.006 0.001 0.007 0.004 0.982
0.382 0.005 0.072 0.176 0.364
0.471 0.006 0.395 0.020 0.108
0.281 0.007 0.053 0.002 0.657
0.005 0.010 0.010 0.003 0.973
0.001 0.096 0.002 0.106 0.795
0.001 0.156 0.001 0.002 0.841
0.002 0.004 0.002 0.003 0.989
0.021 0.107 0.013 0.041 0.817
0.073 0.037 0.007 0.175 0.708
0.076 0.030 0.037 0.015 0.843
0.004 0.002 0.002 0.024 0.967
0.002 0.406 0.147 0.009 0.435
0.002 0.053 0.002 0.008 0.936
0.002 0.028 0.002 0.023 0.944
0.299 0.194 0.041 0.027 0.439
0.005 0.005 0.003 0.002 0.986
0.062 0.014 0.096 0.007 0.820
0.020 0.007 0.012 0.002 0.960
0.007 0.007 0.008 0.004 0.975
0.003 0.015 0.006 0.037 0.939
0.187 0.001 0.207 0.002 0.602
0.073 0.001 0.020 0.002 0.904
0.021 0.002 0.060 0.003 0.913
0.188 0.002 0.134 0.001 0.676
0.013 0.002 0.262 0.004 0.719
0.005 0.010 0.012 0.002 0.972
0.003 0.028 0.001 0.026 0.942
0.006 0.036 0.017 0.027 0.914
0.032 0.004 0.182 0.158 0.624
0.047 0.004 0.018 0.006 0.926
0.001 0.001 0.002 0.043 0.952
0.004 0.583 0.003 0.013 0.398
0.306 0.206 0.009 0.048 0.431
0.005 0.016 0.005 0.146 0.829
0.005 0.216 0.005 0.037 0.736
0.004 0.401 0.002 0.095 0.498
0.016 0.144 0.006 0.004 0.830
0.003 0.033 0.006 0.002 0.955
0.003 0.252 0.001 0.002 0.741
0.011 0.200 0.001 0.109 0.679
0.076 0.205 0.023 0.001 0.695
0.001 0.149 0.003 0.002 0.844
0.026 0.003 0.023 0.011 0.936
0.002 0.227 0.001 0.001 0.770
0.002 0.208 0.001 0.002 0.788
0.225 0.298 0.033 0.000 0.444
0.001 0.380 0.020 0.022 0.577
0.047 0.119 0.038 0.006 0.790
0.003 0.559 0.011 0.007 0.420
0.002 0.217 0.093 0.029 0.659
0.001 0.261 0.002 0.008 0.728
0.121 0.292 0.008 0.011 0.567
0.000 0.289 0.005 0.013 0.693
0.001 0.002 0.004 0.323 0.671
0.010 0.156 0.003 0.036 0.795
0.058 0.025 0.057 0.037 0.824
0.001 0.004 0.001 0.056 0.939
0.197 0.023 0.259 0.015 0.506
0.322 0.001 0.075 0.014 0.588
0.045 0.007 0.025 0.013 0.910
0.000 0.136 0.001 0.006 0.857
0.006 0.015 0.253 0.019 0.707
0.001 0.051 0.009 0.025 0.914
0.001 0.010 0.268 0.295 0.425
0.034 0.207 0.198 0.010 0.552
0.043 0.047 0.012 0.002 0.895
0.034 0.009 0.041 0.007 0.910
0.082 0.263 0.009 0.005 0.642
0.016 0.251 0.161 0.005 0.567
0.175 0.007 0.002 0.023 0.794
0.001 0.105 0.001 0.006 0.887
0.005 0.273 0.018 0.001 0.703
0.019 0.000 0.000 0.001 0.978
0.004 0.002 0.006 0.001 0.987
0.021 0.011 0.131 0.012 0.825
0.006 0.364 0.008 0.007 0.615
0.002 0.432 0.002 0.002 0.560
0.063 0.039 0.238 0.052 0.606
0.110 0.005 0.009 0.048 0.828
0.008 0.078 0.003 0.001 0.910
0.005 0.269 0.001 0.001 0.725
0.018 0.139 0.009 0.061 0.773
0.021 0.419 0.033 0.001 0.527
0.085 0.318 0.041 0.077 0.479
0.212 0.069 0.109 0.015 0.595
0.001 0.088 0.008 0.008 0.894
0.002 0.002 0.004 0.005 0.987
0.010 0.007 0.002 0.002 0.979
0.066 0.008 0.137 0.016 0.773
0.452 0.071 0.011 0.001 0.466
0.007 0.003 0.003 0.036 0.950
0.087 0.128 0.026 0.008 0.752
0.003 0.001 0.007 0.016 0.974
0.005 0.132 0.047 0.055 0.761
0.003 0.002 0.004 0.004 0.987
0.471 0.115 0.000 0.001 0.413
0.106 0.029 0.075 0.003 0.787
0.004 0.010 0.003 0.008 0.975
0.007 0.005 0.011 0.004 0.973
0.005 0.027 0.009 0.105 0.854
0.002 0.005 0.001 0.007 0.984
0.006 0.004 0.010 0.058 0.922
0.001 0.002 0.001 0.007 0.989
0.001 0.001 0.001 0.012 0.985
0.003 0.002 0.001 0.005 0.988
0.001 0.001 0.000 0.004 0.994
0.002 0.001 0.001 0.004 0.992
0.001 0.001 0.007 0.008 0.983
0.001 0.001 0.001 0.001 0.995
0.002 0.001 0.003 0.003 0.990
0.001 0.001 0.002 0.002 0.994
0.002 0.003 0.002 0.002 0.992
0.001 0.001 0.001 0.004 0.993
0.004 0.007 0.005 0.022 0.962
0.005 0.002 0.012 0.001 0.979
0.007 0.002 0.008 0.005 0.978
0.001 0.001 0.001 0.003 0.995
0.003 0.002 0.002 0.006 0.986
0.001 0.001 0.001 0.002 0.996
0.004 0.001 0.017 0.022 0.954
0.001 0.001 0.003 0.005 0.989
0.011 0.009 0.022 0.014 0.944
0.002 0.001 0.001 0.003 0.993
0.005 0.159 0.004 0.002 0.831
0.253 0.019 0.161 0.009 0.559
0.003 0.002 0.399 0.032 0.564
0.001 0.485 0.017 0.018 0.478
0.005 0.035 0.001 0.189 0.770
0.001 0.273 0.001 0.025 0.699
0.003 0.436 0.002 0.009 0.550
0.003 0.287 0.003 0.016 0.692
0.003 0.439 0.001 0.029 0.528
0.004 0.003 0.009 0.819 0.165
0.001 0.003 0.003 0.512 0.481
0.009 0.071 0.001 0.886 0.034
0.004 0.002 0.002 0.837 0.155
0.012 0.844 0.039 0.088 0.017
0.001 0.989 0.002 0.005 0.003
0.005 0.984 0.006 0.002 0.003
0.003 0.985 0.006 0.005 0.001
0.006 0.971 0.005 0.009 0.009
0.003 0.987 0.003 0.002 0.005
0.010 0.003 0.009 0.004 0.975
0.022 0.002 0.004 0.009 0.962
0.005 0.010 0.019 0.002 0.964
0.005 0.000 0.003 0.003 0.989
0.002 0.005 0.007 0.008 0.978
0.004 0.002 0.009 0.007 0.978
0.001 0.001 0.006 0.003 0.989
0.008 0.002 0.007 0.005 0.978
0.005 0.001 0.002 0.004 0.988
0.074 0.005 0.016 0.003 0.902
0.007 0.002 0.002 0.008 0.982
0.002 0.002 0.002 0.028 0.966
0.001 0.001 0.001 0.001 0.996
0.002 0.002 0.002 0.019 0.974
0.011 0.003 0.003 0.003 0.980
0.000 0.001 0.003 0.002 0.994
0.002 0.002 0.003 0.018 0.976
0.005 0.020 0.004 0.003 0.967
0.222 0.007 0.004 0.034 0.733
0.010 0.002 0.020 0.007 0.961
0.003 0.001 0.008 0.001 0.986
0.002 0.002 0.005 0.001 0.990
0.003 0.001 0.006 0.019 0.971
0.009 0.012 0.020 0.018 0.940
0.019 0.001 0.022 0.002 0.956
0.004 0.001 0.003 0.008 0.983
0.004 0.009 0.001 0.227 0.760
0.001 0.000 0.001 0.002 0.995
0.000 0.001 0.000 0.001 0.998
0.001 0.005 0.001 0.003 0.991
0.000 0.001 0.001 0.001 0.997
0.006 0.002 0.007 0.001 0.985
0.019 0.005 0.023 0.004 0.949
0.001 0.002 0.002 0.006 0.988
0.003 0.003 0.003 0.003 0.987
0.003 0.003 0.008 0.001 0.984
0.004 0.003 0.002 0.002 0.990
0.089 0.002 0.025 0.006 0.877
0.003 0.003 0.003 0.004 0.988
0.009 0.001 0.029 0.006 0.955
0.001 0.001 0.002 0.005 0.990
0.004 0.001 0.001 0.002 0.992
0.012 0.002 0.003 0.083 0.900
0.002 0.001 0.001 0.077 0.920
0.003 0.002 0.008 0.012 0.975
0.010 0.003 0.006 0.003 0.977
0.019 0.007 0.036 0.002 0.936
0.023 0.025 0.017 0.028 0.907
0.011 0.001 0.007 0.001 0.980
0.017 0.002 0.005 0.001 0.976
0.004 0.005 0.002 0.006 0.984
0.001 0.006 0.001 0.003 0.990
0.002 0.002 0.005 0.003 0.988
0.001 0.006 0.002 0.010 0.982
0.001 0.003 0.002 0.057 0.938
0.018 0.003 0.045 0.010 0.924
0.002 0.002 0.006 0.004 0.986
0.002 0.001 0.003 0.001 0.994
0.006 0.001 0.001 0.005 0.986
0.001 0.001 0.003 0.001 0.994
0.006 0.002 0.003 0.001 0.988
0.005 0.002 0.005 0.007 0.981
0.004 0.004 0.003 0.004 0.984
0.001 0.002 0.001 0.002 0.994
0.008 0.001 0.002 0.002 0.987
0.006 0.003 0.003 0.010 0.978
0.008 0.002 0.008 0.012 0.971
0.007 0.001 0.015 0.002 0.975
0.001 0.020 0.003 0.023 0.954
0.049 0.001 0.059 0.030 0.861
0.001 0.002 0.000 0.003 0.993
0.003 0.001 0.004 0.004 0.988
0.005 0.001 0.002 0.001 0.991
0.002 0.980 0.005 0.006 0.006
0.004 0.987 0.003 0.005 0.002
0.002 0.987 0.007 0.002 0.002
0.025 0.946 0.018 0.009 0.002
0.003 0.958 0.001 0.027 0.011
0.003 0.990 0.002 0.003 0.002
0.004 0.990 0.004 0.001 0.002
0.006 0.960 0.004 0.025 0.005
0.008 0.948 0.009 0.032 0.004
0.001 0.995 0.001 0.003 0.001
0.002 0.991 0.001 0.004 0.001
0.004 0.979 0.004 0.005 0.008
0.001 0.990 0.002 0.006 0.001
0.015 0.962 0.011 0.005 0.008
0.005 0.977 0.006 0.009 0.003
0.051 0.902 0.039 0.006 0.002
0.005 0.982 0.001 0.007 0.004
0.003 0.964 0.002 0.029 0.002
0.000 0.994 0.001 0.002 0.002
0.001 0.983 0.005 0.008 0.002
0.001 0.998 0.000 0.000 0.000
0.006 0.966 0.003 0.013 0.012
0.002 0.990 0.003 0.000 0.004
0.001 0.993 0.002 0.002 0.002
0.000 0.972 0.001 0.021 0.006
0.006 0.973 0.002 0.008 0.012
0.002 0.979 0.011 0.003 0.004
0.001 0.985 0.002 0.006 0.006
0.032 0.926 0.012 0.025 0.005
0.003 0.986 0.004 0.003 0.004
0.011 0.930 0.004 0.051 0.005
0.001 0.938 0.001 0.055 0.005
0.000 0.972 0.001 0.010 0.016
0.001 0.985 0.004 0.005 0.004
0.002 0.927 0.002 0.051 0.018
0.002 0.988 0.001 0.006 0.004
0.005 0.950 0.011 0.028 0.007
0.013 0.938 0.007 0.037 0.005
0.005 0.975 0.008 0.003 0.010
0.002 0.985 0.003 0.005 0.005
0.002 0.985 0.001 0.007 0.005
0.001 0.992 0.001 0.005 0.001
0.003 0.990 0.001 0.001 0.005
0.009 0.976 0.009 0.005 0.001
0.002 0.976 0.005 0.010 0.007
0.006 0.967 0.003 0.022 0.002
0.002 0.990 0.001 0.004 0.003
0.024 0.929 0.015 0.029 0.003
0.003 0.973 0.005 0.009 0.010
0.007 0.979 0.001 0.009 0.004
0.005 0.975 0.011 0.009 0.001
0.001 0.986 0.004 0.005 0.004
0.018 0.949 0.002 0.025 0.006
0.001 0.988 0.005 0.003 0.004
0.003 0.991 0.001 0.004 0.001
0.000 0.763 0.001 0.233 0.002
0.591 0.001 0.222 0.154 0.032
0.267 0.002 0.206 0.521 0.003
0.248 0.017 0.664 0.054 0.017
0.380 0.009 0.107 0.030 0.475
0.146 0.000 0.738 0.051 0.065
0.004 0.002 0.568 0.009 0.416
0.807 0.002 0.185 0.004 0.002
0.761 0.006 0.227 0.006 0.002
0.009 0.502 0.001 0.007 0.481
0.001 0.630 0.009 0.090 0.269
0.803 0.014 0.007 0.078 0.099
0.079 0.001 0.912 0.002 0.006
0.656 0.007 0.191 0.144 0.002
0.649 0.008 0.035 0.008 0.300
0.556 0.001 0.438 0.002 0.003
0.003 0.519 0.001 0.001 0.476
0.001 0.334 0.002 0.021 0.642
0.011 0.746 0.004 0.008 0.231
0.015 0.607 0.009 0.074 0.294
0.004 0.658 0.004 0.013 0.321
0.225 0.349 0.016 0.036 0.373
0.055 0.715 0.002 0.008 0.220
0.001 0.553 0.001 0.003 0.442
0.001 0.493 0.001 0.001 0.504
0.151 0.377 0.030 0.102 0.340
0.007 0.447 0.003 0.001 0.543
0.002 0.640 0.002 0.011 0.344
0.001 0.624 0.001 0.113 0.261
0.005 0.283 0.017 0.064 0.631
0.001 0.611 0.002 0.002 0.383
0.155 0.445 0.006 0.019 0.375
0.005 0.742 0.005 0.246 0.002
0.006 0.591 0.003 0.014 0.386
0.002 0.370 0.212 0.005 0.411
0.010 0.654 0.002 0.008 0.327
0.004 0.712 0.001 0.019 0.264
0.001 0.644 0.001 0.172 0.183
0.001 0.581 0.003 0.010 0.404
0.001 0.595 0.005 0.215 0.184
0.696 0.001 0.302 0.001 0.001
0.888 0.000 0.110 0.001 0.001
0.002 0.668 0.005 0.008 0.317
0.056 0.252 0.428 0.044 0.220
0.011 0.294 0.020 0.007 0.668
0.000 0.634 0.001 0.359 0.006
0.005 0.493 0.009 0.002 0.492
0.228 0.233 0.021 0.035 0.484
0.001 0.571 0.005 0.008 0.415
0.001 0.618 0.001 0.140 0.240
0.001 0.486 0.001 0.003 0.509
0.009 0.457 0.004 0.003 0.526
0.002 0.416 0.001 0.006 0.575
0.001 0.341 0.005 0.003 0.650
0.002 0.660 0.001 0.002 0.336
0.552 0.010 0.315 0.001 0.122
0.429 0.000 0.425 0.016 0.130
0.344 0.005 0.001 0.002 0.648
0.007 0.119 0.552 0.002 0.320
0.724 0.042 0.098 0.113 0.023
0.003 0.519 0.001 0.008 0.469
0.004 0.705 0.003 0.013 0.275
0.001 0.578 0.002 0.243 0.176
0.001 0.570 0.001 0.114 0.314
0.004 0.744 0.006 0.001 0.245
0.052 0.317 0.249 0.001 0.380
0.002 0.683 0.004 0.026 0.285
0.664 0.003 0.310 0.008 0.015
0.050 0.003 0.601 0.004 0.342
0.963 0.001 0.029 0.001 0.005
0.292 0.002 0.702 0.001 0.003
0.474 0.002 0.521 0.002 0.002
0.017 0.969 0.008 0.002 0.003
0.002 0.986 0.002 0.009 0.002
0.001 0.982 0.002 0.011 0.004
0.012 0.944 0.011 0.032 0.001
0.006 0.980 0.005 0.003 0.005
0.002 0.993 0.001 0.003 0.002
0.005 0.923 0.003 0.028 0.041
0.024 0.949 0.016 0.003 0.007
0.007 0.958 0.002 0.030 0.004
0.005 0.973 0.005 0.005 0.012
0.003 0.982 0.005 0.001 0.010
0.002 0.981 0.002 0.013 0.002
0.000 0.984 0.002 0.009 0.005
0.003 0.983 0.004 0.006 0.005
0.005 0.931 0.007 0.036 0.021
0.002 0.994 0.001 0.001 0.001
0.013 0.944 0.038 0.003 0.003
0.622 0.002 0.023 0.001 0.352
0.089 0.002 0.838 0.010 0.061
0.276 0.000 0.722 0.001 0.000
0.897 0.006 0.049 0.008 0.040
0.003 0.951 0.033 0.005 0.007
0.017 0.897 0.024 0.058 0.005
0.007 0.897 0.001 0.027 0.068
0.002 0.788 0.004 0.201 0.005
0.004 0.954 0.006 0.033 0.003
0.011 0.920 0.007 0.059 0.003
0.031 0.929 0.037 0.002 0.002
0.025 0.962 0.005 0.006 0.003
0.001 0.628 0.003 0.367 0.001
0.002 0.986 0.002 0.007 0.004
0.001 0.971 0.003 0.018 0.007
0.002 0.982 0.003 0.011 0.002
0.006 0.970 0.006 0.011 0.006
0.007 0.980 0.007 0.004 0.002
0.013 0.957 0.015 0.007 0.008
0.002 0.968 0.002 0.004 0.024
0.010 0.973 0.004 0.005 0.008
0.004 0.958 0.004 0.024 0.010
0.004 0.965 0.001 0.018 0.011
0.004 0.984 0.006 0.003 0.003
0.004 0.984 0.005 0.004 0.003
0.005 0.558 0.006 0.003 0.428
0.001 0.520 0.001 0.007 0.472
0.952 0.000 0.046 0.001 0.001
0.005 0.709 0.014 0.022 0.250
0.001 0.596 0.001 0.004 0.398
0.002 0.705 0.003 0.002 0.288
0.415 0.012 0.509 0.048 0.017
0.982 0.001 0.014 0.001 0.002
0.476 0.001 0.518 0.003 0.002
0.013 0.899 0.003 0.075 0.009
0.002 0.994 0.000 0.002 0.002
0.001 0.996 0.001 0.002 0.001
0.006 0.971 0.002 0.015 0.006
0.001 0.986 0.002 0.007 0.005
0.003 0.989 0.004 0.003 0.001
0.002 0.982 0.003 0.010 0.003
0.064 0.855 0.023 0.047 0.011
0.025 0.944 0.014 0.005 0.013
0.019 0.901 0.019 0.025 0.036
0.005 0.965 0.011 0.008 0.011
0.006 0.971 0.002 0.017 0.005
0.003 0.934 0.005 0.006 0.053
0.003 0.975 0.003 0.019 0.001
0.008 0.953 0.007 0.030 0.003
0.004 0.928 0.002 0.063 0.003
0.001 0.995 0.002 0.000 0.001
0.796 0.098 0.047 0.054 0.005
0.012 0.003 0.850 0.006 0.129
0.027 0.430 0.012 0.037 0.494
0.001 0.631 0.003 0.015 0.350
0.002 0.667 0.000 0.142 0.189
0.008 0.967 0.004 0.006 0.015
0.004 0.983 0.004 0.007 0.002
0.002 0.981 0.004 0.012 0.001
0.001 0.994 0.001 0.004 0.001
0.002 0.991 0.003 0.004 0.001
0.003 0.985 0.004 0.007 0.001
0.005 0.987 0.000 0.005 0.003
0.001 0.989 0.003 0.003 0.004
0.008 0.980 0.001 0.006 0.004
0.004 0.976 0.001 0.015 0.004
0.010 0.935 0.007 0.043 0.004
0.002 0.993 0.001 0.002 0.003
0.004 0.979 0.005 0.007 0.005
0.001 0.995 0.001 0.001 0.001
0.001 0.996 0.002 0.001 0.000
0.002 0.992 0.003 0.002 0.001
0.003 0.954 0.003 0.006 0.033
0.001 0.992 0.001 0.004 0.002
0.020 0.958 0.015 0.001 0.006
0.002 0.993 0.001 0.003 0.001
0.002 0.001 0.001 0.002 0.995
0.005 0.003 0.010 0.037 0.946
0.003 0.002 0.001 0.004 0.990
0.005 0.003 0.006 0.003 0.983
0.001 0.002 0.001 0.005 0.990
0.002 0.002 0.002 0.003 0.991
0.012 0.002 0.008 0.012 0.966
0.012 0.007 0.007 0.005 0.968
0.002 0.002 0.004 0.001 0.992
0.005 0.000 0.000 0.005 0.989
0.001 0.003 0.002 0.011 0.984
0.005 0.003 0.016 0.007 0.969
0.001 0.000 0.002 0.005 0.992
0.013 0.001 0.015 0.002 0.969
0.026 0.874 0.029 0.065 0.006
0.001 0.151 0.002 0.129 0.717
0.004 0.257 0.001 0.060 0.678
0.642 0.002 0.352 0.001 0.002
0.469 0.006 0.101 0.001 0.422
0.001 0.774 0.005 0.007 0.212
0.004 0.375 0.002 0.028 0.591
0.012 0.600 0.005 0.060 0.323
0.004 0.463 0.002 0.004 0.527
0.012 0.553 0.001 0.013 0.420
0.001 0.592 0.001 0.004 0.402
0.003 0.760 0.001 0.015 0.221
0.076 0.488 0.165 0.133 0.137
0.002 0.773 0.003 0.003 0.219
0.002 0.578 0.002 0.002 0.415
0.001 0.720 0.001 0.019 0.258
0.049 0.001 0.723 0.018 0.208
0.719 0.001 0.194 0.015 0.071
0.015 0.003 0.819 0.007 0.156
0.562 0.000 0.277 0.009 0.152
0.007 0.657 0.004 0.002 0.331
0.004 0.512 0.015 0.100 0.370
0.002 0.680 0.002 0.003 0.313
0.002 0.557 0.001 0.073 0.367
0.004 0.353 0.010 0.003 0.630
0.005 0.509 0.001 0.048 0.438
0.010 0.674 0.007 0.065 0.245
0.007 0.405 0.006 0.009 0.573
0.006 0.128 0.833 0.004 0.029
0.940 0.001 0.055 0.003 0.001
0.938 0.002 0.057 0.001 0.002
0.004 0.448 0.003 0.002 0.543
0.817 0.001 0.062 0.005 0.116
0.973 0.001 0.025 0.001 0.000
0.994 0.001 0.002 0.002 0.002
0.900 0.004 0.074 0.016 0.006
0.002 0.085 0.781 0.130 0.002
0.897 0.001 0.100 0.001 0.001
0.933 0.001 0.064 0.002 0.001
0.536 0.001 0.328 0.007 0.129
0.987 0.002 0.006 0.004 0.001
0.299 0.001 0.301 0.001 0.397
0.616 0.002 0.378 0.001 0.003
0.013 0.004 0.974 0.004 0.004
0.022 0.014 0.731 0.008 0.225
0.001 0.465 0.001 0.003 0.530
0.001 0.534 0.004 0.049 0.412
0.002 0.979 0.001 0.010 0.008
0.014 0.972 0.003 0.006 0.005
0.003 0.990 0.002 0.004 0.002
0.002 0.995 0.001 0.001 0.001
0.001 0.996 0.001 0.002 0.001
0.001 0.994 0.002 0.002 0.001
0.001 0.991 0.002 0.002 0.003
0.003 0.984 0.002 0.004 0.008
0.003 0.984 0.003 0.006 0.004
0.005 0.960 0.005 0.018 0.013
0.003 0.986 0.001 0.007 0.003
0.010 0.966 0.004 0.019 0.002
0.001 0.981 0.001 0.014 0.003
0.003 0.992 0.001 0.003 0.002
0.002 0.990 0.001 0.003 0.003
0.001 0.980 0.001 0.012 0.006
0.010 0.940 0.046 0.002 0.001
0.031 0.882 0.020 0.056 0.011
0.002 0.982 0.003 0.007 0.006
0.011 0.875 0.003 0.104 0.007
0.006 0.963 0.019 0.007 0.005
0.007 0.969 0.007 0.014 0.003
0.035 0.905 0.051 0.003 0.007
0.001 0.967 0.005 0.020 0.007
0.019 0.954 0.009 0.011 0.007
0.004 0.985 0.004 0.005 0.002
0.017 0.931 0.011 0.017 0.025
0.001 0.953 0.003 0.030 0.012
0.007 0.973 0.007 0.007 0.007
0.004 0.985 0.003 0.003 0.005
0.001 0.986 0.002 0.008 0.003
0.001 0.989 0.005 0.003 0.002
0.008 0.971 0.004 0.011 0.006
0.006 0.934 0.010 0.024 0.025
0.002 0.993 0.003 0.001 0.002
0.877 0.001 0.121 0.001 0.001
0.016 0.005 0.664 0.020 0.296
0.181 0.052 0.049 0.001 0.718
0.007 0.000 0.710 0.024 0.259
0.095 0.001 0.903 0.000 0.001
0.535 0.001 0.120 0.001 0.343
0.209 0.055 0.639 0.049 0.049
0.932 0.002 0.056 0.007 0.003
0.810 0.084 0.102 0.004 0.001
0.083 0.001 0.593 0.176 0.147
0.831 0.001 0.167 0.001 0.001
0.529 0.001 0.221 0.017 0.232
0.860 0.004 0.109 0.005 0.023
0.960 0.003 0.016 0.011 0.010
0.984 0.001 0.013 0.002 0.001
0.956 0.002 0.034 0.004 0.004
0.887 0.003 0.105 0.001 0.004
0.894 0.001 0.100 0.002 0.003
0.890 0.001 0.102 0.001 0.005
0.106 0.005 0.510 0.001 0.378
0.308 0.001 0.690 0.001 0.001
0.226 0.028 0.707 0.023 0.016
0.815 0.001 0.182 0.001 0.001
0.143 0.005 0.294 0.003 0.556
0.899 0.000 0.095 0.003 0.002
0.002 0.005 0.002 0.988 0.003
0.001 0.010 0.003 0.923 0.063
0.002 0.001 0.000 0.647 0.349
0.001 0.003 0.002 0.490 0.505
0.992 0.001 0.005 0.001 0.000
0.705 0.032 0.254 0.002 0.007
0.957 0.004 0.013 0.024 0.002
0.355 0.006 0.139 0.016 0.483
0.512 0.002 0.141 0.018 0.327
0.333 0.002 0.188 0.108 0.369
0.986 0.001 0.010 0.002 0.002
0.004 0.976 0.006 0.010 0.004
0.001 0.996 0.001 0.001 0.001
0.004 0.983 0.008 0.003 0.003
0.003 0.954 0.002 0.036 0.005
0.785 0.001 0.212 0.000 0.002
0.641 0.002 0.349 0.006 0.002
0.727 0.002 0.251 0.017 0.003
0.677 0.002 0.040 0.001 0.280
0.971 0.005 0.018 0.002 0.003
0.849 0.001 0.149 0.001 0.001
0.854 0.100 0.011 0.032 0.003
0.851 0.001 0.139 0.004 0.006
0.450 0.001 0.394 0.001 0.154
0.195 0.005 0.785 0.001 0.014
0.196 0.003 0.785 0.006 0.011
0.992 0.000 0.006 0.001 0.001
0.851 0.002 0.128 0.013 0.005
0.934 0.001 0.049 0.008 0.007
0.976 0.000 0.001 0.014 0.008
0.956 0.003 0.029 0.001 0.010
0.945 0.001 0.052 0.001 0.001
0.121 0.000 0.878 0.000 0.000
0.688 0.001 0.309 0.001 0.001
0.926 0.002 0.070 0.001 0.001
0.489 0.009 0.483 0.013 0.006
0.538 0.002 0.456 0.001 0.002
0.447 0.023 0.496 0.018 0.016
0.986 0.000 0.011 0.001 0.001
0.955 0.006 0.014 0.011 0.014
0.914 0.001 0.082 0.001 0.002
0.984 0.001 0.013 0.002 0.001
0.001 0.008 0.002 0.564 0.425
0.016 0.001 0.034 0.790 0.159
0.009 0.123 0.020 0.732 0.117
0.012 0.005 0.017 0.892 0.074
0.002 0.003 0.001 0.946 0.048
0.936 0.002 0.048 0.010 0.004
0.913 0.003 0.076 0.006 0.002
0.900 0.005 0.038 0.009 0.048
0.834 0.002 0.144 0.016 0.004
0.342 0.002 0.627 0.006 0.022
0.992 0.000 0.006 0.000 0.001
0.977 0.006 0.015 0.001 0.002
0.975 0.002 0.020 0.002 0.001
0.814 0.004 0.166 0.011 0.005
0.710 0.001 0.278 0.003 0.007
0.976 0.002 0.002 0.008 0.012
0.089 0.005 0.892 0.008 0.006
0.983 0.001 0.009 0.003 0.003
0.987 0.001 0.010 0.001 0.001
0.956 0.000 0.041 0.002 0.001
0.956 0.001 0.035 0.001 0.006
0.001 0.001 0.001 0.764 0.233
0.002 0.001 0.002 0.966 0.029
0.013 0.003 0.008 0.694 0.282
0.003 0.024 0.005 0.589 0.378
0.005 0.002 0.008 0.970 0.016
0.003 0.014 0.004 0.917 0.061
0.003 0.004 0.002 0.655 0.337
0.001 0.001 0.003 0.656 0.339
0.001 0.001 0.006 0.986 0.006
0.004 0.002 0.007 0.968 0.018
0.970 0.005 0.009 0.009 0.007
0.932 0.002 0.057 0.007 0.002
0.809 0.018 0.158 0.008 0.006
0.884 0.002 0.104 0.001 0.008
0.741 0.001 0.254 0.002 0.001
0.989 0.000 0.009 0.002 0.000
0.001 0.001 0.003 0.684 0.310
0.003 0.001 0.002 0.916 0.077
0.010 0.000 0.011 0.978 0.001
0.002 0.006 0.013 0.974 0.006
0.006 0.001 0.008 0.973 0.012
0.001 0.002 0.002 0.993 0.001
0.004 0.002 0.001 0.818 0.176
0.006 0.001 0.003 0.830 0.160
0.004 0.011 0.004 0.892 0.090
0.010 0.008 0.018 0.809 0.155
0.005 0.003 0.003 0.587 0.402
0.001 0.017 0.001 0.662 0.319
0.009 0.003 0.010 0.885 0.093
0.852 0.004 0.131 0.005 0.007
0.980 0.000 0.015 0.001 0.003
0.979 0.001 0.015 0.003 0.003
0.855 0.003 0.135 0.002 0.005
0.995 0.001 0.002 0.001 0.001
0.813 0.005 0.167 0.014 0.002
0.001 0.005 0.002 0.991 0.001
0.002 0.005 0.001 0.989 0.003
0.003 0.018 0.001 0.951 0.027
0.001 0.002 0.001 0.631 0.366
0.010 0.001 0.013 0.902 0.073
0.003 0.009 0.005 0.693 0.289
0.017 0.009 0.083 0.869 0.022
0.002 0.001 0.004 0.702 0.291
0.004 0.006 0.003 0.944 0.042
0.973 0.000 0.023 0.001 0.002
0.963 0.019 0.006 0.007 0.005
0.982 0.001 0.015 0.001 0.001
0.995 0.001 0.003 0.001 0.000
0.965 0.004 0.012 0.006 0.013
0.281 0.002 0.713 0.002 0.002
0.978 0.004 0.015 0.001 0.002
0.988 0.001 0.004 0.005 0.003
0.994 0.001 0.004 0.001 0.001
0.001 0.003 0.006 0.987 0.003
0.001 0.004 0.002 0.992 0.001
0.009 0.013 0.027 0.938 0.013
0.004 0.002 0.002 0.676 0.317
0.005 0.002 0.002 0.816 0.175
0.006 0.004 0.001 0.984 0.005
0.003 0.014 0.002 0.973 0.009
0.001 0.005 0.001 0.969 0.025
0.032 0.020 0.013 0.631 0.305
0.003 0.003 0.011 0.966 0.017
0.006 0.012 0.007 0.969 0.005
0.007 0.006 0.004 0.979 0.004
0.974 0.003 0.015 0.003 0.005
0.950 0.014 0.004 0.014 0.018
0.913 0.005 0.074 0.003 0.005
0.989 0.001 0.008 0.001 0.001
0.011 0.001 0.985 0.001 0.002
0.989 0.001 0.008 0.001 0.001
0.503 0.041 0.393 0.028 0.035
0.772 0.001 0.024 0.001 0.202
0.986 0.002 0.009 0.001 0.003
0.932 0.023 0.006 0.004 0.035
0.971 0.006 0.005 0.002 0.016
0.954 0.003 0.035 0.005 0.003
0.664 0.005 0.327 0.002 0.002
0.952 0.001 0.043 0.001 0.003
0.965 0.013 0.009 0.004 0.009
0.979 0.001 0.017 0.000 0.002
0.986 0.000 0.012 0.001 0.000
0.956 0.007 0.003 0.015 0.018
0.992 0.001 0.004 0.001 0.001
0.695 0.002 0.297 0.004 0.002
0.986 0.001 0.011 0.001 0.001
0.984 0.002 0.004 0.001 0.010
0.931 0.008 0.041 0.010 0.010
0.894 0.000 0.104 0.001 0.001
0.981 0.001 0.004 0.001 0.014
0.952 0.024 0.013 0.005 0.005
0.779 0.001 0.215 0.002 0.003
0.782 0.001 0.213 0.003 0.002
0.992 0.001 0.003 0.002 0.002
0.853 0.003 0.063 0.021 0.060
0.891 0.024 0.004 0.006 0.075
0.979 0.001 0.013 0.005 0.002
0.855 0.000 0.140 0.002 0.003
0.994 0.000 0.004 0.000 0.000
0.934 0.004 0.023 0.035 0.003
0.993 0.000 0.006 0.001 0.000
0.982 0.003 0.009 0.004 0.002
0.937 0.002 0.058 0.001 0.002
0.983 0.001 0.010 0.003 0.004
0.021 0.001 0.973 0.002 0.003
0.477 0.001 0.517 0.002 0.003
0.841 0.002 0.152 0.004 0.001
0.366 0.001 0.630 0.002 0.001
0.068 0.001 0.929 0.001 0.001
0.976 0.001 0.016 0.002 0.004
0.939 0.001 0.054 0.005 0.001
0.582 0.001 0.415 0.002 0.001
0.897 0.001 0.100 0.001 0.001
0.961 0.003 0.030 0.002 0.004
0.379 0.001 0.614 0.003 0.004
0.320 0.001 0.676 0.002 0.001
0.145 0.001 0.853 0.001 0.000
0.820 0.002 0.177 0.000 0.001
0.798 0.001 0.199 0.001 0.002
0.704 0.000 0.294 0.001 0.001
0.861 0.001 0.137 0.001 0.001
0.939 0.001 0.053 0.001 0.006
0.963 0.009 0.008 0.007 0.014
0.001 0.209 0.003 0.770 0.016
0.002 0.003 0.002 0.988 0.005
0.002 0.028 0.008 0.956 0.006
0.001 0.022 0.002 0.973 0.002
0.002 0.002 0.001 0.839 0.155
0.004 0.001 0.010 0.830 0.155
0.001 0.001 0.003 0.993 0.002
0.000 0.002 0.002 0.802 0.194
0.005 0.001 0.001 0.830 0.163
0.013 0.008 0.036 0.770 0.173
0.866 0.002 0.107 0.008 0.017
0.210 0.001 0.780 0.004 0.005
0.123 0.001 0.866 0.007 0.004
0.963 0.002 0.008 0.020 0.007
0.992 0.001 0.004 0.003 0.001
0.964 0.001 0.028 0.004 0.004
0.960 0.007 0.028 0.002 0.004
0.955 0.001 0.043 0.001 0.001
0.991 0.000 0.007 0.001 0.000
0.791 0.001 0.177 0.010 0.021
0.951 0.002 0.038 0.005 0.004
0.988 0.001 0.009 0.001 0.001
0.906 0.003 0.081 0.008 0.002
0.927 0.001 0.069 0.002 0.002
0.820 0.001 0.178 0.001 0.001
0.959 0.001 0.037 0.001 0.002
0.975 0.002 0.020 0.003 0.001
0.901 0.001 0.096 0.001 0.001
0.482 0.001 0.500 0.002 0.014
0.671 0.003 0.320 0.002 0.004
0.992 0.000 0.003 0.001 0.003
0.763 0.001 0.230 0.005 0.001
0.839 0.001 0.158 0.001 0.001
0.893 0.000 0.106 0.001 0.000
0.559 0.001 0.438 0.001 0.000
0.120 0.003 0.875 0.001 0.001
0.067 0.001 0.923 0.003 0.006
0.959 0.001 0.036 0.002 0.002
0.979 0.001 0.018 0.001 0.001
0.901 0.001 0.096 0.002 0.001
0.849 0.003 0.122 0.015 0.012
0.841 0.002 0.150 0.001 0.006
0.871 0.004 0.037 0.036 0.050
0.924 0.002 0.071 0.002 0.001
0.869 0.003 0.124 0.003 0.001
0.986 0.001 0.012 0.000 0.000
0.786 0.001 0.212 0.001 0.000
0.982 0.000 0.016 0.001 0.001
0.902 0.001 0.092 0.002 0.003
0.991 0.001 0.006 0.000 0.001
0.128 0.002 0.864 0.002 0.003
0.906 0.001 0.090 0.002 0.002
0.972 0.000 0.025 0.000 0.002
0.026 0.006 0.961 0.006 0.001
0.994 0.001 0.004 0.001 0.001
0.944 0.002 0.053 0.002 0.001
0.781 0.001 0.216 0.001 0.001
0.531 0.002 0.464 0.001 0.003
0.989 0.001 0.009 0.000 0.001
0.969 0.000 0.029 0.000 0.001
0.928 0.000 0.065 0.002 0.004
0.520 0.001 0.476 0.002 0.001
0.139 0.001 0.857 0.001 0.001
0.936 0.001 0.061 0.001 0.001
0.870 0.002 0.125 0.001 0.002
0.347 0.001 0.651 0.001 0.001
0.397 0.002 0.589 0.002 0.011
0.424 0.002 0.549 0.019 0.006
0.376 0.001 0.621 0.001 0.002
0.068 0.001 0.930 0.000 0.001
0.048 0.001 0.945 0.003 0.002
0.932 0.002 0.064 0.002 0.001
0.192 0.001 0.805 0.001 0.001
0.051 0.001 0.946 0.001 0.002
0.903 0.002 0.087 0.005 0.003
0.659 0.001 0.332 0.004 0.004
0.145 0.001 0.853 0.001 0.001
0.969 0.001 0.026 0.002 0.002
0.943 0.001 0.054 0.001 0.001
0.085 0.007 0.901 0.004 0.002
0.864 0.001 0.132 0.002 0.000
0.882 0.002 0.111 0.003 0.002
0.034 0.000 0.960 0.003 0.001
0.924 0.002 0.066 0.005 0.003
0.166 0.001 0.814 0.009 0.010
0.814 0.002 0.171 0.002 0.010
0.657 0.001 0.341 0.001 0.001
0.057 0.001 0.940 0.002 0.001
0.141 0.001 0.853 0.001 0.004
0.284 0.001 0.714 0.000 0.001
0.967 0.001 0.029 0.002 0.001
0.932 0.000 0.066 0.001 0.000
0.827 0.004 0.144 0.010 0.016
