0.991 0.000 0.005 0.001 0.003
0.943 0.005 0.004 0.003 0.045
0.987 0.002 0.001 0.006 0.004
0.980 0.004 0.011 0.003 0.002
0.951 0.019 0.007 0.001 0.022
0.949 0.011 0.013 0.005 0.022
0.986 0.004 0.004 0.002 0.004
0.991 0.001 0.003 0.003 0.001
0.990 0.001 0.004 0.001 0.005
0.977 0.013 0.001 0.007 0.003
0.968 0.004 0.020 0.004 0.003
0.986 0.006 0.001 0.004 0.003
0.975 0.005 0.018 0.001 0.002
0.987 0.004 0.007 0.001 0.001
0.976 0.013 0.003 0.005 0.003
0.986 0.002 0.001 0.001 0.010
0.964 0.003 0.021 0.011 0.001
0.990 0.004 0.004 0.001 0.002
0.983 0.004 0.006 0.001 0.007
0.974 0.002 0.010 0.011 0.002
0.978 0.005 0.002 0.012 0.004
0.978 0.001 0.018 0.002 0.002
0.989 0.002 0.003 0.001 0.005
0.969 0.009 0.007 0.009 0.007
0.986 0.001 0.001 0.003 0.008
0.997 0.001 0.001 0.000 0.001
0.991 0.001 0.005 0.000 0.002
0.949 0.021 0.026 0.002 0.001
0.969 0.012 0.010 0.003 0.005
0.965 0.002 0.010 0.015 0.007
0.995 0.001 0.001 0.001 0.001
0.987 0.005 0.003 0.003 0.002
0.980 0.004 0.003 0.012 0.001
0.980 0.002 0.014 0.004 0.001
0.982 0.006 0.002 0.005 0.005
0.936 0.002 0.017 0.007 0.038
0.994 0.001 0.001 0.001 0.003
0.984 0.003 0.009 0.002 0.003
0.989 0.003 0.002 0.002 0.005
0.994 0.001 0.001 0.000 0.003
0.957 0.012 0.004 0.025 0.002
0.854 0.070 0.055 0.001 0.019
0.844 0.003 0.117 0.033 0.003
0.952 0.006 0.004 0.029 0.009
0.987 0.002 0.006 0.002 0.004
0.986 0.009 0.002 0.000 0.002
0.988 0.003 0.002 0.004 0.002
0.875 0.002 0.009 0.110 0.003
0.982 0.007 0.003 0.002 0.006
0.992 0.002 0.003 0.001 0.001
0.976 0.013 0.007 0.001 0.004
0.993 0.002 0.001 0.003 0.001
0.928 0.002 0.002 0.008 0.060
0.968 0.004 0.004 0.006 0.017
0.988 0.002 0.008 0.001 0.001
0.986 0.005 0.002 0.002 0.004
0.985 0.008 0.004 0.001 0.002
0.992 0.000 0.003 0.002 0.003
0.993 0.003 0.002 0.001 0.002
0.945 0.022 0.016 0.010 0.007
0.923 0.014 0.003 0.059 0.001
0.978 0.002 0.005 0.001 0.014
0.954 0.009 0.005 0.025 0.007
0.982 0.001 0.001 0.012 0.004
0.992 0.001 0.004 0.001 0.003
0.919 0.028 0.018 0.031 0.004
0.990 0.004 0.004 0.001 0.001
0.987 0.003 0.004 0.002 0.004
0.970 0.006 0.006 0.002 0.015
0.981 0.002 0.012 0.004 0.002
0.916 0.009 0.001 0.001 0.073
0.986 0.002 0.007 0.001 0.004
0.970 0.003 0.010 0.004 0.013
0.825 0.008 0.013 0.009 0.145
0.983 0.007 0.007 0.001 0.002
0.921 0.043 0.008 0.001 0.026
0.973 0.001 0.003 0.005 0.018
0.974 0.003 0.001 0.002 0.020
0.946 0.016 0.004 0.012 0.021
0.947 0.034 0.010 0.005 0.003
0.993 0.001 0.002 0.002 0.002
0.956 0.011 0.021 0.001 0.011
0.986 0.004 0.004 0.004 0.002
0.965 0.007 0.003 0.006 0.018
0.991 0.002 0.004 0.001 0.002
0.980 0.005 0.010 0.002 0.003
0.992 0.002 0.005 0.000 0.001
0.970 0.007 0.013 0.007 0.003
0.984 0.002 0.007 0.002 0.004
0.987 0.002 0.005 0.002 0.004
0.755 0.004 0.238 0.002 0.000
0.981 0.003 0.004 0.006 0.006
0.993 0.001 0.003 0.000 0.002
0.985 0.004 0.005 0.002 0.003
0.976 0.003 0.004 0.008 0.008
0.977 0.010 0.001 0.002 0.010
0.002 0.995 0.001 0.001 0.002
0.001 0.990 0.006 0.001 0.002
0.004 0.975 0.013 0.007 0.001
0.007 0.987 0.002 0.002 0.001
0.002 0.996 0.001 0.002 0.000
0.001 0.996 0.002 0.001 0.000
0.002 0.993 0.003 0.001 0.001
0.002 0.994 0.001 0.001 0.002
0.001 0.993 0.004 0.001 0.001
0.001 0.916 0.006 0.001 0.076
0.003 0.980 0.009 0.004 0.003
0.001 0.996 0.001 0.003 0.000
0.002 0.989 0.001 0.007 0.001
0.001 0.991 0.003 0.002 0.003
0.001 0.983 0.009 0.001 0.005
0.001 0.973 0.003 0.022 0.001
0.006 0.969 0.009 0.001 0.015
0.001 0.992 0.004 0.001 0.002
0.001 0.984 0.009 0.005 0.002
0.001 0.989 0.008 0.001 0.001
0.006 0.986 0.002 0.003 0.003
0.003 0.924 0.068 0.004 0.001
0.005 0.986 0.001 0.005 0.003
0.002 0.995 0.002 0.001 0.001
0.001 0.993 0.002 0.002 0.002
0.000 0.998 0.000 0.001 0.001
0.001 0.993 0.002 0.001 0.003
0.001 0.991 0.001 0.001 0.006
0.003 0.984 0.011 0.001 0.001
0.003 0.991 0.004 0.001 0.001
0.001 0.989 0.006 0.002 0.002
0.004 0.992 0.002 0.001 0.001
0.003 0.993 0.002 0.001 0.001
0.001 0.988 0.002 0.004 0.005
0.005 0.987 0.002 0.002 0.005
0.003 0.984 0.004 0.008 0.001
0.000 0.991 0.005 0.003 0.002
0.004 0.954 0.007 0.009 0.025
0.007 0.941 0.027 0.025 0.000
0.007 0.974 0.008 0.002 0.009
0.004 0.988 0.006 0.001 0.002
0.001 0.991 0.003 0.002 0.003
0.001 0.994 0.004 0.001 0.001
0.003 0.994 0.002 0.001 0.001
0.002 0.995 0.001 0.001 0.001
0.003 0.992 0.002 0.001 0.002
0.002 0.988 0.004 0.003 0.004
0.002 0.995 0.001 0.001 0.001
0.002 0.959 0.032 0.006 0.001
0.000 0.993 0.005 0.001 0.000
0.001 0.990 0.001 0.007 0.001
0.001 0.981 0.012 0.005 0.001
0.019 0.962 0.011 0.003 0.005
0.006 0.985 0.006 0.001 0.003
0.001 0.995 0.001 0.001 0.002
0.006 0.976 0.010 0.005 0.003
0.112 0.879 0.007 0.001 0.001
0.003 0.920 0.044 0.005 0.028
0.001 0.948 0.026 0.001 0.023
0.013 0.954 0.021 0.001 0.011
0.014 0.912 0.031 0.007 0.036
0.024 0.937 0.033 0.002 0.003
0.005 0.964 0.028 0.002 0.000
0.008 0.970 0.008 0.010 0.005
0.002 0.972 0.011 0.002 0.013
0.007 0.985 0.002 0.001 0.005
0.010 0.965 0.007 0.012 0.006
0.010 0.982 0.004 0.001 0.003
0.002 0.888 0.003 0.015 0.092
0.064 0.910 0.021 0.003 0.002
0.002 0.985 0.010 0.002 0.001
0.003 0.982 0.005 0.003 0.008
0.001 0.994 0.002 0.001 0.002
0.003 0.981 0.005 0.001 0.010
0.007 0.969 0.008 0.001 0.015
0.010 0.922 0.053 0.003 0.011
0.009 0.958 0.024 0.003 0.005
0.001 0.990 0.003 0.001 0.005
0.001 0.992 0.005 0.001 0.001
0.000 0.993 0.003 0.002 0.002
0.001 0.970 0.009 0.017 0.003
0.001 0.995 0.002 0.001 0.001
0.005 0.917 0.072 0.002 0.004
0.002 0.994 0.003 0.001 0.000
0.001 0.993 0.005 0.001 0.001
0.010 0.977 0.008 0.004 0.002
0.012 0.956 0.016 0.001 0.015
0.005 0.980 0.008 0.005 0.002
0.001 0.989 0.006 0.003 0.001
0.003 0.993 0.002 0.001 0.001
0.000 0.993 0.001 0.005 0.001
0.001 0.995 0.002 0.001 0.001
0.001 0.994 0.002 0.001 0.002
0.006 0.989 0.003 0.001 0.001
0.003 0.985 0.006 0.001 0.005
0.001 0.904 0.085 0.004 0.006
0.002 0.985 0.004 0.001 0.008
0.017 0.970 0.008 0.003 0.002
0.000 0.998 0.001 0.000 0.000
0.002 0.992 0.002 0.003 0.002
0.005 0.977 0.013 0.002 0.003
0.001 0.995 0.002 0.001 0.001
0.007 0.966 0.017 0.001 0.009
0.189 0.807 0.002 0.001 0.001
0.070 0.906 0.011 0.001 0.012
0.002 0.986 0.001 0.001 0.010
0.003 0.986 0.002 0.006 0.003
0.036 0.929 0.001 0.002 0.031
0.067 0.915 0.001 0.001 0.016
0.038 0.851 0.009 0.001 0.101
0.050 0.918 0.012 0.000 0.020
0.025 0.958 0.014 0.002 0.001
0.010 0.563 0.419 0.005 0.003
0.004 0.989 0.003 0.001 0.002
0.018 0.941 0.027 0.003 0.011
0.150 0.804 0.041 0.002 0.003
0.002 0.907 0.042 0.002 0.047
0.045 0.913 0.013 0.002 0.027
0.017 0.972 0.003 0.001 0.007
0.003 0.986 0.002 0.007 0.003
0.018 0.852 0.015 0.003 0.112
0.013 0.961 0.020 0.001 0.005
0.002 0.794 0.003 0.008 0.193
0.001 0.990 0.005 0.001 0.004
0.003 0.978 0.009 0.003 0.007
0.005 0.935 0.026 0.001 0.033
0.048 0.906 0.014 0.002 0.029
0.008 0.978 0.008 0.002 0.004
0.001 0.994 0.001 0.001 0.004
0.188 0.695 0.101 0.001 0.015
0.000 0.996 0.002 0.001 0.001
0.006 0.992 0.001 0.001 0.001
0.156 0.654 0.173 0.003 0.013
0.035 0.793 0.001 0.002 0.170
0.003 0.929 0.048 0.014 0.005
0.011 0.920 0.050 0.004 0.015
0.005 0.982 0.005 0.003 0.005
0.071 0.852 0.015 0.003 0.060
0.002 0.959 0.015 0.007 0.017
0.007 0.972 0.003 0.000 0.018
0.071 0.787 0.137 0.000 0.005
0.006 0.976 0.010 0.001 0.006
0.027 0.917 0.014 0.002 0.039
0.006 0.955 0.006 0.002 0.031
0.002 0.988 0.001 0.006 0.004
0.015 0.951 0.017 0.005 0.012
0.004 0.967 0.013 0.003 0.013
0.049 0.904 0.031 0.002 0.014
0.004 0.981 0.004 0.007 0.003
0.005 0.988 0.002 0.003 0.002
0.015 0.915 0.053 0.003 0.014
0.088 0.864 0.035 0.002 0.011
0.006 0.957 0.020 0.008 0.009
0.031 0.959 0.006 0.002 0.002
0.005 0.976 0.012 0.002 0.005
0.004 0.980 0.008 0.003 0.004
0.037 0.935 0.009 0.001 0.017
0.001 0.992 0.004 0.001 0.002
0.072 0.632 0.292 0.003 0.001
0.009 0.975 0.006 0.009 0.001
0.006 0.975 0.010 0.007 0.002
0.003 0.993 0.001 0.002 0.001
0.002 0.991 0.003 0.002 0.002
0.007 0.952 0.032 0.007 0.003
0.032 0.852 0.028 0.003 0.084
0.034 0.871 0.052 0.002 0.041
0.057 0.883 0.033 0.002 0.026
0.005 0.977 0.009 0.000 0.009
0.015 0.886 0.055 0.002 0.042
0.007 0.947 0.011 0.032 0.004
0.002 0.986 0.002 0.001 0.009
0.043 0.889 0.059 0.007 0.003
0.000 0.996 0.002 0.001 0.001
0.006 0.967 0.018 0.003 0.006
0.145 0.847 0.005 0.001 0.002
0.011 0.972 0.010 0.001 0.006
0.004 0.987 0.005 0.002 0.002
0.006 0.983 0.009 0.001 0.001
0.008 0.909 0.004 0.004 0.075
0.008 0.918 0.044 0.029 0.001
0.093 0.858 0.028 0.006 0.015
0.001 0.970 0.005 0.001 0.023
0.035 0.940 0.014 0.002 0.009
0.004 0.990 0.002 0.002 0.003
0.001 0.989 0.005 0.004 0.001
0.992 0.001 0.002 0.002 0.003
0.994 0.001 0.002 0.001 0.002
0.916 0.015 0.001 0.002 0.066
0.974 0.009 0.011 0.000 0.006
0.993 0.001 0.002 0.002 0.001
0.867 0.001 0.007 0.002 0.123
0.961 0.013 0.012 0.006 0.008
0.997 0.000 0.001 0.000 0.001
0.968 0.003 0.006 0.005 0.017
0.991 0.001 0.001 0.003 0.004
0.975 0.008 0.006 0.003 0.007
0.971 0.013 0.008 0.000 0.009
0.994 0.003 0.001 0.001 0.002
0.993 0.003 0.002 0.001 0.001
0.977 0.002 0.002 0.002 0.018
0.997 0.001 0.001 0.000 0.001
0.981 0.002 0.000 0.007 0.010
0.976 0.009 0.001 0.001 0.013
0.983 0.003 0.004 0.007 0.004
0.989 0.002 0.004 0.001 0.003
0.983 0.005 0.001 0.009 0.002
0.981 0.004 0.005 0.001 0.009
0.984 0.002 0.005 0.009 0.000
0.987 0.005 0.003 0.001 0.003
0.978 0.004 0.013 0.003 0.003
0.972 0.001 0.023 0.003 0.002
0.970 0.011 0.011 0.002 0.006
0.988 0.004 0.003 0.004 0.002
0.977 0.002 0.008 0.011 0.002
0.991 0.003 0.002 0.002 0.002
0.995 0.001 0.002 0.001 0.001
0.959 0.021 0.010 0.002 0.008
0.960 0.002 0.001 0.015 0.022
0.992 0.004 0.001 0.002 0.002
0.961 0.018 0.002 0.016 0.003
0.994 0.002 0.001 0.002 0.001
0.939 0.006 0.015 0.001 0.040
0.955 0.020 0.015 0.001 0.009
0.949 0.001 0.002 0.025 0.022
0.972 0.003 0.004 0.001 0.020
0.995 0.001 0.001 0.001 0.001
0.973 0.010 0.006 0.001 0.010
0.002 0.958 0.003 0.007 0.030
0.018 0.504 0.003 0.391 0.085
0.003 0.981 0.008 0.002 0.007
0.975 0.010 0.005 0.010 0.001
0.994 0.001 0.002 0.001 0.002
0.984 0.002 0.009 0.001 0.004
0.990 0.004 0.002 0.001 0.004
0.972 0.003 0.007 0.001 0.017
0.995 0.001 0.002 0.001 0.002
0.990 0.003 0.003 0.001 0.003
0.956 0.021 0.016 0.006 0.001
0.990 0.004 0.002 0.001 0.003
0.993 0.001 0.004 0.001 0.001
0.976 0.008 0.008 0.001 0.007
0.972 0.013 0.010 0.004 0.001
0.994 0.001 0.001 0.001 0.002
0.972 0.003 0.007 0.002 0.015
0.996 0.001 0.001 0.001 0.001
0.993 0.003 0.003 0.001 0.001
0.991 0.003 0.002 0.001 0.003
0.987 0.007 0.003 0.001 0.002
0.993 0.001 0.003 0.002 0.002
0.993 0.003 0.003 0.001 0.000
0.962 0.008 0.007 0.002 0.021
0.986 0.002 0.001 0.002 0.008
0.989 0.003 0.006 0.000 0.002
0.972 0.002 0.001 0.009 0.016
0.992 0.001 0.002 0.001 0.004
0.973 0.008 0.003 0.001 0.015
0.961 0.008 0.023 0.002 0.007
0.984 0.002 0.002 0.003 0.010
0.953 0.003 0.005 0.012 0.027
0.983 0.002 0.009 0.001 0.005
0.992 0.002 0.003 0.003 0.001
0.944 0.008 0.006 0.002 0.039
0.975 0.008 0.003 0.002 0.011
0.983 0.001 0.002 0.001 0.013
0.777 0.003 0.001 0.004 0.215
0.002 0.624 0.001 0.173 0.200
0.007 0.540 0.003 0.020 0.429
0.027 0.893 0.058 0.006 0.017
0.013 0.797 0.009 0.008 0.172
0.987 0.003 0.005 0.001 0.005
0.945 0.008 0.025 0.005 0.018
0.992 0.002 0.004 0.000 0.001
0.949 0.007 0.004 0.003 0.038
0.993 0.001 0.002 0.002 0.002
0.952 0.019 0.014 0.013 0.002
0.992 0.003 0.003 0.001 0.001
0.984 0.007 0.003 0.001 0.005
0.995 0.002 0.001 0.001 0.002
0.989 0.001 0.006 0.001 0.003
0.961 0.002 0.020 0.003 0.012
0.994 0.002 0.001 0.002 0.000
0.993 0.002 0.002 0.002 0.001
0.989 0.002 0.002 0.004 0.003
0.990 0.001 0.003 0.001 0.005
0.945 0.002 0.021 0.029 0.003
0.994 0.001 0.001 0.001 0.002
0.993 0.001 0.001 0.000 0.004
0.951 0.003 0.003 0.004 0.039
0.961 0.004 0.007 0.025 0.003
0.990 0.001 0.002 0.003 0.004
0.970 0.002 0.006 0.003 0.019
0.970 0.006 0.013 0.005 0.006
0.987 0.002 0.004 0.002 0.005
0.987 0.005 0.001 0.006 0.002
0.977 0.008 0.008 0.003 0.003
0.995 0.001 0.001 0.002 0.002
0.995 0.001 0.001 0.001 0.002
0.021 0.872 0.094 0.011 0.002
0.015 0.804 0.009 0.002 0.170
0.004 0.679 0.137 0.159 0.021
0.011 0.947 0.008 0.002 0.032
0.001 0.969 0.001 0.013 0.015
0.003 0.986 0.002 0.006 0.003
0.003 0.718 0.003 0.018 0.258
0.045 0.929 0.014 0.011 0.002
0.001 0.782 0.002 0.003 0.212
0.983 0.006 0.008 0.001 0.003
0.936 0.017 0.036 0.008 0.003
0.989 0.002 0.002 0.002 0.004
0.992 0.003 0.003 0.001 0.001
0.995 0.001 0.000 0.003 0.001
0.923 0.013 0.002 0.060 0.002
0.984 0.003 0.001 0.001 0.011
0.993 0.001 0.001 0.001 0.004
0.985 0.001 0.006 0.005 0.003
0.951 0.004 0.003 0.005 0.037
0.991 0.002 0.002 0.001 0.004
0.989 0.001 0.003 0.001 0.005
0.987 0.001 0.002 0.002 0.008
0.991 0.001 0.004 0.001 0.003
0.925 0.002 0.067 0.003 0.003
0.003 0.981 0.011 0.005 0.000
0.003 0.513 0.000 0.002 0.482
0.002 0.459 0.004 0.423 0.112
0.001 0.862 0.084 0.044 0.009
0.003 0.862 0.016 0.056 0.063
0.001 0.633 0.021 0.002 0.342
0.006 0.793 0.000 0.200 0.000
0.001 0.668 0.004 0.003 0.324
0.003 0.848 0.006 0.005 0.137
0.003 0.979 0.006 0.011 0.001
0.002 0.752 0.002 0.244 0.001
0.011 0.803 0.003 0.003 0.179
0.005 0.773 0.002 0.017 0.202
0.002 0.993 0.004 0.001 0.001
0.003 0.899 0.044 0.046 0.008
0.158 0.750 0.070 0.006 0.016
0.001 0.678 0.002 0.005 0.315
0.005 0.503 0.005 0.017 0.470
0.025 0.948 0.014 0.002 0.011
0.002 0.984 0.003 0.009 0.001
0.002 0.968 0.025 0.002 0.003
0.037 0.747 0.001 0.002 0.214
0.003 0.175 0.071 0.012 0.740
0.001 0.772 0.000 0.210 0.016
0.003 0.801 0.001 0.002 0.193
0.031 0.743 0.001 0.011 0.214
0.001 0.874 0.002 0.122 0.001
0.004 0.990 0.002 0.001 0.003
0.003 0.927 0.004 0.042 0.023
0.008 0.744 0.003 0.005 0.240
0.002 0.848 0.013 0.136 0.001
0.093 0.883 0.006 0.010 0.008
0.001 0.693 0.029 0.076 0.201
0.001 0.592 0.002 0.265 0.140
0.001 0.362 0.003 0.634 0.000
0.004 0.924 0.038 0.002 0.033
0.011 0.893 0.085 0.008 0.003
0.003 0.950 0.004 0.039 0.005
0.015 0.259 0.001 0.723 0.002
0.014 0.548 0.124 0.004 0.310
0.009 0.678 0.005 0.002 0.306
0.002 0.994 0.001 0.001 0.002
0.002 0.583 0.002 0.115 0.299
0.002 0.539 0.010 0.001 0.448
0.001 0.390 0.003 0.002 0.604
0.008 0.517 0.003 0.086 0.387
0.009 0.877 0.041 0.005 0.069
0.032 0.903 0.014 0.016 0.035
0.002 0.706 0.202 0.010 0.080
0.007 0.665 0.001 0.225 0.102
0.001 0.288 0.001 0.001 0.709
0.002 0.976 0.020 0.001 0.001
0.007 0.303 0.001 0.402 0.287
0.002 0.539 0.001 0.004 0.453
0.002 0.843 0.002 0.025 0.128
0.002 0.572 0.063 0.008 0.355
0.002 0.644 0.008 0.180 0.165
0.000 0.919 0.011 0.001 0.069
0.002 0.454 0.053 0.171 0.319
0.001 0.794 0.004 0.002 0.200
0.002 0.777 0.005 0.002 0.214
0.002 0.792 0.001 0.006 0.199
0.002 0.928 0.006 0.061 0.003
0.010 0.781 0.194 0.012 0.002
0.062 0.714 0.004 0.129 0.091
0.021 0.637 0.003 0.005 0.334
0.002 0.965 0.002 0.028 0.002
0.001 0.953 0.005 0.038 0.003
0.008 0.740 0.017 0.026 0.210
0.002 0.967 0.013 0.016 0.002
0.018 0.845 0.062 0.071 0.005
0.001 0.949 0.001 0.037 0.012
0.005 0.432 0.075 0.002 0.486
0.003 0.742 0.001 0.249 0.005
0.003 0.845 0.002 0.146 0.004
0.187 0.338 0.005 0.054 0.417
0.000 0.596 0.007 0.012 0.384
0.005 0.778 0.005 0.205 0.007
0.001 0.791 0.008 0.002 0.198
0.001 0.810 0.005 0.001 0.183
0.001 0.939 0.005 0.003 0.052
0.004 0.420 0.102 0.471 0.004
0.001 0.119 0.019 0.861 0.000
0.001 0.550 0.001 0.322 0.126
0.006 0.969 0.007 0.011 0.006
0.005 0.753 0.033 0.002 0.208
0.001 0.532 0.001 0.001 0.465
0.005 0.990 0.001 0.001 0.002
0.000 0.597 0.002 0.017 0.383
0.004 0.604 0.001 0.054 0.337
0.001 0.718 0.034 0.048 0.200
0.006 0.983 0.003 0.004 0.005
0.028 0.184 0.014 0.169 0.605
0.002 0.663 0.003 0.000 0.332
0.064 0.915 0.008 0.001 0.012
0.003 0.230 0.004 0.336 0.428
0.003 0.987 0.004 0.000 0.006
0.004 0.654 0.000 0.101 0.241
0.005 0.972 0.006 0.016 0.001
0.001 0.850 0.005 0.008 0.137
0.009 0.967 0.006 0.007 0.011
0.002 0.601 0.011 0.379 0.006
0.002 0.912 0.019 0.043 0.024
0.000 0.943 0.002 0.053 0.002
0.004 0.661 0.006 0.325 0.004
0.002 0.674 0.001 0.268 0.055
0.005 0.958 0.004 0.005 0.028
0.002 0.826 0.006 0.002 0.165
0.001 0.721 0.016 0.012 0.250
0.003 0.726 0.057 0.212 0.002
0.003 0.923 0.005 0.022 0.047
0.002 0.982 0.014 0.001 0.001
0.001 0.095 0.029 0.001 0.875
0.007 0.190 0.081 0.324 0.399
0.002 0.687 0.008 0.004 0.299
0.009 0.557 0.009 0.004 0.421
0.001 0.090 0.167 0.005 0.737
0.002 0.687 0.009 0.012 0.289
0.004 0.738 0.005 0.006 0.247
0.019 0.617 0.003 0.010 0.351
0.002 0.589 0.009 0.001 0.398
0.000 0.453 0.008 0.062 0.476
0.002 0.702 0.001 0.003 0.293
0.002 0.919 0.015 0.034 0.030
0.006 0.445 0.002 0.004 0.543
0.002 0.613 0.002 0.000 0.382
0.001 0.198 0.000 0.280 0.520
0.080 0.486 0.004 0.009 0.422
0.010 0.676 0.004 0.072 0.238
0.005 0.184 0.004 0.006 0.801
0.010 0.632 0.021 0.016 0.321
0.002 0.505 0.001 0.001 0.491
0.003 0.433 0.016 0.076 0.472
0.001 0.525 0.003 0.004 0.467
0.001 0.658 0.279 0.001 0.061
0.005 0.668 0.034 0.005 0.288
0.003 0.742 0.001 0.058 0.197
0.001 0.921 0.059 0.003 0.017
0.001 0.286 0.003 0.440 0.270
0.002 0.583 0.013 0.395 0.007
0.003 0.907 0.013 0.060 0.017
0.102 0.814 0.035 0.001 0.049
0.013 0.586 0.010 0.229 0.163
0.001 0.794 0.002 0.004 0.199
0.021 0.539 0.008 0.273 0.158
0.007 0.417 0.006 0.233 0.337
0.028 0.887 0.037 0.032 0.016
0.002 0.924 0.030 0.013 0.031
0.040 0.529 0.025 0.014 0.392
0.098 0.450 0.001 0.170 0.281
0.014 0.779 0.002 0.170 0.036
0.008 0.771 0.002 0.000 0.219
0.001 0.528 0.003 0.015 0.453
0.001 0.992 0.002 0.003 0.002
0.001 0.992 0.001 0.003 0.003
0.002 0.793 0.013 0.141 0.051
0.001 0.516 0.015 0.003 0.465
0.000 0.116 0.004 0.009 0.871
0.015 0.548 0.069 0.296 0.073
0.000 0.805 0.051 0.043 0.101
0.001 0.702 0.001 0.003 0.293
0.003 0.570 0.001 0.001 0.426
0.035 0.676 0.014 0.033 0.243
0.009 0.352 0.006 0.027 0.607
0.001 0.133 0.093 0.154 0.619
0.007 0.413 0.005 0.307 0.268
0.002 0.745 0.016 0.006 0.231
0.008 0.965 0.004 0.001 0.021
0.001 0.994 0.001 0.001 0.002
0.002 0.663 0.001 0.169 0.164
0.004 0.403 0.002 0.429 0.162
0.009 0.945 0.030 0.003 0.013
0.001 0.601 0.012 0.061 0.324
0.001 0.987 0.004 0.007 0.001
0.027 0.764 0.010 0.037 0.163
0.001 0.888 0.001 0.003 0.107
0.002 0.278 0.001 0.477 0.242
0.002 0.607 0.003 0.169 0.219
0.001 0.715 0.001 0.000 0.282
0.003 0.893 0.004 0.003 0.098
0.050 0.916 0.028 0.002 0.003
0.003 0.985 0.009 0.001 0.002
0.002 0.966 0.017 0.012 0.002
0.001 0.994 0.002 0.002 0.001
0.001 0.989 0.006 0.001 0.003
0.001 0.993 0.003 0.001 0.001
0.001 0.979 0.016 0.002 0.002
0.002 0.991 0.004 0.001 0.001
0.001 0.996 0.001 0.001 0.001
0.002 0.995 0.001 0.001 0.001
0.001 0.997 0.001 0.001 0.000
0.000 0.994 0.002 0.001 0.003
0.002 0.989 0.006 0.000 0.004
0.001 0.993 0.004 0.001 0.001
0.015 0.962 0.018 0.003 0.002
0.002 0.989 0.003 0.005 0.001
0.001 0.993 0.003 0.002 0.001
0.001 0.994 0.002 0.001 0.002
0.001 0.989 0.006 0.003 0.001
0.001 0.995 0.001 0.001 0.001
0.002 0.980 0.007 0.009 0.002
0.002 0.983 0.013 0.001 0.001
0.006 0.970 0.001 0.019 0.004
0.001 0.992 0.006 0.001 0.001
0.027 0.729 0.000 0.002 0.242
0.011 0.502 0.004 0.410 0.072
0.001 0.397 0.042 0.373 0.187
0.013 0.054 0.008 0.014 0.910
0.001 0.597 0.010 0.001 0.391
0.001 0.376 0.001 0.002 0.620
0.001 0.128 0.091 0.001 0.779
0.003 0.564 0.001 0.004 0.429
0.003 0.308 0.004 0.005 0.680
0.005 0.145 0.836 0.001 0.013
0.007 0.517 0.458 0.010 0.008
0.065 0.099 0.803 0.009 0.023
0.001 0.193 0.801 0.002 0.003
0.847 0.015 0.120 0.011 0.007
0.988 0.002 0.005 0.002 0.004
0.983 0.002 0.009 0.002 0.004
0.978 0.001 0.010 0.008 0.003
0.966 0.004 0.004 0.025 0.001
0.996 0.000 0.002 0.001 0.001
0.001 0.991 0.004 0.003 0.001
0.001 0.960 0.003 0.033 0.003
0.003 0.990 0.004 0.003 0.001
0.001 0.993 0.004 0.001 0.001
0.001 0.990 0.005 0.003 0.001
0.002 0.993 0.004 0.001 0.001
0.001 0.992 0.004 0.001 0.002
0.002 0.988 0.004 0.002 0.004
0.001 0.984 0.006 0.009 0.001
0.004 0.923 0.009 0.061 0.003
0.002 0.985 0.009 0.002 0.001
0.003 0.969 0.025 0.003 0.001
0.001 0.993 0.004 0.001 0.001
0.008 0.980 0.008 0.001 0.002
0.002 0.992 0.003 0.002 0.001
0.001 0.993 0.001 0.005 0.001
0.004 0.951 0.038 0.002 0.005
0.029 0.936 0.017 0.005 0.013
0.002 0.780 0.007 0.209 0.002
0.001 0.963 0.005 0.028 0.003
0.001 0.996 0.001 0.002 0.000
0.001 0.987 0.003 0.001 0.007
0.001 0.976 0.013 0.009 0.000
0.018 0.963 0.009 0.007 0.003
0.002 0.979 0.007 0.009 0.003
0.003 0.985 0.003 0.006 0.003
0.030 0.783 0.184 0.001 0.002
0.000 0.997 0.002 0.001 0.000
0.001 0.998 0.000 0.001 0.001
0.003 0.992 0.003 0.001 0.001
0.001 0.997 0.001 0.000 0.001
0.002 0.994 0.003 0.001 0.000
0.008 0.963 0.011 0.012 0.005
0.001 0.991 0.005 0.001 0.002
0.001 0.994 0.001 0.003 0.001
0.003 0.990 0.002 0.004 0.001
0.004 0.978 0.003 0.002 0.012
0.001 0.955 0.004 0.036 0.003
0.001 0.994 0.002 0.002 0.001
0.001 0.973 0.004 0.020 0.001
0.002 0.993 0.003 0.000 0.002
0.001 0.985 0.009 0.003 0.001
0.002 0.945 0.038 0.013 0.002
0.002 0.968 0.024 0.002 0.005
0.003 0.989 0.002 0.001 0.005
0.009 0.974 0.004 0.009 0.004
0.007 0.970 0.004 0.018 0.002
0.025 0.931 0.023 0.019 0.002
0.001 0.995 0.003 0.001 0.001
0.002 0.970 0.003 0.025 0.001
0.007 0.981 0.006 0.001 0.005
0.003 0.983 0.011 0.001 0.003
0.001 0.993 0.002 0.002 0.001
0.001 0.987 0.007 0.001 0.004
0.001 0.978 0.015 0.002 0.005
0.002 0.940 0.034 0.021 0.002
0.005 0.984 0.005 0.004 0.002
0.001 0.996 0.001 0.002 0.001
0.002 0.987 0.003 0.006 0.001
0.001 0.994 0.002 0.002 0.001
0.002 0.989 0.002 0.001 0.006
0.006 0.961 0.002 0.007 0.024
0.001 0.987 0.008 0.001 0.003
0.001 0.992 0.004 0.001 0.002
0.001 0.991 0.002 0.005 0.001
0.003 0.980 0.003 0.013 0.001
0.002 0.982 0.002 0.011 0.003
0.001 0.986 0.005 0.007 0.001
0.006 0.979 0.013 0.001 0.002
0.002 0.848 0.047 0.102 0.001
0.002 0.989 0.007 0.001 0.002
0.001 0.997 0.001 0.000 0.001
0.001 0.992 0.001 0.004 0.002
0.987 0.005 0.006 0.001 0.001
0.987 0.002 0.006 0.003 0.002
0.988 0.002 0.002 0.004 0.003
0.972 0.003 0.008 0.009 0.008
0.963 0.020 0.006 0.009 0.002
0.995 0.001 0.002 0.001 0.001
0.996 0.001 0.001 0.001 0.001
0.985 0.001 0.005 0.002 0.006
0.967 0.004 0.012 0.012 0.005
0.991 0.002 0.001 0.001 0.005
0.990 0.001 0.003 0.002 0.004
0.979 0.008 0.008 0.003 0.001
0.992 0.001 0.003 0.001 0.003
0.980 0.009 0.002 0.007 0.002
0.989 0.002 0.004 0.004 0.002
0.912 0.008 0.009 0.063 0.008
0.979 0.005 0.002 0.004 0.010
0.962 0.014 0.019 0.001 0.003
0.994 0.001 0.002 0.003 0.001
0.988 0.001 0.004 0.002 0.005
0.996 0.001 0.000 0.001 0.001
0.980 0.014 0.004 0.001 0.002
0.993 0.002 0.002 0.001 0.001
0.995 0.001 0.001 0.002 0.002
0.943 0.010 0.018 0.000 0.029
0.979 0.010 0.006 0.003 0.002
0.987 0.008 0.001 0.002 0.001
0.987 0.002 0.007 0.002 0.001
0.943 0.004 0.011 0.029 0.012
0.992 0.004 0.001 0.002 0.001
0.943 0.002 0.047 0.003 0.005
0.935 0.010 0.048 0.001 0.006
0.972 0.020 0.003 0.001 0.004
0.984 0.003 0.007 0.001 0.005
0.894 0.010 0.091 0.002 0.003
0.989 0.004 0.003 0.003 0.001
0.966 0.009 0.016 0.007 0.002
0.959 0.005 0.030 0.003 0.003
0.979 0.004 0.003 0.010 0.004
0.970 0.015 0.007 0.003 0.004
0.991 0.002 0.003 0.001 0.003
0.987 0.003 0.007 0.002 0.002
0.994 0.002 0.002 0.001 0.000
0.991 0.002 0.002 0.004 0.002
0.985 0.002 0.007 0.004 0.003
0.979 0.006 0.008 0.005 0.003
0.988 0.004 0.002 0.001 0.005
0.925 0.004 0.046 0.020 0.006
0.968 0.006 0.016 0.002 0.008
0.989 0.004 0.004 0.002 0.001
0.963 0.001 0.008 0.021 0.008
0.986 0.002 0.006 0.001 0.005
0.948 0.009 0.019 0.022 0.001
0.991 0.004 0.001 0.001 0.002
0.987 0.004 0.002 0.002 0.006
0.746 0.001 0.251 0.001 0.001
0.001 0.001 0.175 0.812 0.012
0.001 0.000 0.528 0.470 0.000
0.010 0.012 0.029 0.893 0.056
0.008 0.482 0.008 0.500 0.002
0.001 0.090 0.035 0.873 0.001
0.004 0.430 0.001 0.563 0.002
0.003 0.003 0.007 0.981 0.006
0.002 0.001 0.002 0.993 0.002
0.001 0.248 0.004 0.004 0.743
0.006 0.003 0.005 0.003 0.983
0.019 0.041 0.123 0.816 0.001
0.001 0.004 0.001 0.993 0.001
0.003 0.028 0.082 0.857 0.031
0.006 0.278 0.022 0.685 0.009
0.002 0.004 0.002 0.991 0.002
0.008 0.181 0.003 0.000 0.808
0.002 0.338 0.003 0.002 0.656
0.001 0.000 0.001 0.000 0.998
0.033 0.017 0.058 0.008 0.884
0.000 0.001 0.000 0.001 0.998
0.007 0.201 0.012 0.234 0.546
0.001 0.001 0.001 0.002 0.995
0.001 0.001 0.001 0.000 0.997
0.002 0.166 0.001 0.005 0.827
0.004 0.003 0.113 0.204 0.676
0.036 0.381 0.002 0.001 0.579
0.002 0.002 0.001 0.000 0.994
0.001 0.001 0.002 0.001 0.995
0.001 0.394 0.003 0.001 0.602
0.007 0.008 0.001 0.004 0.980
0.001 0.120 0.039 0.134 0.706
0.693 0.005 0.039 0.002 0.261
0.006 0.023 0.009 0.006 0.957
0.040 0.325 0.000 0.133 0.502
0.092 0.043 0.006 0.002 0.857
0.002 0.000 0.001 0.001 0.996
0.000 0.000 0.003 0.000 0.996
0.002 0.186 0.011 0.004 0.796
0.080 0.005 0.146 0.001 0.768
0.000 0.002 0.001 0.996 0.001
0.000 0.001 0.001 0.998 0.001
0.015 0.002 0.002 0.005 0.976
0.005 0.003 0.025 0.486 0.482
0.001 0.380 0.000 0.017 0.602
0.002 0.002 0.004 0.003 0.988
0.017 0.148 0.005 0.011 0.818
0.002 0.340 0.003 0.222 0.433
0.001 0.001 0.002 0.001 0.996
0.013 0.007 0.036 0.001 0.942
0.005 0.040 0.002 0.002 0.951
0.001 0.211 0.000 0.000 0.787
0.001 0.167 0.027 0.002 0.804
0.002 0.203 0.000 0.003 0.792
0.077 0.041 0.014 0.009 0.859
0.001 0.138 0.002 0.856 0.003
0.005 0.148 0.000 0.845 0.002
0.004 0.665 0.016 0.313 0.001
0.114 0.323 0.018 0.538 0.006
0.107 0.007 0.030 0.845 0.011
0.010 0.097 0.008 0.002 0.883
0.001 0.000 0.000 0.001 0.997
0.006 0.006 0.004 0.002 0.983
0.003 0.024 0.006 0.005 0.963
0.003 0.001 0.001 0.001 0.995
0.029 0.083 0.001 0.328 0.558
0.029 0.002 0.004 0.002 0.963
0.007 0.013 0.011 0.965 0.003
0.001 0.347 0.002 0.648 0.001
0.001 0.003 0.003 0.991 0.001
0.001 0.003 0.002 0.993 0.001
0.002 0.003 0.002 0.991 0.002
0.965 0.002 0.005 0.026 0.002
0.987 0.002 0.005 0.003 0.004
0.990 0.003 0.004 0.002 0.001
0.948 0.010 0.028 0.012 0.001
0.970 0.009 0.010 0.006 0.004
0.996 0.002 0.001 0.001 0.000
0.927 0.057 0.005 0.009 0.003
0.978 0.007 0.003 0.008 0.004
0.956 0.019 0.020 0.003 0.002
0.992 0.002 0.002 0.002 0.002
0.982 0.006 0.004 0.005 0.003
0.987 0.001 0.008 0.001 0.002
0.975 0.003 0.003 0.001 0.018
0.962 0.006 0.012 0.002 0.019
0.961 0.018 0.013 0.003 0.004
0.993 0.001 0.003 0.003 0.000
0.978 0.001 0.002 0.018 0.001
0.004 0.347 0.002 0.646 0.001
0.001 0.062 0.035 0.901 0.002
0.001 0.001 0.001 0.996 0.001
0.004 0.008 0.009 0.943 0.036
0.944 0.011 0.010 0.022 0.012
0.941 0.004 0.049 0.004 0.001
0.920 0.032 0.038 0.005 0.005
0.786 0.010 0.158 0.002 0.044
0.962 0.003 0.026 0.005 0.004
0.925 0.002 0.059 0.010 0.003
0.918 0.005 0.004 0.070 0.002
0.979 0.004 0.005 0.011 0.001
0.682 0.040 0.273 0.003 0.003
0.970 0.003 0.005 0.002 0.020
0.983 0.002 0.002 0.001 0.012
0.970 0.007 0.016 0.001 0.005
0.989 0.003 0.003 0.003 0.002
0.986 0.004 0.003 0.001 0.005
0.956 0.013 0.012 0.006 0.013
0.979 0.011 0.003 0.003 0.005
0.981 0.007 0.006 0.002 0.004
0.982 0.004 0.007 0.005 0.003
0.924 0.015 0.017 0.006 0.038
0.985 0.008 0.003 0.003 0.002
0.969 0.005 0.004 0.009 0.014
0.001 0.093 0.087 0.010 0.808
0.001 0.112 0.034 0.005 0.847
0.000 0.001 0.000 0.998 0.000
0.048 0.009 0.013 0.052 0.878
0.038 0.040 0.003 0.006 0.913
0.004 0.001 0.000 0.002 0.993
0.013 0.012 0.013 0.935 0.027
0.000 0.001 0.001 0.991 0.007
0.001 0.004 0.004 0.989 0.002
0.907 0.005 0.081 0.005 0.001
0.994 0.000 0.002 0.002 0.003
0.993 0.001 0.001 0.001 0.003
0.961 0.012 0.020 0.006 0.001
0.988 0.001 0.009 0.001 0.001
0.992 0.004 0.002 0.002 0.001
0.981 0.002 0.008 0.005 0.004
0.894 0.024 0.062 0.019 0.001
0.966 0.009 0.010 0.012 0.004
0.892 0.045 0.026 0.017 0.020
0.990 0.001 0.001 0.004 0.003
0.986 0.001 0.009 0.002 0.001
0.937 0.014 0.035 0.007 0.008
0.989 0.001 0.003 0.001 0.006
0.950 0.002 0.040 0.006 0.001
0.935 0.005 0.051 0.005 0.005
0.994 0.001 0.001 0.001 0.003
0.088 0.019 0.004 0.850 0.039
0.009 0.154 0.005 0.828 0.005
0.003 0.282 0.013 0.018 0.684
0.003 0.009 0.003 0.003 0.982
0.001 0.000 0.002 0.001 0.996
0.965 0.017 0.009 0.003 0.006
0.991 0.001 0.003 0.003 0.003
0.980 0.002 0.006 0.003 0.009
0.995 0.001 0.002 0.001 0.002
0.989 0.002 0.004 0.001 0.003
0.981 0.003 0.006 0.004 0.007
0.990 0.004 0.002 0.003 0.001
0.991 0.003 0.004 0.001 0.001
0.981 0.011 0.004 0.003 0.001
0.987 0.005 0.004 0.002 0.001
0.960 0.027 0.008 0.004 0.000
0.992 0.001 0.002 0.003 0.002
0.938 0.002 0.002 0.001 0.057
0.994 0.001 0.003 0.001 0.001
0.997 0.000 0.001 0.001 0.001
0.990 0.001 0.004 0.001 0.004
0.970 0.011 0.009 0.003 0.007
0.992 0.001 0.002 0.000 0.005
0.969 0.006 0.001 0.010 0.014
0.996 0.002 0.001 0.000 0.001
0.000 0.994 0.003 0.001 0.002
0.002 0.930 0.058 0.009 0.001
0.001 0.991 0.003 0.004 0.001
0.001 0.992 0.001 0.006 0.001
0.003 0.995 0.001 0.001 0.001
0.001 0.995 0.001 0.003 0.001
0.001 0.988 0.007 0.002 0.001
0.004 0.975 0.013 0.004 0.004
0.002 0.996 0.001 0.001 0.001
0.001 0.994 0.003 0.002 0.001
0.005 0.977 0.010 0.001 0.007
0.004 0.942 0.019 0.030 0.005
0.001 0.996 0.001 0.001 0.000
0.004 0.965 0.005 0.025 0.001
0.886 0.005 0.027 0.075 0.007
0.001 0.443 0.005 0.003 0.548
0.003 0.439 0.190 0.001 0.367
0.001 0.000 0.001 0.996 0.002
0.006 0.427 0.000 0.560 0.006
0.025 0.002 0.001 0.001 0.971
0.001 0.190 0.007 0.002 0.800
0.017 0.005 0.012 0.002 0.964
0.002 0.030 0.001 0.002 0.966
0.015 0.005 0.060 0.001 0.920
0.001 0.000 0.001 0.000 0.998
0.001 0.000 0.001 0.000 0.997
0.005 0.001 0.019 0.211 0.765
0.000 0.000 0.001 0.001 0.997
0.001 0.001 0.001 0.003 0.994
0.005 0.001 0.002 0.001 0.990
0.001 0.233 0.012 0.753 0.001
0.001 0.082 0.003 0.908 0.005
0.001 0.156 0.003 0.838 0.001
0.001 0.105 0.043 0.851 0.000
0.034 0.007 0.007 0.006 0.947
0.005 0.042 0.012 0.015 0.926
0.002 0.000 0.001 0.000 0.997
0.001 0.002 0.001 0.002 0.995
0.001 0.278 0.001 0.007 0.713
0.003 0.067 0.091 0.005 0.835
0.001 0.001 0.001 0.001 0.996
0.011 0.170 0.293 0.005 0.521
0.154 0.007 0.003 0.829 0.007
0.002 0.002 0.002 0.991 0.002
0.001 0.003 0.003 0.989 0.004
0.003 0.264 0.009 0.004 0.721
0.000 0.113 0.001 0.886 0.000
0.001 0.000 0.001 0.997 0.001
0.001 0.004 0.001 0.993 0.001
0.003 0.012 0.008 0.969 0.009
0.110 0.003 0.094 0.785 0.008
0.001 0.004 0.003 0.992 0.000
0.001 0.001 0.001 0.996 0.001
0.001 0.120 0.020 0.855 0.004
0.001 0.001 0.003 0.992 0.003
0.013 0.404 0.005 0.576 0.002
0.001 0.002 0.002 0.995 0.001
0.004 0.006 0.011 0.974 0.005
0.002 0.199 0.037 0.743 0.020
0.001 0.054 0.057 0.004 0.884
0.005 0.026 0.020 0.016 0.932
0.988 0.004 0.003 0.001 0.005
0.986 0.006 0.004 0.003 0.001
0.983 0.003 0.002 0.001 0.011
0.992 0.004 0.001 0.002 0.001
0.997 0.001 0.001 0.001 0.001
0.995 0.001 0.002 0.001 0.001
0.985 0.003 0.004 0.001 0.006
0.959 0.005 0.003 0.001 0.031
0.985 0.005 0.002 0.003 0.005
0.983 0.002 0.007 0.002 0.006
0.983 0.003 0.010 0.003 0.001
0.980 0.003 0.006 0.007 0.005
0.990 0.001 0.004 0.001 0.004
0.996 0.001 0.001 0.001 0.000
0.993 0.001 0.003 0.001 0.003
0.977 0.003 0.012 0.002 0.007
0.964 0.001 0.006 0.025 0.003
0.866 0.011 0.111 0.010 0.002
0.979 0.003 0.009 0.003 0.007
0.884 0.021 0.084 0.007 0.003
0.958 0.011 0.018 0.006 0.007
0.979 0.008 0.005 0.007 0.002
0.943 0.008 0.001 0.044 0.003
0.973 0.004 0.007 0.003 0.013
0.974 0.002 0.002 0.014 0.008
0.985 0.007 0.003 0.002 0.003
0.916 0.026 0.022 0.034 0.001
0.975 0.010 0.008 0.001 0.006
0.948 0.002 0.008 0.004 0.038
0.978 0.008 0.003 0.003 0.008
0.987 0.002 0.002 0.003 0.006
0.990 0.002 0.002 0.003 0.003
0.949 0.002 0.035 0.004 0.010
0.930 0.020 0.035 0.007 0.007
0.990 0.003 0.003 0.003 0.001
0.000 0.001 0.001 0.997 0.001
0.004 0.343 0.007 0.642 0.003
0.001 0.628 0.001 0.218 0.152
0.001 0.292 0.006 0.695 0.007
0.000 0.001 0.000 0.998 0.000
0.002 0.320 0.004 0.663 0.011
0.053 0.075 0.030 0.836 0.006
0.002 0.001 0.006 0.980 0.012
0.063 0.000 0.005 0.926 0.005
0.001 0.227 0.093 0.678 0.002
0.000 0.002 0.000 0.996 0.001
0.000 0.236 0.003 0.760 0.001
0.001 0.012 0.006 0.980 0.001
0.003 0.010 0.011 0.975 0.002
0.001 0.002 0.001 0.995 0.001
0.004 0.004 0.003 0.987 0.003
0.001 0.002 0.001 0.991 0.006
0.000 0.003 0.001 0.995 0.001
0.001 0.005 0.000 0.993 0.001
0.002 0.375 0.001 0.616 0.006
0.001 0.003 0.000 0.996 0.001
0.051 0.010 0.026 0.912 0.002
0.001 0.001 0.001 0.996 0.001
0.001 0.555 0.005 0.430 0.009
0.001 0.001 0.001 0.997 0.001
0.003 0.005 0.989 0.001 0.003
0.014 0.025 0.913 0.003 0.046
0.001 0.321 0.673 0.001 0.003
0.005 0.452 0.537 0.001 0.005
0.001 0.001 0.001 0.995 0.001
0.036 0.002 0.004 0.953 0.004
0.005 0.003 0.022 0.969 0.001
0.038 0.457 0.007 0.486 0.013
0.013 0.315 0.008 0.663 0.001
0.014 0.390 0.072 0.520 0.004
0.001 0.001 0.001 0.996 0.001
0.967 0.009 0.010 0.003 0.010
0.995 0.001 0.003 0.001 0.001
0.934 0.001 0.004 0.012 0.049
0.982 0.004 0.011 0.000 0.003
0.001 0.000 0.001 0.997 0.000
0.001 0.001 0.002 0.993 0.002
0.000 0.005 0.001 0.987 0.007
0.003 0.230 0.037 0.717 0.014
0.005 0.003 0.004 0.987 0.001
0.000 0.001 0.001 0.997 0.001
0.113 0.002 0.015 0.868 0.001
0.002 0.001 0.001 0.992 0.004
0.001 0.151 0.001 0.845 0.001
0.011 0.009 0.003 0.974 0.003
0.005 0.013 0.005 0.974 0.003
0.001 0.000 0.000 0.998 0.000
0.002 0.004 0.006 0.987 0.001
0.001 0.011 0.007 0.977 0.003
0.003 0.003 0.004 0.985 0.006
0.000 0.006 0.004 0.985 0.005
0.001 0.002 0.001 0.995 0.001
0.001 0.000 0.001 0.998 0.001
0.001 0.001 0.001 0.995 0.001
0.001 0.002 0.002 0.994 0.001
0.018 0.005 0.006 0.968 0.003
0.001 0.004 0.002 0.992 0.001
0.012 0.032 0.029 0.915 0.012
0.000 0.003 0.002 0.993 0.002
0.001 0.005 0.003 0.986 0.005
0.001 0.002 0.001 0.995 0.001
0.000 0.001 0.001 0.998 0.000
0.004 0.400 0.559 0.000 0.037
0.005 0.051 0.918 0.023 0.003
0.049 0.206 0.733 0.005 0.007
0.001 0.115 0.877 0.006 0.001
0.001 0.029 0.967 0.001 0.002
0.001 0.004 0.004 0.990 0.001
0.001 0.003 0.003 0.992 0.002
0.005 0.018 0.003 0.953 0.021
0.002 0.010 0.008 0.977 0.003
0.001 0.018 0.020 0.957 0.005
0.000 0.001 0.000 0.998 0.001
0.003 0.001 0.003 0.992 0.002
0.001 0.003 0.001 0.993 0.002
0.001 0.010 0.004 0.983 0.002
0.001 0.011 0.005 0.968 0.015
0.001 0.003 0.004 0.980 0.013
0.009 0.022 0.003 0.952 0.014
0.001 0.001 0.002 0.995 0.001
0.002 0.004 0.001 0.991 0.002
0.001 0.001 0.000 0.998 0.001
0.001 0.007 0.001 0.989 0.001
0.002 0.120 0.866 0.001 0.011
0.003 0.151 0.845 0.000 0.001
0.005 0.309 0.668 0.018 0.001
0.044 0.345 0.604 0.003 0.003
0.001 0.035 0.956 0.008 0.001
0.020 0.124 0.849 0.003 0.004
0.003 0.305 0.687 0.001 0.004
0.001 0.327 0.669 0.000 0.003
0.001 0.001 0.992 0.003 0.003
0.003 0.008 0.979 0.001 0.009
0.003 0.003 0.017 0.974 0.002
0.001 0.001 0.003 0.990 0.004
0.009 0.004 0.004 0.982 0.001
0.006 0.005 0.003 0.986 0.001
0.002 0.003 0.001 0.993 0.001
0.000 0.001 0.001 0.998 0.000
0.004 0.293 0.694 0.002 0.007
0.001 0.072 0.923 0.002 0.003
0.001 0.001 0.991 0.007 0.000
0.002 0.003 0.988 0.006 0.001
0.001 0.003 0.992 0.004 0.000
0.001 0.001 0.987 0.001 0.010
0.002 0.270 0.720 0.001 0.006
0.001 0.099 0.895 0.003 0.003
0.001 0.129 0.862 0.002 0.006
0.005 0.233 0.752 0.006 0.004
0.002 0.335 0.647 0.010 0.006
0.002 0.301 0.687 0.001 0.009
0.002 0.056 0.922 0.019 0.002
0.004 0.012 0.002 0.979 0.003
0.001 0.003 0.001 0.995 0.001
0.001 0.001 0.001 0.994 0.002
0.001 0.012 0.001 0.983 0.003
0.001 0.001 0.001 0.997 0.000
0.003 0.002 0.005 0.988 0.001
0.002 0.004 0.992 0.001 0.001
0.001 0.001 0.996 0.001 0.001
0.018 0.026 0.952 0.002 0.003
0.001 0.317 0.679 0.001 0.001
0.002 0.061 0.888 0.044 0.005
0.000 0.256 0.671 0.001 0.072
0.005 0.028 0.860 0.100 0.007
0.002 0.327 0.660 0.001 0.010
0.002 0.075 0.911 0.003 0.009
0.001 0.003 0.001 0.994 0.001
0.023 0.004 0.005 0.966 0.002
0.000 0.001 0.000 0.996 0.002
0.001 0.001 0.000 0.998 0.001
0.005 0.004 0.007 0.980 0.004
0.006 0.001 0.002 0.988 0.004
0.001 0.001 0.003 0.992 0.004
0.000 0.003 0.002 0.994 0.001
0.001 0.001 0.000 0.998 0.000
0.002 0.010 0.984 0.001 0.004
0.005 0.002 0.991 0.001 0.001
0.021 0.001 0.942 0.009 0.026
0.002 0.293 0.703 0.001 0.001
0.001 0.240 0.720 0.001 0.038
0.006 0.012 0.976 0.003 0.003
0.048 0.005 0.942 0.002 0.003
0.006 0.011 0.977 0.001 0.004
0.003 0.314 0.606 0.015 0.062
0.004 0.011 0.973 0.009 0.004
0.011 0.003 0.985 0.001 0.001
0.004 0.005 0.988 0.002 0.001
0.001 0.003 0.007 0.985 0.004
0.016 0.013 0.008 0.959 0.005
0.002 0.004 0.003 0.988 0.003
0.001 0.001 0.002 0.995 0.001
0.000 0.001 0.002 0.995 0.001
0.001 0.001 0.001 0.997 0.001
0.052 0.024 0.022 0.898 0.004
0.006 0.153 0.025 0.807 0.010
0.002 0.001 0.001 0.996 0.001
0.012 0.047 0.006 0.931 0.003
0.009 0.004 0.005 0.972 0.010
0.002 0.007 0.007 0.977 0.007
0.002 0.004 0.003 0.986 0.005
0.001 0.003 0.007 0.989 0.001
0.006 0.004 0.004 0.985 0.001
0.001 0.003 0.001 0.993 0.002
0.001 0.001 0.001 0.996 0.001
0.001 0.021 0.016 0.953 0.009
0.001 0.003 0.001 0.994 0.002
0.002 0.004 0.001 0.992 0.001
0.001 0.001 0.001 0.995 0.002
0.000 0.007 0.001 0.989 0.002
0.007 0.006 0.006 0.976 0.005
0.000 0.001 0.001 0.997 0.001
0.001 0.014 0.001 0.983 0.001
0.025 0.003 0.004 0.965 0.004
0.000 0.001 0.002 0.996 0.000
0.001 0.001 0.002 0.996 0.000
0.002 0.001 0.002 0.994 0.001
0.002 0.065 0.015 0.916 0.002
0.034 0.024 0.031 0.907 0.004
0.001 0.003 0.003 0.992 0.001
0.001 0.002 0.002 0.995 0.000
0.000 0.000 0.001 0.998 0.000
0.003 0.016 0.022 0.955 0.003
0.000 0.000 0.001 0.999 0.000
0.001 0.001 0.002 0.995 0.001
0.002 0.001 0.002 0.994 0.002
0.001 0.005 0.003 0.989 0.003
0.001 0.001 0.001 0.996 0.001
0.001 0.001 0.001 0.996 0.001
0.001 0.002 0.001 0.991 0.004
0.001 0.001 0.001 0.996 0.001
0.001 0.004 0.002 0.990 0.003
0.001 0.002 0.002 0.992 0.003
0.000 0.002 0.001 0.995 0.001
0.000 0.001 0.002 0.995 0.001
0.001 0.001 0.001 0.996 0.001
0.005 0.002 0.004 0.985 0.004
0.001 0.005 0.002 0.991 0.001
0.001 0.001 0.001 0.995 0.002
0.000 0.001 0.001 0.998 0.000
0.001 0.001 0.000 0.997 0.001
0.000 0.001 0.000 0.997 0.001
0.000 0.001 0.001 0.998 0.001
0.001 0.000 0.001 0.997 0.001
0.001 0.002 0.008 0.988 0.001
0.011 0.007 0.005 0.973 0.005
0.228 0.008 0.755 0.005 0.005
0.008 0.002 0.989 0.001 0.001
0.037 0.006 0.942 0.011 0.003
0.036 0.002 0.959 0.001 0.003
0.006 0.097 0.894 0.001 0.002
0.000 0.141 0.856 0.001 0.002
0.002 0.006 0.985 0.006 0.000
0.003 0.126 0.854 0.003 0.014
0.001 0.032 0.962 0.003 0.002
0.006 0.163 0.672 0.037 0.123
0.001 0.006 0.002 0.989 0.002
0.001 0.004 0.002 0.993 0.001
0.002 0.017 0.004 0.974 0.002
0.001 0.007 0.008 0.980 0.004
0.000 0.001 0.002 0.996 0.001
0.001 0.002 0.001 0.994 0.002
0.001 0.003 0.002 0.991 0.003
0.000 0.000 0.001 0.998 0.001
0.001 0.001 0.001 0.997 0.000
0.002 0.010 0.009 0.978 0.000
0.003 0.012 0.003 0.980 0.002
0.001 0.001 0.001 0.996 0.001
0.002 0.001 0.002 0.994 0.002
0.001 0.002 0.001 0.995 0.001
0.003 0.003 0.001 0.992 0.001
0.001 0.000 0.001 0.997 0.001
0.002 0.002 0.002 0.992 0.002
0.001 0.001 0.001 0.997 0.001
0.001 0.015 0.006 0.976 0.002
0.003 0.003 0.003 0.987 0.004
0.001 0.004 0.001 0.994 0.001
0.002 0.001 0.001 0.995 0.001
0.001 0.001 0.001 0.993 0.003
0.000 0.001 0.000 0.998 0.000
0.002 0.002 0.001 0.995 0.001
0.004 0.001 0.001 0.993 0.001
0.001 0.021 0.004 0.965 0.009
0.001 0.002 0.001 0.996 0.001
0.001 0.001 0.001 0.998 0.000
0.001 0.001 0.001 0.995 0.001
0.003 0.012 0.008 0.970 0.008
0.002 0.002 0.002 0.990 0.003
0.011 0.065 0.011 0.911 0.003
0.001 0.002 0.001 0.994 0.001
0.002 0.001 0.001 0.996 0.001
0.000 0.000 0.001 0.998 0.000
0.001 0.002 0.001 0.996 0.000
0.000 0.000 0.001 0.998 0.000
0.001 0.002 0.001 0.996 0.001
0.001 0.001 0.001 0.995 0.002
0.001 0.002 0.003 0.993 0.000
0.001 0.003 0.001 0.994 0.001
0.001 0.001 0.001 0.997 0.001
0.007 0.000 0.005 0.986 0.002
0.000 0.000 0.000 0.998 0.000
0.002 0.001 0.002 0.995 0.001
0.001 0.001 0.003 0.995 0.001
0.001 0.002 0.004 0.992 0.001
0.001 0.001 0.000 0.997 0.001
0.001 0.001 0.001 0.996 0.002
0.001 0.002 0.006 0.989 0.002
0.001 0.000 0.001 0.997 0.001
0.003 0.001 0.001 0.995 0.001
0.001 0.001 0.001 0.996 0.001
0.000 0.001 0.002 0.996 0.001
0.000 0.000 0.001 0.998 0.001
0.004 0.003 0.001 0.990 0.002
0.003 0.004 0.008 0.983 0.002
0.001 0.001 0.000 0.998 0.001
0.001 0.001 0.001 0.996 0.001
0.001 0.002 0.003 0.993 0.001
0.001 0.001 0.001 0.997 0.000
0.001 0.000 0.001 0.998 0.000
0.001 0.001 0.001 0.997 0.000
0.001 0.001 0.001 0.996 0.001
0.001 0.012 0.003 0.983 0.001
0.000 0.001 0.001 0.997 0.001
0.000 0.001 0.001 0.997 0.000
0.001 0.001 0.001 0.996 0.000
0.014 0.003 0.002 0.976 0.004
0.002 0.001 0.001 0.995 0.001
0.002 0.001 0.002 0.993 0.002
0.001 0.000 0.001 0.997 0.001
0.002 0.001 0.001 0.994 0.002
0.002 0.007 0.007 0.981 0.003
0.001 0.003 0.002 0.993 0.001
0.000 0.001 0.001 0.997 0.001
0.001 0.001 0.001 0.996 0.001
0.001 0.004 0.001 0.993 0.001
0.000 0.001 0.001 0.996 0.001
0.001 0.002 0.001 0.994 0.001
0.001 0.002 0.001 0.996 0.001
0.004 0.008 0.003 0.979 0.006
