0.980 0.001 0.004 0.004 0.010
0.951 0.002 0.004 0.005 0.037
0.993 0.003 0.001 0.002 0.002
0.982 0.002 0.009 0.004 0.002
0.942 0.001 0.011 0.035 0.011
0.935 0.010 0.005 0.010 0.039
0.991 0.000 0.004 0.001 0.004
0.996 0.001 0.001 0.001 0.002
0.998 0.001 0.000 0.000 0.001
0.963 0.005 0.004 0.011 0.018
0.944 0.004 0.046 0.001 0.006
0.988 0.001 0.004 0.006 0.002
0.971 0.002 0.011 0.015 0.000
0.991 0.002 0.002 0.005 0.001
0.969 0.006 0.010 0.011 0.004
0.993 0.001 0.002 0.001 0.002
0.956 0.001 0.036 0.007 0.001
0.992 0.002 0.001 0.003 0.002
0.985 0.001 0.001 0.003 0.010
0.983 0.007 0.009 0.001 0.001
0.962 0.018 0.002 0.011 0.007
0.967 0.001 0.028 0.001 0.002
0.995 0.000 0.001 0.001 0.002
0.960 0.004 0.010 0.017 0.008
0.986 0.002 0.004 0.001 0.007
0.998 0.000 0.000 0.001 0.001
0.993 0.001 0.004 0.001 0.002
0.943 0.003 0.022 0.030 0.003
0.987 0.002 0.001 0.009 0.001
0.936 0.033 0.023 0.004 0.004
0.994 0.001 0.001 0.001 0.003
0.984 0.006 0.005 0.004 0.001
0.985 0.003 0.001 0.010 0.001
0.985 0.003 0.002 0.007 0.002
0.979 0.003 0.009 0.002 0.007
0.902 0.019 0.002 0.007 0.071
0.990 0.001 0.001 0.002 0.007
0.978 0.007 0.006 0.006 0.003
0.992 0.001 0.002 0.003 0.002
0.994 0.001 0.001 0.002 0.002
0.957 0.014 0.007 0.019 0.003
0.841 0.002 0.057 0.073 0.028
0.897 0.027 0.052 0.014 0.011
0.938 0.047 0.007 0.007 0.002
0.995 0.001 0.001 0.001 0.003
0.989 0.001 0.003 0.006 0.001
0.981 0.003 0.006 0.008 0.003
0.902 0.090 0.003 0.001 0.003
0.989 0.003 0.002 0.003 0.003
0.990 0.002 0.001 0.002 0.004
0.978 0.001 0.007 0.011 0.002
0.993 0.003 0.001 0.001 0.002
0.927 0.004 0.003 0.006 0.061
0.950 0.007 0.009 0.002 0.032
0.988 0.002 0.003 0.007 0.001
0.983 0.002 0.011 0.001 0.003
0.987 0.001 0.004 0.007 0.001
0.993 0.001 0.001 0.001 0.004
0.992 0.001 0.001 0.004 0.003
0.962 0.016 0.008 0.011 0.002
0.940 0.041 0.007 0.011 0.001
0.987 0.002 0.003 0.002 0.006
0.959 0.018 0.001 0.018 0.004
0.981 0.014 0.004 0.001 0.001
0.992 0.001 0.002 0.004 0.001
0.932 0.018 0.004 0.029 0.017
0.995 0.001 0.002 0.001 0.001
0.991 0.002 0.001 0.002 0.003
0.971 0.002 0.007 0.003 0.017
0.983 0.005 0.007 0.003 0.002
0.943 0.003 0.004 0.010 0.040
0.985 0.004 0.003 0.004 0.004
0.958 0.004 0.003 0.002 0.033
0.865 0.006 0.014 0.006 0.109
0.989 0.002 0.003 0.005 0.001
0.927 0.003 0.023 0.026 0.022
0.944 0.003 0.001 0.001 0.051
0.966 0.004 0.004 0.004 0.022
0.939 0.015 0.012 0.022 0.013
0.935 0.006 0.012 0.043 0.004
0.986 0.004 0.008 0.002 0.001
0.921 0.001 0.044 0.024 0.010
0.990 0.001 0.002 0.002 0.004
0.938 0.004 0.044 0.002 0.012
0.993 0.002 0.001 0.001 0.004
0.977 0.006 0.005 0.012 0.001
0.993 0.000 0.002 0.002 0.003
0.969 0.004 0.020 0.007 0.000
0.992 0.001 0.004 0.001 0.003
0.979 0.003 0.007 0.002 0.009
0.782 0.001 0.195 0.019 0.003
0.985 0.002 0.009 0.001 0.003
0.988 0.005 0.003 0.002 0.002
0.992 0.002 0.003 0.001 0.003
0.973 0.005 0.007 0.002 0.014
0.974 0.001 0.004 0.008 0.013
0.005 0.001 0.004 0.989 0.001
0.002 0.003 0.002 0.988 0.005
0.002 0.003 0.006 0.985 0.004
0.007 0.001 0.005 0.985 0.001
0.002 0.001 0.002 0.993 0.002
0.001 0.002 0.001 0.994 0.002
0.003 0.003 0.001 0.993 0.001
0.003 0.002 0.001 0.992 0.001
0.002 0.003 0.002 0.993 0.001
0.001 0.006 0.003 0.911 0.080
0.002 0.005 0.001 0.986 0.007
0.000 0.003 0.001 0.995 0.000
0.001 0.010 0.001 0.986 0.002
0.002 0.003 0.008 0.984 0.003
0.003 0.001 0.005 0.989 0.001
0.001 0.016 0.007 0.975 0.001
0.006 0.000 0.011 0.969 0.014
0.002 0.001 0.000 0.996 0.001
0.003 0.006 0.004 0.985 0.003
0.002 0.003 0.007 0.988 0.001
0.007 0.001 0.002 0.985 0.005
0.002 0.003 0.034 0.958 0.002
0.004 0.017 0.002 0.973 0.004
0.001 0.001 0.008 0.989 0.001
0.002 0.003 0.001 0.990 0.005
0.000 0.002 0.002 0.994 0.001
0.001 0.002 0.001 0.989 0.007
0.001 0.001 0.001 0.997 0.001
0.003 0.001 0.006 0.989 0.001
0.003 0.002 0.001 0.993 0.001
0.001 0.000 0.001 0.997 0.002
0.008 0.000 0.003 0.987 0.001
0.001 0.002 0.001 0.995 0.001
0.001 0.004 0.004 0.987 0.004
0.002 0.002 0.001 0.992 0.004
0.008 0.002 0.011 0.979 0.001
0.001 0.003 0.002 0.993 0.002
0.004 0.031 0.002 0.943 0.019
0.008 0.043 0.005 0.942 0.002
0.006 0.001 0.013 0.967 0.014
0.001 0.001 0.003 0.989 0.006
0.002 0.002 0.001 0.995 0.001
0.001 0.000 0.002 0.995 0.001
0.002 0.002 0.002 0.993 0.001
0.004 0.001 0.003 0.991 0.001
0.001 0.001 0.001 0.996 0.000
0.002 0.002 0.004 0.986 0.007
0.003 0.000 0.003 0.993 0.001
0.002 0.005 0.020 0.971 0.003
0.002 0.001 0.002 0.995 0.001
0.001 0.001 0.002 0.996 0.001
0.001 0.002 0.002 0.994 0.000
0.002 0.004 0.009 0.978 0.007
0.002 0.001 0.007 0.988 0.002
0.001 0.000 0.015 0.978 0.005
0.004 0.004 0.008 0.979 0.005
0.029 0.001 0.009 0.955 0.006
0.017 0.006 0.003 0.963 0.012
0.000 0.004 0.002 0.900 0.094
0.009 0.001 0.022 0.962 0.006
0.002 0.005 0.048 0.887 0.057
0.016 0.003 0.111 0.868 0.002
0.002 0.004 0.028 0.963 0.003
0.001 0.009 0.013 0.974 0.002
0.014 0.001 0.012 0.968 0.005
0.008 0.001 0.009 0.974 0.008
0.001 0.007 0.004 0.956 0.033
0.023 0.001 0.005 0.966 0.004
0.001 0.013 0.005 0.857 0.124
0.035 0.005 0.009 0.947 0.003
0.000 0.001 0.001 0.997 0.001
0.002 0.005 0.008 0.981 0.005
0.003 0.001 0.001 0.992 0.003
0.004 0.001 0.010 0.979 0.006
0.006 0.002 0.008 0.979 0.005
0.010 0.005 0.040 0.938 0.006
0.010 0.002 0.024 0.961 0.003
0.001 0.003 0.003 0.989 0.003
0.001 0.003 0.002 0.993 0.001
0.001 0.001 0.006 0.992 0.001
0.002 0.016 0.007 0.975 0.001
0.002 0.001 0.002 0.990 0.005
0.003 0.003 0.097 0.895 0.003
0.001 0.001 0.005 0.993 0.001
0.001 0.002 0.005 0.991 0.001
0.011 0.006 0.005 0.976 0.003
0.010 0.001 0.032 0.922 0.035
0.007 0.002 0.006 0.983 0.001
0.002 0.002 0.004 0.990 0.002
0.002 0.001 0.001 0.995 0.001
0.001 0.003 0.002 0.994 0.001
0.001 0.002 0.000 0.996 0.001
0.003 0.002 0.001 0.993 0.001
0.004 0.000 0.001 0.990 0.005
0.003 0.002 0.003 0.988 0.004
0.005 0.002 0.080 0.909 0.005
0.004 0.000 0.008 0.978 0.010
0.007 0.002 0.011 0.977 0.002
0.000 0.001 0.001 0.997 0.000
0.001 0.001 0.001 0.993 0.004
0.002 0.005 0.009 0.980 0.004
0.000 0.004 0.001 0.993 0.001
0.005 0.002 0.020 0.967 0.006
0.187 0.002 0.005 0.805 0.001
0.102 0.002 0.005 0.878 0.012
0.003 0.001 0.001 0.992 0.003
0.007 0.004 0.009 0.979 0.002
0.035 0.001 0.002 0.933 0.029
0.031 0.000 0.000 0.907 0.062
0.067 0.001 0.001 0.835 0.096
0.087 0.002 0.010 0.884 0.017
0.016 0.001 0.013 0.968 0.001
0.005 0.005 0.456 0.529 0.006
0.001 0.002 0.005 0.983 0.010
0.008 0.001 0.083 0.902 0.006
0.147 0.008 0.007 0.820 0.017
0.004 0.001 0.004 0.894 0.097
0.044 0.004 0.010 0.910 0.032
0.008 0.001 0.003 0.985 0.003
0.004 0.002 0.010 0.980 0.004
0.012 0.004 0.029 0.850 0.105
0.010 0.002 0.027 0.958 0.002
0.014 0.018 0.001 0.797 0.170
0.002 0.002 0.001 0.993 0.001
0.002 0.007 0.007 0.980 0.005
0.001 0.003 0.114 0.859 0.024
0.055 0.001 0.012 0.874 0.058
0.004 0.004 0.011 0.977 0.005
0.002 0.002 0.000 0.991 0.005
0.259 0.001 0.014 0.725 0.001
0.001 0.001 0.001 0.996 0.001
0.045 0.001 0.001 0.952 0.001
0.187 0.002 0.106 0.695 0.009
0.048 0.014 0.032 0.767 0.138
0.013 0.001 0.051 0.923 0.012
0.006 0.002 0.030 0.951 0.011
0.002 0.005 0.004 0.984 0.006
0.065 0.003 0.013 0.873 0.046
0.002 0.012 0.008 0.922 0.057
0.004 0.001 0.007 0.979 0.008
0.141 0.001 0.035 0.822 0.001
0.008 0.002 0.009 0.974 0.008
0.008 0.001 0.004 0.896 0.090
0.009 0.001 0.004 0.971 0.014
0.002 0.010 0.001 0.986 0.001
0.004 0.001 0.008 0.980 0.007
0.003 0.005 0.007 0.984 0.001
0.052 0.001 0.009 0.920 0.018
0.007 0.008 0.003 0.980 0.002
0.003 0.002 0.003 0.991 0.001
0.027 0.004 0.052 0.898 0.020
0.024 0.001 0.112 0.850 0.013
0.005 0.001 0.019 0.965 0.010
0.028 0.003 0.004 0.964 0.001
0.005 0.000 0.004 0.987 0.004
0.003 0.001 0.005 0.989 0.002
0.004 0.002 0.021 0.941 0.033
0.002 0.003 0.005 0.988 0.002
0.056 0.002 0.365 0.575 0.002
0.011 0.007 0.011 0.969 0.001
0.012 0.000 0.004 0.982 0.002
0.002 0.004 0.001 0.991 0.001
0.004 0.001 0.005 0.988 0.002
0.010 0.018 0.013 0.955 0.004
0.016 0.013 0.012 0.855 0.104
0.014 0.002 0.059 0.893 0.032
0.019 0.004 0.105 0.861 0.011
0.003 0.001 0.003 0.983 0.010
0.010 0.002 0.082 0.892 0.015
0.006 0.016 0.007 0.968 0.003
0.006 0.003 0.002 0.986 0.003
0.057 0.001 0.031 0.911 0.000
0.001 0.000 0.001 0.997 0.000
0.002 0.001 0.010 0.979 0.008
0.145 0.001 0.013 0.840 0.001
0.008 0.000 0.019 0.965 0.008
0.003 0.002 0.009 0.976 0.010
0.006 0.001 0.009 0.982 0.003
0.006 0.004 0.009 0.914 0.067
0.013 0.028 0.035 0.920 0.004
0.138 0.001 0.023 0.832 0.005
0.002 0.001 0.003 0.978 0.017
0.031 0.001 0.005 0.947 0.016
0.006 0.003 0.010 0.972 0.009
0.000 0.003 0.002 0.993 0.001
0.990 0.001 0.004 0.002 0.003
0.994 0.002 0.001 0.002 0.001
0.916 0.005 0.007 0.008 0.064
0.980 0.002 0.004 0.010 0.003
0.991 0.002 0.004 0.001 0.002
0.900 0.002 0.004 0.003 0.090
0.972 0.005 0.005 0.012 0.005
0.995 0.001 0.001 0.001 0.002
0.942 0.001 0.005 0.004 0.049
0.993 0.002 0.001 0.001 0.004
0.938 0.001 0.010 0.001 0.050
0.968 0.000 0.010 0.003 0.019
0.981 0.002 0.004 0.007 0.005
0.992 0.002 0.001 0.004 0.002
0.951 0.002 0.002 0.002 0.043
0.996 0.001 0.001 0.001 0.001
0.991 0.005 0.003 0.000 0.001
0.986 0.001 0.004 0.003 0.006
0.986 0.001 0.004 0.003 0.006
0.983 0.001 0.012 0.002 0.001
0.982 0.013 0.002 0.002 0.001
0.978 0.001 0.002 0.008 0.011
0.985 0.006 0.004 0.004 0.001
0.984 0.002 0.007 0.003 0.004
0.982 0.003 0.002 0.008 0.005
0.990 0.002 0.004 0.004 0.001
0.977 0.002 0.005 0.015 0.001
0.981 0.001 0.005 0.008 0.004
0.990 0.003 0.002 0.003 0.002
0.986 0.002 0.002 0.007 0.003
0.996 0.001 0.001 0.001 0.002
0.925 0.002 0.046 0.018 0.009
0.966 0.008 0.001 0.001 0.024
0.990 0.001 0.003 0.004 0.001
0.975 0.011 0.004 0.008 0.002
0.993 0.003 0.000 0.004 0.000
0.967 0.007 0.005 0.011 0.009
0.970 0.002 0.009 0.007 0.012
0.950 0.023 0.003 0.002 0.022
0.982 0.003 0.003 0.000 0.011
0.996 0.001 0.001 0.000 0.001
0.960 0.002 0.018 0.008 0.012
0.001 0.015 0.004 0.963 0.017
0.002 0.397 0.339 0.258 0.003
0.003 0.006 0.005 0.975 0.011
0.970 0.012 0.004 0.009 0.005
0.995 0.003 0.001 0.001 0.001
0.991 0.001 0.002 0.006 0.001
0.996 0.001 0.001 0.001 0.001
0.963 0.001 0.004 0.006 0.026
0.995 0.001 0.002 0.001 0.002
0.990 0.002 0.003 0.001 0.004
0.956 0.006 0.021 0.013 0.004
0.993 0.001 0.001 0.004 0.001
0.985 0.002 0.010 0.002 0.002
0.965 0.001 0.003 0.005 0.026
0.970 0.005 0.017 0.004 0.003
0.993 0.001 0.002 0.002 0.002
0.971 0.001 0.002 0.008 0.018
0.995 0.001 0.001 0.000 0.003
0.995 0.001 0.001 0.002 0.001
0.994 0.001 0.002 0.002 0.001
0.986 0.001 0.004 0.002 0.008
0.995 0.002 0.002 0.001 0.001
0.991 0.001 0.004 0.001 0.002
0.954 0.006 0.009 0.003 0.028
0.987 0.002 0.001 0.003 0.007
0.987 0.001 0.007 0.002 0.002
0.979 0.007 0.005 0.002 0.007
0.988 0.001 0.005 0.001 0.004
0.966 0.003 0.002 0.004 0.026
0.971 0.004 0.014 0.008 0.003
0.984 0.001 0.001 0.002 0.011
0.933 0.006 0.014 0.001 0.046
0.987 0.001 0.003 0.005 0.004
0.992 0.002 0.002 0.003 0.001
0.959 0.002 0.011 0.004 0.025
0.977 0.003 0.009 0.006 0.006
0.994 0.001 0.001 0.002 0.002
0.772 0.002 0.003 0.004 0.219
0.003 0.115 0.159 0.558 0.166
0.002 0.016 0.014 0.539 0.429
0.016 0.005 0.087 0.882 0.010
0.031 0.021 0.008 0.804 0.136
0.983 0.004 0.003 0.005 0.005
0.923 0.003 0.019 0.009 0.046
0.986 0.001 0.010 0.002 0.001
0.924 0.002 0.014 0.002 0.057
0.996 0.001 0.002 0.001 0.001
0.972 0.011 0.006 0.008 0.002
0.994 0.002 0.001 0.000 0.003
0.984 0.003 0.003 0.003 0.008
0.995 0.001 0.001 0.001 0.001
0.987 0.001 0.004 0.003 0.004
0.984 0.004 0.007 0.003 0.003
0.994 0.001 0.001 0.002 0.001
0.994 0.001 0.001 0.002 0.002
0.993 0.001 0.003 0.002 0.001
0.989 0.003 0.003 0.003 0.002
0.956 0.019 0.017 0.005 0.002
0.987 0.003 0.006 0.001 0.003
0.994 0.002 0.001 0.001 0.002
0.929 0.003 0.003 0.003 0.062
0.970 0.001 0.007 0.015 0.007
0.988 0.002 0.003 0.006 0.002
0.966 0.003 0.008 0.001 0.022
0.978 0.008 0.009 0.003 0.002
0.985 0.005 0.006 0.001 0.004
0.984 0.005 0.003 0.006 0.001
0.992 0.003 0.003 0.001 0.001
0.995 0.001 0.001 0.002 0.001
0.994 0.000 0.001 0.003 0.001
0.008 0.034 0.058 0.898 0.002
0.019 0.001 0.004 0.839 0.137
0.002 0.108 0.104 0.749 0.038
0.022 0.004 0.002 0.940 0.032
0.002 0.015 0.002 0.976 0.006
0.003 0.006 0.004 0.985 0.002
0.004 0.010 0.010 0.721 0.256
0.017 0.022 0.013 0.947 0.001
0.002 0.001 0.006 0.783 0.208
0.986 0.002 0.002 0.005 0.006
0.895 0.003 0.083 0.017 0.003
0.984 0.002 0.007 0.002 0.005
0.987 0.003 0.001 0.004 0.005
0.994 0.004 0.001 0.000 0.001
0.918 0.064 0.005 0.012 0.002
0.988 0.001 0.005 0.001 0.005
0.995 0.001 0.001 0.001 0.003
0.993 0.001 0.001 0.003 0.001
0.960 0.012 0.008 0.004 0.016
0.993 0.002 0.001 0.001 0.004
0.992 0.001 0.003 0.001 0.003
0.995 0.000 0.001 0.001 0.002
0.991 0.001 0.002 0.002 0.004
0.915 0.004 0.069 0.008 0.004
0.006 0.004 0.012 0.978 0.000
0.014 0.002 0.015 0.486 0.482
0.001 0.410 0.007 0.478 0.104
0.004 0.065 0.099 0.780 0.052
0.000 0.137 0.003 0.804 0.056
0.001 0.007 0.009 0.637 0.346
0.002 0.188 0.003 0.806 0.001
0.004 0.005 0.000 0.663 0.329
0.004 0.005 0.001 0.858 0.131
0.004 0.004 0.007 0.985 0.001
0.001 0.248 0.008 0.743 0.001
0.008 0.013 0.022 0.780 0.176
0.005 0.012 0.001 0.778 0.204
0.001 0.006 0.002 0.991 0.000
0.008 0.080 0.002 0.909 0.002
0.160 0.007 0.088 0.732 0.013
0.001 0.001 0.001 0.671 0.326
0.005 0.059 0.057 0.416 0.462
0.005 0.003 0.021 0.961 0.010
0.003 0.007 0.003 0.985 0.002
0.002 0.005 0.014 0.978 0.001
0.038 0.000 0.006 0.733 0.222
0.001 0.009 0.212 0.054 0.723
0.002 0.222 0.005 0.759 0.013
0.003 0.003 0.004 0.787 0.204
0.012 0.005 0.009 0.742 0.232
0.002 0.104 0.029 0.860 0.004
0.005 0.003 0.001 0.990 0.002
0.003 0.055 0.001 0.931 0.009
0.002 0.002 0.004 0.751 0.241
0.002 0.150 0.001 0.845 0.001
0.099 0.010 0.005 0.880 0.006
0.001 0.092 0.001 0.693 0.213
0.004 0.289 0.007 0.564 0.136
0.001 0.630 0.004 0.365 0.000
0.003 0.005 0.019 0.945 0.026
0.012 0.009 0.068 0.905 0.006
0.004 0.025 0.003 0.964 0.004
0.001 0.725 0.008 0.266 0.000
0.026 0.002 0.083 0.581 0.308
0.009 0.001 0.158 0.557 0.276
0.002 0.001 0.003 0.994 0.001
0.001 0.089 0.001 0.605 0.304
0.001 0.002 0.009 0.537 0.452
0.000 0.012 0.001 0.391 0.596
0.003 0.143 0.011 0.470 0.373
0.016 0.020 0.007 0.916 0.041
0.014 0.011 0.002 0.900 0.072
0.001 0.001 0.172 0.691 0.135
0.001 0.212 0.007 0.632 0.148
0.001 0.000 0.001 0.283 0.714
0.002 0.003 0.008 0.983 0.004
0.008 0.399 0.005 0.282 0.306
0.002 0.007 0.002 0.526 0.463
0.014 0.006 0.003 0.889 0.087
0.000 0.007 0.027 0.589 0.377
0.001 0.183 0.001 0.660 0.154
0.001 0.001 0.004 0.920 0.074
0.001 0.158 0.001 0.508 0.333
0.003 0.007 0.000 0.792 0.198
0.001 0.004 0.001 0.769 0.224
0.006 0.003 0.003 0.795 0.192
0.001 0.185 0.002 0.809 0.002
0.007 0.026 0.136 0.829 0.002
0.045 0.158 0.002 0.673 0.122
0.002 0.013 0.072 0.577 0.337
0.002 0.025 0.001 0.971 0.001
0.003 0.036 0.014 0.946 0.002
0.013 0.022 0.001 0.760 0.205
0.002 0.002 0.048 0.947 0.001
0.009 0.065 0.006 0.917 0.004
0.001 0.017 0.006 0.969 0.007
0.005 0.006 0.049 0.447 0.493
0.005 0.266 0.004 0.718 0.007
0.001 0.131 0.001 0.867 0.000
0.221 0.009 0.001 0.351 0.418
0.002 0.016 0.001 0.599 0.383
0.003 0.207 0.004 0.781 0.006
0.003 0.001 0.007 0.788 0.202
0.003 0.008 0.006 0.798 0.185
0.003 0.004 0.004 0.921 0.068
0.006 0.462 0.111 0.420 0.001
0.001 0.867 0.003 0.129 0.000
0.002 0.323 0.001 0.537 0.137
0.008 0.010 0.017 0.960 0.005
0.001 0.001 0.063 0.721 0.214
0.002 0.001 0.001 0.533 0.463
0.003 0.004 0.003 0.986 0.004
0.002 0.007 0.002 0.605 0.384
0.002 0.004 0.047 0.616 0.332
0.003 0.087 0.001 0.708 0.202
0.007 0.003 0.012 0.976 0.002
0.013 0.219 0.002 0.108 0.657
0.002 0.001 0.003 0.665 0.329
0.050 0.005 0.015 0.919 0.012
0.006 0.334 0.004 0.231 0.426
0.002 0.002 0.008 0.984 0.003
0.001 0.027 0.002 0.710 0.260
0.005 0.025 0.003 0.962 0.005
0.001 0.000 0.001 0.850 0.147
0.007 0.003 0.042 0.922 0.026
0.009 0.377 0.001 0.612 0.001
0.002 0.065 0.038 0.871 0.024
0.001 0.028 0.003 0.967 0.001
0.012 0.317 0.001 0.666 0.004
0.004 0.263 0.002 0.695 0.037
0.004 0.013 0.005 0.938 0.040
0.001 0.001 0.032 0.850 0.116
0.002 0.002 0.001 0.736 0.259
0.000 0.198 0.210 0.591 0.001
0.002 0.061 0.010 0.913 0.015
0.001 0.001 0.044 0.952 0.002
0.017 0.002 0.016 0.089 0.877
0.002 0.292 0.006 0.293 0.408
0.004 0.007 0.004 0.683 0.303
0.001 0.004 0.013 0.544 0.438
0.007 0.005 0.084 0.165 0.738
0.006 0.006 0.018 0.698 0.272
0.004 0.004 0.000 0.745 0.246
0.007 0.001 0.001 0.620 0.371
0.012 0.002 0.027 0.572 0.388
0.010 0.063 0.046 0.429 0.451
0.004 0.003 0.005 0.693 0.295
0.003 0.036 0.022 0.916 0.023
0.002 0.002 0.003 0.442 0.551
0.006 0.002 0.005 0.602 0.385
0.001 0.260 0.001 0.233 0.506
0.032 0.011 0.005 0.512 0.440
0.000 0.081 0.002 0.678 0.238
0.025 0.017 0.001 0.168 0.789
0.010 0.047 0.001 0.618 0.324
0.001 0.001 0.000 0.487 0.511
0.003 0.050 0.016 0.437 0.494
0.009 0.002 0.005 0.518 0.466
0.001 0.001 0.072 0.761 0.165
0.011 0.002 0.003 0.693 0.291
0.001 0.045 0.001 0.756 0.197
0.001 0.003 0.051 0.934 0.011
0.000 0.452 0.001 0.267 0.279
0.002 0.397 0.003 0.598 0.000
0.004 0.056 0.036 0.891 0.013
0.137 0.001 0.023 0.820 0.019
0.002 0.211 0.026 0.561 0.199
0.015 0.000 0.001 0.799 0.185
0.073 0.260 0.025 0.565 0.077
0.004 0.240 0.023 0.406 0.327
0.015 0.063 0.021 0.888 0.012
0.012 0.061 0.010 0.907 0.010
0.034 0.008 0.006 0.553 0.399
0.068 0.177 0.000 0.451 0.305
0.008 0.175 0.012 0.787 0.019
0.002 0.001 0.001 0.763 0.234
0.007 0.013 0.001 0.533 0.446
0.001 0.004 0.003 0.989 0.004
0.002 0.006 0.006 0.980 0.007
0.005 0.125 0.002 0.735 0.133
0.052 0.005 0.001 0.477 0.465
0.001 0.002 0.007 0.143 0.848
0.061 0.289 0.000 0.599 0.050
0.001 0.014 0.035 0.807 0.143
0.001 0.001 0.000 0.700 0.297
0.004 0.002 0.010 0.553 0.432
0.015 0.011 0.002 0.699 0.274
0.008 0.068 0.004 0.303 0.617
0.009 0.162 0.079 0.128 0.622
0.001 0.304 0.001 0.419 0.275
0.005 0.006 0.002 0.759 0.228
0.005 0.003 0.002 0.979 0.012
0.006 0.005 0.002 0.982 0.005
0.001 0.190 0.011 0.647 0.152
0.002 0.446 0.001 0.379 0.172
0.005 0.004 0.017 0.955 0.020
0.004 0.079 0.033 0.574 0.310
0.001 0.006 0.020 0.970 0.003
0.019 0.006 0.071 0.732 0.171
0.003 0.001 0.001 0.920 0.076
0.013 0.464 0.001 0.292 0.230
0.006 0.080 0.013 0.681 0.221
0.002 0.002 0.002 0.705 0.290
0.018 0.012 0.001 0.819 0.151
0.040 0.003 0.040 0.912 0.004
0.004 0.001 0.002 0.990 0.003
0.006 0.027 0.017 0.950 0.000
0.001 0.001 0.002 0.995 0.002
0.002 0.002 0.003 0.992 0.001
0.003 0.001 0.005 0.990 0.001
0.002 0.002 0.005 0.989 0.003
0.001 0.002 0.004 0.993 0.001
0.000 0.003 0.002 0.993 0.001
0.002 0.002 0.004 0.991 0.002
0.001 0.001 0.001 0.996 0.001
0.001 0.001 0.001 0.995 0.002
0.001 0.001 0.002 0.995 0.001
0.003 0.001 0.002 0.993 0.001
0.016 0.003 0.013 0.966 0.002
0.002 0.011 0.007 0.974 0.006
0.003 0.004 0.007 0.984 0.001
0.002 0.001 0.002 0.995 0.001
0.002 0.005 0.002 0.990 0.001
0.000 0.002 0.001 0.997 0.000
0.002 0.009 0.008 0.978 0.003
0.001 0.001 0.005 0.992 0.001
0.011 0.021 0.007 0.957 0.004
0.000 0.001 0.001 0.994 0.004
0.002 0.005 0.001 0.753 0.239
0.000 0.409 0.003 0.449 0.140
0.001 0.364 0.035 0.425 0.176
0.008 0.008 0.009 0.037 0.937
0.001 0.001 0.024 0.600 0.374
0.002 0.001 0.002 0.370 0.625
0.002 0.000 0.000 0.205 0.792
0.004 0.002 0.102 0.478 0.414
0.001 0.000 0.011 0.301 0.686
0.006 0.003 0.802 0.184 0.004
0.001 0.008 0.507 0.482 0.002
0.051 0.003 0.903 0.017 0.026
0.001 0.002 0.841 0.154 0.002
0.860 0.013 0.112 0.006 0.009
0.991 0.001 0.001 0.001 0.006
0.988 0.003 0.005 0.002 0.002
0.982 0.004 0.002 0.004 0.008
0.976 0.009 0.007 0.003 0.005
0.994 0.002 0.000 0.001 0.003
0.002 0.006 0.003 0.986 0.002
0.000 0.012 0.004 0.978 0.006
0.001 0.021 0.002 0.974 0.002
0.001 0.002 0.007 0.990 0.000
0.000 0.001 0.012 0.986 0.001
0.002 0.007 0.001 0.989 0.001
0.001 0.002 0.007 0.985 0.005
0.002 0.014 0.008 0.975 0.001
0.001 0.002 0.003 0.993 0.001
0.010 0.024 0.012 0.950 0.003
0.001 0.003 0.006 0.986 0.003
0.001 0.004 0.017 0.976 0.002
0.001 0.000 0.001 0.996 0.001
0.003 0.001 0.006 0.988 0.002
0.002 0.004 0.003 0.991 0.001
0.002 0.001 0.000 0.996 0.001
0.001 0.003 0.026 0.964 0.006
0.026 0.007 0.015 0.930 0.023
0.009 0.187 0.011 0.790 0.003
0.003 0.033 0.009 0.955 0.001
0.000 0.002 0.000 0.997 0.000
0.002 0.001 0.001 0.994 0.002
0.001 0.003 0.023 0.973 0.000
0.018 0.005 0.007 0.965 0.005
0.003 0.004 0.001 0.990 0.002
0.002 0.008 0.006 0.982 0.002
0.008 0.001 0.242 0.747 0.002
0.001 0.001 0.000 0.998 0.001
0.000 0.001 0.001 0.996 0.002
0.004 0.001 0.008 0.986 0.001
0.001 0.001 0.003 0.994 0.001
0.001 0.001 0.001 0.997 0.001
0.004 0.005 0.013 0.972 0.006
0.002 0.001 0.007 0.989 0.001
0.001 0.005 0.001 0.992 0.001
0.002 0.004 0.001 0.992 0.001
0.001 0.000 0.002 0.985 0.011
0.001 0.072 0.005 0.921 0.001
0.001 0.001 0.003 0.994 0.001
0.001 0.006 0.005 0.988 0.001
0.003 0.001 0.001 0.994 0.000
0.002 0.001 0.006 0.991 0.001
0.002 0.004 0.033 0.959 0.003
0.001 0.001 0.100 0.898 0.001
0.001 0.004 0.007 0.985 0.003
0.005 0.007 0.002 0.982 0.003
0.003 0.049 0.002 0.944 0.001
0.041 0.012 0.039 0.907 0.001
0.001 0.002 0.003 0.991 0.003
0.001 0.010 0.002 0.987 0.001
0.005 0.004 0.007 0.979 0.005
0.005 0.000 0.008 0.985 0.002
0.002 0.001 0.000 0.995 0.001
0.003 0.002 0.007 0.987 0.002
0.003 0.002 0.028 0.966 0.001
0.003 0.021 0.025 0.946 0.005
0.006 0.004 0.011 0.970 0.009
0.001 0.001 0.002 0.995 0.001
0.004 0.002 0.001 0.991 0.003
0.003 0.001 0.004 0.991 0.001
0.002 0.002 0.002 0.992 0.003
0.002 0.003 0.004 0.973 0.019
0.003 0.007 0.001 0.989 0.001
0.001 0.001 0.002 0.994 0.002
0.001 0.002 0.002 0.994 0.001
0.001 0.002 0.004 0.992 0.001
0.002 0.024 0.001 0.969 0.003
0.001 0.002 0.000 0.996 0.001
0.008 0.002 0.025 0.964 0.002
0.002 0.078 0.063 0.856 0.001
0.002 0.001 0.001 0.996 0.000
0.000 0.003 0.010 0.986 0.001
0.002 0.002 0.009 0.986 0.002
0.990 0.002 0.004 0.002 0.001
0.981 0.004 0.005 0.008 0.001
0.991 0.004 0.001 0.003 0.001
0.966 0.013 0.003 0.001 0.017
0.970 0.001 0.008 0.019 0.002
0.994 0.001 0.004 0.001 0.001
0.993 0.004 0.001 0.001 0.001
0.967 0.005 0.018 0.005 0.005
0.964 0.004 0.015 0.012 0.005
0.990 0.001 0.001 0.002 0.007
0.992 0.001 0.003 0.002 0.002
0.979 0.005 0.004 0.009 0.003
0.990 0.001 0.007 0.001 0.001
0.976 0.008 0.003 0.010 0.003
0.987 0.006 0.004 0.003 0.001
0.919 0.074 0.004 0.001 0.001
0.972 0.001 0.001 0.002 0.024
0.963 0.002 0.017 0.014 0.004
0.994 0.002 0.003 0.001 0.001
0.989 0.002 0.002 0.002 0.005
0.997 0.000 0.000 0.001 0.001
0.973 0.003 0.006 0.013 0.005
0.991 0.002 0.002 0.004 0.001
0.990 0.003 0.002 0.002 0.003
0.942 0.001 0.014 0.013 0.030
0.990 0.001 0.004 0.004 0.001
0.993 0.003 0.002 0.001 0.001
0.991 0.003 0.002 0.001 0.003
0.950 0.013 0.025 0.002 0.010
0.974 0.003 0.004 0.003 0.017
0.938 0.002 0.056 0.001 0.003
0.954 0.003 0.019 0.013 0.012
0.962 0.001 0.015 0.021 0.001
0.985 0.001 0.007 0.001 0.006
0.903 0.001 0.063 0.031 0.002
0.993 0.002 0.001 0.002 0.002
0.956 0.003 0.031 0.006 0.003
0.963 0.012 0.013 0.006 0.004
0.974 0.001 0.011 0.011 0.002
0.980 0.001 0.005 0.007 0.008
0.993 0.000 0.003 0.001 0.002
0.994 0.001 0.003 0.001 0.001
0.990 0.002 0.002 0.005 0.001
0.990 0.005 0.001 0.001 0.003
0.983 0.001 0.005 0.007 0.005
0.975 0.004 0.013 0.002 0.006
0.991 0.004 0.002 0.002 0.002
0.961 0.008 0.024 0.004 0.004
0.967 0.007 0.009 0.007 0.009
0.990 0.002 0.006 0.001 0.001
0.974 0.013 0.004 0.004 0.004
0.993 0.001 0.002 0.001 0.002
0.951 0.007 0.039 0.001 0.002
0.992 0.001 0.001 0.001 0.004
0.989 0.002 0.002 0.001 0.007
0.758 0.001 0.238 0.001 0.002
0.001 0.837 0.090 0.019 0.053
0.000 0.481 0.516 0.001 0.001
0.011 0.893 0.023 0.031 0.043
0.006 0.501 0.016 0.475 0.003
0.000 0.868 0.001 0.130 0.001
0.000 0.558 0.002 0.438 0.001
0.002 0.993 0.002 0.001 0.003
0.001 0.996 0.002 0.001 0.001
0.003 0.001 0.005 0.229 0.762
0.002 0.003 0.006 0.002 0.988
0.008 0.793 0.000 0.195 0.004
0.001 0.991 0.004 0.002 0.001
0.007 0.840 0.132 0.019 0.002
0.002 0.701 0.088 0.164 0.046
0.003 0.989 0.002 0.004 0.002
0.000 0.001 0.001 0.192 0.806
0.002 0.000 0.000 0.340 0.658
0.001 0.000 0.000 0.001 0.997
0.010 0.011 0.084 0.011 0.884
0.001 0.001 0.001 0.001 0.996
0.017 0.239 0.014 0.168 0.562
0.001 0.001 0.001 0.000 0.997
0.001 0.001 0.001 0.002 0.996
0.003 0.003 0.006 0.140 0.848
0.002 0.207 0.004 0.095 0.692
0.068 0.001 0.003 0.366 0.561
0.001 0.001 0.001 0.001 0.996
0.002 0.001 0.001 0.001 0.994
0.000 0.001 0.010 0.377 0.612
0.005 0.007 0.004 0.005 0.979
0.005 0.154 0.010 0.131 0.701
0.638 0.001 0.133 0.002 0.226
0.002 0.006 0.016 0.013 0.964
0.021 0.180 0.003 0.293 0.502
0.097 0.002 0.014 0.022 0.865
0.001 0.001 0.001 0.001 0.996
0.001 0.001 0.001 0.001 0.995
0.024 0.004 0.102 0.063 0.808
0.193 0.003 0.015 0.001 0.789
0.000 0.997 0.001 0.001 0.001
0.000 0.997 0.000 0.002 0.001
0.008 0.005 0.003 0.003 0.981
0.006 0.494 0.022 0.006 0.472
0.001 0.027 0.020 0.371 0.581
0.004 0.003 0.008 0.000 0.985
0.009 0.033 0.007 0.106 0.844
0.003 0.222 0.004 0.329 0.441
0.000 0.000 0.001 0.001 0.998
0.012 0.003 0.037 0.001 0.948
0.003 0.005 0.010 0.025 0.958
0.003 0.003 0.000 0.203 0.790
0.001 0.001 0.001 0.195 0.802
0.001 0.012 0.022 0.162 0.803
0.120 0.010 0.009 0.016 0.845
0.002 0.864 0.004 0.126 0.004
0.001 0.849 0.009 0.141 0.001
0.004 0.327 0.001 0.666 0.001
0.118 0.531 0.005 0.326 0.020
0.118 0.834 0.017 0.028 0.004
0.006 0.002 0.009 0.072 0.912
0.001 0.000 0.001 0.001 0.998
0.004 0.002 0.005 0.005 0.984
0.005 0.001 0.009 0.011 0.973
0.001 0.001 0.001 0.002 0.995
0.006 0.332 0.016 0.084 0.562
0.064 0.003 0.004 0.002 0.926
0.005 0.964 0.011 0.018 0.002
0.001 0.641 0.000 0.356 0.001
0.002 0.994 0.001 0.001 0.002
0.001 0.991 0.002 0.005 0.001
0.001 0.995 0.002 0.001 0.002
0.968 0.016 0.009 0.003 0.004
0.979 0.001 0.013 0.003 0.004
0.986 0.002 0.003 0.004 0.006
0.969 0.016 0.011 0.004 0.001
0.964 0.001 0.021 0.008 0.006
0.993 0.002 0.002 0.001 0.001
0.914 0.003 0.003 0.077 0.002
0.972 0.017 0.005 0.003 0.003
0.954 0.002 0.023 0.019 0.002
0.973 0.005 0.012 0.009 0.002
0.975 0.003 0.006 0.009 0.008
0.983 0.002 0.008 0.004 0.003
0.975 0.001 0.002 0.002 0.020
0.968 0.003 0.017 0.010 0.003
0.966 0.004 0.011 0.016 0.003
0.993 0.001 0.004 0.001 0.001
0.982 0.014 0.002 0.001 0.002
0.003 0.639 0.021 0.335 0.002
0.003 0.945 0.014 0.033 0.005
0.001 0.997 0.001 0.001 0.001
0.002 0.936 0.000 0.048 0.013
0.952 0.011 0.009 0.014 0.014
0.932 0.021 0.028 0.017 0.002
0.861 0.007 0.085 0.043 0.004
0.771 0.001 0.178 0.016 0.033
0.937 0.003 0.052 0.004 0.004
0.950 0.004 0.040 0.003 0.003
0.909 0.063 0.005 0.022 0.001
0.976 0.013 0.006 0.002 0.003
0.619 0.002 0.371 0.003 0.005
0.960 0.002 0.017 0.001 0.020
0.986 0.002 0.003 0.004 0.006
0.978 0.002 0.006 0.008 0.006
0.983 0.004 0.008 0.001 0.004
0.990 0.003 0.002 0.002 0.004
0.965 0.007 0.015 0.007 0.006
0.966 0.001 0.002 0.028 0.002
0.977 0.004 0.011 0.004 0.004
0.984 0.004 0.007 0.003 0.002
0.929 0.002 0.019 0.010 0.041
0.987 0.003 0.001 0.002 0.006
0.979 0.003 0.003 0.007 0.009
0.036 0.079 0.001 0.047 0.837
0.013 0.005 0.028 0.089 0.864
0.001 0.997 0.001 0.001 0.001
0.085 0.005 0.009 0.012 0.890
0.023 0.004 0.017 0.048 0.908
0.004 0.002 0.001 0.003 0.991
0.008 0.928 0.031 0.018 0.015
0.001 0.990 0.001 0.001 0.007
0.001 0.988 0.004 0.006 0.001
0.953 0.009 0.029 0.005 0.005
0.995 0.001 0.003 0.001 0.001
0.995 0.001 0.001 0.001 0.002
0.982 0.003 0.009 0.005 0.001
0.990 0.001 0.006 0.001 0.002
0.995 0.001 0.002 0.001 0.002
0.984 0.001 0.005 0.002 0.009
0.877 0.034 0.046 0.041 0.002
0.977 0.010 0.002 0.010 0.002
0.953 0.009 0.012 0.022 0.004
0.975 0.021 0.001 0.002 0.002
0.972 0.003 0.015 0.009 0.001
0.885 0.003 0.079 0.031 0.003
0.993 0.001 0.002 0.002 0.003
0.947 0.003 0.041 0.004 0.004
0.957 0.001 0.035 0.004 0.002
0.984 0.001 0.004 0.001 0.011
0.082 0.846 0.033 0.029 0.011
0.004 0.829 0.004 0.161 0.002
0.001 0.009 0.010 0.297 0.684
0.004 0.000 0.001 0.003 0.992
0.001 0.001 0.001 0.001 0.997
0.964 0.001 0.010 0.018 0.007
0.987 0.002 0.009 0.002 0.001
0.976 0.004 0.006 0.003 0.011
0.995 0.001 0.001 0.001 0.001
0.988 0.000 0.005 0.003 0.004
0.982 0.004 0.004 0.002 0.008
0.987 0.003 0.004 0.002 0.004
0.992 0.002 0.003 0.002 0.001
0.990 0.002 0.005 0.001 0.002
0.984 0.002 0.009 0.004 0.001
0.956 0.005 0.016 0.022 0.001
0.992 0.002 0.002 0.002 0.003
0.962 0.004 0.006 0.002 0.027
0.995 0.002 0.001 0.001 0.001
0.995 0.001 0.001 0.001 0.002
0.993 0.001 0.003 0.001 0.003
0.950 0.002 0.026 0.006 0.016
0.992 0.001 0.004 0.001 0.002
0.972 0.011 0.006 0.005 0.006
0.995 0.001 0.002 0.001 0.000
0.000 0.003 0.001 0.995 0.001
0.001 0.002 0.079 0.916 0.001
0.000 0.003 0.008 0.988 0.001
0.000 0.001 0.012 0.986 0.001
0.002 0.001 0.002 0.994 0.001
0.001 0.002 0.004 0.991 0.002
0.002 0.011 0.000 0.986 0.001
0.008 0.005 0.010 0.975 0.003
0.000 0.001 0.001 0.997 0.000
0.001 0.001 0.003 0.994 0.001
0.003 0.001 0.013 0.982 0.002
0.005 0.025 0.011 0.955 0.003
0.001 0.002 0.003 0.991 0.003
0.001 0.016 0.008 0.972 0.003
0.906 0.032 0.052 0.007 0.003
0.001 0.001 0.001 0.442 0.555
0.003 0.005 0.151 0.455 0.386
0.001 0.995 0.000 0.001 0.002
0.002 0.567 0.006 0.417 0.009
0.010 0.001 0.002 0.002 0.986
0.002 0.011 0.006 0.176 0.805
0.001 0.003 0.011 0.004 0.980
0.001 0.001 0.001 0.021 0.977
0.012 0.003 0.070 0.003 0.912
0.000 0.000 0.001 0.001 0.998
0.000 0.001 0.000 0.000 0.998
0.002 0.198 0.027 0.001 0.772
0.001 0.001 0.001 0.001 0.997
0.001 0.001 0.001 0.001 0.996
0.004 0.002 0.005 0.001 0.989
0.001 0.755 0.007 0.233 0.004
0.001 0.912 0.005 0.081 0.001
0.010 0.833 0.035 0.120 0.001
0.001 0.837 0.002 0.159 0.001
0.018 0.003 0.011 0.004 0.964
0.002 0.020 0.059 0.012 0.907
0.001 0.001 0.001 0.001 0.997
0.001 0.001 0.001 0.001 0.996
0.005 0.006 0.004 0.270 0.715
0.002 0.004 0.016 0.131 0.847
0.001 0.001 0.001 0.001 0.995
0.010 0.015 0.443 0.037 0.495
0.139 0.831 0.003 0.023 0.004
0.002 0.989 0.004 0.002 0.003
0.000 0.993 0.002 0.001 0.003
0.003 0.001 0.002 0.268 0.725
0.001 0.882 0.002 0.113 0.002
0.000 0.997 0.001 0.001 0.001
0.000 0.996 0.000 0.003 0.001
0.002 0.976 0.010 0.006 0.007
0.067 0.771 0.137 0.023 0.003
0.000 0.996 0.001 0.002 0.001
0.001 0.997 0.001 0.001 0.001
0.006 0.859 0.001 0.126 0.008
0.001 0.987 0.001 0.003 0.008
0.006 0.581 0.007 0.406 0.001
0.002 0.995 0.002 0.001 0.000
0.003 0.977 0.010 0.008 0.002
0.001 0.741 0.023 0.231 0.004
0.001 0.001 0.049 0.084 0.865
0.002 0.022 0.018 0.007 0.952
0.981 0.001 0.010 0.004 0.004
0.980 0.006 0.007 0.004 0.003
0.973 0.002 0.007 0.001 0.017
0.993 0.001 0.001 0.003 0.001
0.994 0.001 0.001 0.002 0.002
0.995 0.001 0.000 0.002 0.001
0.990 0.002 0.002 0.001 0.005
0.976 0.002 0.002 0.005 0.015
0.992 0.002 0.002 0.001 0.003
0.972 0.004 0.007 0.013 0.003
0.988 0.001 0.006 0.003 0.002
0.974 0.006 0.007 0.004 0.009
0.984 0.002 0.006 0.004 0.003
0.995 0.002 0.001 0.001 0.001
0.992 0.001 0.003 0.002 0.001
0.983 0.006 0.004 0.003 0.004
0.979 0.017 0.003 0.001 0.001
0.823 0.009 0.140 0.022 0.006
0.984 0.002 0.007 0.003 0.004
0.859 0.007 0.079 0.047 0.008
0.950 0.002 0.032 0.008 0.009
0.991 0.002 0.005 0.001 0.001
0.918 0.054 0.007 0.019 0.002
0.975 0.001 0.011 0.010 0.004
0.983 0.013 0.003 0.000 0.001
0.992 0.003 0.003 0.002 0.001
0.945 0.013 0.018 0.020 0.003
0.971 0.003 0.016 0.007 0.003
0.954 0.007 0.002 0.004 0.034
0.986 0.002 0.009 0.002 0.002
0.986 0.003 0.004 0.003 0.004
0.992 0.001 0.002 0.003 0.002
0.968 0.003 0.014 0.008 0.007
0.940 0.007 0.016 0.026 0.010
0.994 0.001 0.002 0.001 0.001
0.000 0.995 0.001 0.003 0.001
0.004 0.647 0.001 0.347 0.000
0.004 0.217 0.002 0.607 0.171
0.000 0.686 0.005 0.307 0.001
0.001 0.997 0.000 0.001 0.000
0.002 0.653 0.001 0.341 0.003
0.055 0.834 0.068 0.040 0.003
0.001 0.987 0.005 0.002 0.005
0.073 0.919 0.000 0.001 0.006
0.000 0.662 0.109 0.225 0.003
0.000 0.998 0.001 0.000 0.000
0.007 0.757 0.001 0.234 0.001
0.002 0.979 0.003 0.015 0.002
0.002 0.970 0.013 0.013 0.001
0.001 0.995 0.003 0.001 0.001
0.001 0.989 0.003 0.003 0.004
0.001 0.993 0.003 0.001 0.002
0.001 0.995 0.001 0.003 0.001
0.001 0.995 0.000 0.001 0.003
0.004 0.610 0.001 0.384 0.001
0.001 0.995 0.003 0.001 0.000
0.024 0.907 0.047 0.019 0.003
0.001 0.996 0.001 0.001 0.000
0.016 0.433 0.008 0.541 0.003
0.000 0.997 0.001 0.001 0.001
0.010 0.002 0.980 0.007 0.001
0.001 0.000 0.826 0.046 0.127
0.001 0.006 0.750 0.232 0.011
0.002 0.001 0.528 0.467 0.001
0.001 0.996 0.001 0.002 0.001
0.035 0.956 0.005 0.002 0.002
0.011 0.963 0.025 0.001 0.000
0.012 0.495 0.002 0.486 0.005
0.002 0.658 0.045 0.285 0.010
0.010 0.517 0.042 0.429 0.003
0.001 0.996 0.001 0.001 0.001
0.967 0.004 0.009 0.001 0.019
0.995 0.001 0.001 0.001 0.001
0.947 0.006 0.001 0.005 0.040
0.968 0.003 0.019 0.009 0.002
0.001 0.997 0.001 0.001 0.001
0.001 0.993 0.002 0.002 0.002
0.001 0.989 0.000 0.006 0.004
0.003 0.726 0.031 0.223 0.018
0.001 0.991 0.004 0.002 0.001
0.002 0.994 0.001 0.002 0.001
0.123 0.874 0.000 0.001 0.001
0.001 0.990 0.002 0.004 0.003
0.001 0.835 0.001 0.162 0.001
0.005 0.971 0.003 0.021 0.001
0.003 0.977 0.004 0.012 0.004
0.001 0.998 0.001 0.000 0.001
0.001 0.988 0.007 0.001 0.002
0.001 0.988 0.004 0.005 0.002
0.001 0.978 0.007 0.007 0.006
0.001 0.990 0.002 0.006 0.001
0.001 0.994 0.003 0.001 0.001
0.001 0.998 0.001 0.000 0.000
0.000 0.996 0.001 0.002 0.000
0.001 0.993 0.002 0.002 0.002
0.007 0.982 0.003 0.006 0.002
0.003 0.995 0.001 0.001 0.001
0.030 0.931 0.013 0.021 0.005
0.000 0.993 0.001 0.003 0.002
0.003 0.973 0.006 0.005 0.013
0.001 0.995 0.002 0.002 0.001
0.001 0.996 0.001 0.002 0.001
0.003 0.001 0.611 0.380 0.005
0.003 0.026 0.924 0.047 0.001
0.082 0.013 0.774 0.094 0.037
0.001 0.014 0.880 0.104 0.001
0.003 0.001 0.968 0.024 0.004
0.001 0.986 0.006 0.005 0.002
0.001 0.994 0.003 0.002 0.001
0.003 0.953 0.005 0.013 0.026
0.005 0.980 0.004 0.008 0.002
0.002 0.956 0.028 0.012 0.002
0.000 0.998 0.000 0.001 0.000
0.003 0.990 0.003 0.003 0.000
0.000 0.993 0.001 0.004 0.002
0.003 0.973 0.007 0.016 0.002
0.000 0.982 0.003 0.007 0.007
0.003 0.978 0.007 0.005 0.007
0.011 0.950 0.008 0.016 0.015
0.001 0.994 0.002 0.001 0.002
0.001 0.992 0.001 0.005 0.002
0.001 0.997 0.001 0.000 0.001
0.001 0.990 0.002 0.006 0.001
0.002 0.002 0.877 0.119 0.001
0.003 0.002 0.962 0.033 0.001
0.005 0.010 0.681 0.303 0.002
0.008 0.001 0.647 0.337 0.006
0.001 0.002 0.939 0.057 0.001
0.002 0.001 0.919 0.073 0.005
0.003 0.001 0.642 0.353 0.002
0.004 0.004 0.671 0.319 0.002
0.002 0.005 0.991 0.001 0.001
0.001 0.004 0.979 0.004 0.012
0.002 0.985 0.003 0.006 0.004
0.003 0.985 0.004 0.004 0.004
0.024 0.970 0.003 0.002 0.001
0.004 0.987 0.005 0.002 0.002
0.001 0.995 0.002 0.001 0.001
0.000 0.997 0.001 0.000 0.000
0.001 0.009 0.734 0.253 0.002
0.002 0.001 0.989 0.008 0.000
0.001 0.004 0.993 0.002 0.001
0.003 0.003 0.983 0.005 0.006
0.001 0.002 0.979 0.015 0.002
0.005 0.001 0.983 0.001 0.009
0.001 0.000 0.758 0.237 0.004
0.002 0.005 0.852 0.139 0.003
0.002 0.006 0.909 0.079 0.005
0.012 0.008 0.758 0.218 0.004
0.002 0.011 0.642 0.337 0.008
0.004 0.002 0.685 0.281 0.028
0.002 0.003 0.861 0.131 0.004
0.007 0.983 0.004 0.003 0.003
0.000 0.996 0.002 0.001 0.001
0.001 0.994 0.002 0.002 0.002
0.001 0.980 0.003 0.013 0.002
0.001 0.997 0.000 0.001 0.000
0.003 0.983 0.009 0.004 0.001
0.001 0.001 0.993 0.003 0.001
0.005 0.001 0.991 0.001 0.003
0.035 0.003 0.944 0.017 0.001
0.001 0.001 0.691 0.306 0.002
0.002 0.056 0.923 0.013 0.007
0.002 0.001 0.657 0.241 0.100
0.010 0.040 0.876 0.066 0.009
0.002 0.002 0.706 0.282 0.008
0.003 0.001 0.920 0.071 0.004
0.001 0.992 0.002 0.004 0.001
0.025 0.967 0.006 0.001 0.001
0.000 0.997 0.001 0.001 0.001
0.000 0.998 0.001 0.001 0.000
0.005 0.977 0.002 0.007 0.009
0.001 0.993 0.003 0.002 0.001
0.001 0.990 0.005 0.001 0.002
0.001 0.996 0.001 0.002 0.001
0.001 0.997 0.001 0.001 0.000
0.003 0.001 0.975 0.017 0.004
0.002 0.001 0.986 0.011 0.001
0.013 0.011 0.947 0.011 0.017
0.002 0.001 0.699 0.298 0.001
0.002 0.002 0.769 0.208 0.020
0.004 0.001 0.988 0.003 0.004
0.017 0.001 0.970 0.007 0.006
0.002 0.001 0.988 0.004 0.005
0.010 0.023 0.692 0.266 0.009
0.001 0.002 0.982 0.011 0.003
0.013 0.005 0.978 0.003 0.001
0.003 0.013 0.976 0.004 0.003
0.001 0.979 0.004 0.003 0.013
0.012 0.961 0.011 0.015 0.001
0.003 0.987 0.001 0.008 0.001
0.000 0.998 0.001 0.001 0.001
0.001 0.994 0.001 0.002 0.001
0.000 0.997 0.001 0.001 0.001
0.028 0.895 0.051 0.002 0.024
0.008 0.818 0.011 0.144 0.018
0.002 0.992 0.001 0.002 0.002
0.004 0.926 0.010 0.052 0.008
0.002 0.976 0.001 0.005 0.016
0.003 0.972 0.006 0.010 0.009
0.004 0.985 0.003 0.003 0.005
0.001 0.988 0.001 0.009 0.001
0.006 0.980 0.005 0.006 0.003
0.001 0.997 0.001 0.000 0.001
0.000 0.998 0.001 0.000 0.000
0.004 0.961 0.010 0.020 0.005
0.000 0.992 0.001 0.005 0.003
0.001 0.994 0.001 0.003 0.002
0.001 0.995 0.001 0.001 0.002
0.001 0.990 0.005 0.001 0.003
0.002 0.973 0.001 0.022 0.002
0.001 0.998 0.000 0.001 0.000
0.001 0.988 0.001 0.010 0.001
0.013 0.958 0.017 0.001 0.012
0.001 0.994 0.001 0.003 0.000
0.002 0.994 0.001 0.003 0.001
0.001 0.995 0.002 0.000 0.001
0.004 0.929 0.020 0.045 0.002
0.043 0.901 0.032 0.019 0.005
0.002 0.993 0.002 0.001 0.001
0.000 0.996 0.002 0.001 0.001
0.001 0.998 0.000 0.001 0.000
0.003 0.964 0.022 0.007 0.004
0.000 0.998 0.000 0.000 0.001
0.003 0.990 0.002 0.002 0.003
0.001 0.996 0.001 0.001 0.001
0.002 0.989 0.002 0.002 0.004
0.001 0.994 0.003 0.001 0.001
0.001 0.996 0.001 0.001 0.001
0.001 0.994 0.002 0.000 0.002
0.001 0.997 0.001 0.000 0.001
0.001 0.994 0.001 0.001 0.003
0.001 0.990 0.003 0.001 0.005
0.001 0.995 0.001 0.002 0.001
0.001 0.993 0.002 0.002 0.001
0.001 0.996 0.001 0.001 0.001
0.002 0.993 0.002 0.001 0.002
0.001 0.994 0.002 0.001 0.002
0.001 0.995 0.001 0.002 0.001
0.002 0.995 0.001 0.001 0.001
0.001 0.996 0.001 0.000 0.001
0.001 0.996 0.001 0.001 0.001
0.000 0.997 0.001 0.001 0.001
0.001 0.996 0.001 0.001 0.001
0.004 0.992 0.002 0.001 0.001
0.006 0.966 0.015 0.008 0.004
0.266 0.001 0.731 0.001 0.001
0.005 0.002 0.989 0.004 0.001
0.015 0.002 0.975 0.006 0.001
0.028 0.000 0.968 0.001 0.002
0.004 0.004 0.826 0.165 0.001
0.005 0.001 0.809 0.185 0.000
0.001 0.003 0.991 0.004 0.000
0.002 0.002 0.944 0.042 0.010
0.003 0.001 0.905 0.088 0.002
0.001 0.010 0.819 0.123 0.046
0.003 0.979 0.002 0.014 0.002
0.003 0.989 0.003 0.002 0.003
0.001 0.981 0.005 0.004 0.009
0.001 0.977 0.007 0.008 0.007
0.000 0.997 0.001 0.001 0.001
0.001 0.994 0.001 0.003 0.001
0.003 0.986 0.005 0.002 0.004
0.000 0.998 0.000 0.000 0.001
0.000 0.998 0.000 0.001 0.001
0.004 0.979 0.003 0.013 0.001
0.002 0.981 0.008 0.008 0.002
0.002 0.995 0.001 0.001 0.001
0.002 0.989 0.004 0.003 0.002
0.001 0.995 0.002 0.001 0.000
0.001 0.997 0.001 0.002 0.000
0.001 0.996 0.001 0.001 0.001
0.002 0.992 0.004 0.000 0.001
0.001 0.998 0.001 0.001 0.000
0.001 0.978 0.003 0.018 0.001
0.001 0.989 0.006 0.003 0.001
0.001 0.995 0.001 0.002 0.001
0.002 0.993 0.003 0.001 0.001
0.001 0.994 0.002 0.002 0.002
0.001 0.998 0.000 0.001 0.000
0.002 0.995 0.000 0.002 0.002
0.002 0.994 0.001 0.000 0.002
0.001 0.967 0.002 0.026 0.003
0.002 0.996 0.001 0.001 0.000
0.001 0.996 0.001 0.003 0.000
0.001 0.993 0.001 0.004 0.001
0.007 0.970 0.013 0.005 0.005
0.002 0.991 0.001 0.003 0.002
0.009 0.909 0.037 0.039 0.006
0.002 0.993 0.002 0.001 0.002
0.001 0.995 0.001 0.001 0.002
0.000 0.998 0.001 0.001 0.000
0.000 0.997 0.001 0.000 0.001
0.000 0.998 0.001 0.000 0.000
0.000 0.997 0.001 0.001 0.001
0.001 0.997 0.001 0.001 0.001
0.002 0.993 0.000 0.003 0.002
0.001 0.995 0.003 0.001 0.001
0.001 0.996 0.001 0.001 0.001
0.004 0.987 0.005 0.001 0.003
0.001 0.998 0.000 0.000 0.001
0.001 0.997 0.001 0.001 0.000
0.001 0.995 0.001 0.003 0.001
0.001 0.993 0.002 0.002 0.002
0.000 0.997 0.001 0.001 0.000
0.000 0.997 0.000 0.001 0.002
0.001 0.993 0.003 0.001 0.001
0.001 0.997 0.001 0.001 0.001
0.003 0.991 0.001 0.004 0.002
0.000 0.997 0.001 0.001 0.001
0.004 0.990 0.003 0.001 0.002
0.000 0.997 0.000 0.001 0.001
0.001 0.988 0.003 0.007 0.000
0.001 0.989 0.006 0.003 0.000
0.001 0.996 0.001 0.001 0.001
0.000 0.998 0.000 0.001 0.000
0.001 0.992 0.002 0.004 0.000
0.000 0.997 0.001 0.001 0.001
0.001 0.995 0.002 0.001 0.001
0.002 0.993 0.002 0.001 0.001
0.001 0.994 0.003 0.002 0.000
0.001 0.990 0.005 0.004 0.001
0.001 0.995 0.002 0.001 0.001
0.001 0.997 0.002 0.000 0.000
0.001 0.996 0.000 0.001 0.002
0.014 0.977 0.003 0.004 0.002
0.001 0.994 0.001 0.003 0.001
0.000 0.995 0.002 0.001 0.002
0.001 0.996 0.002 0.001 0.001
0.002 0.991 0.002 0.002 0.003
0.001 0.983 0.005 0.008 0.003
0.001 0.992 0.003 0.002 0.001
0.000 0.996 0.001 0.002 0.001
0.001 0.994 0.003 0.002 0.001
0.001 0.994 0.002 0.003 0.001
0.001 0.997 0.000 0.001 0.001
0.001 0.995 0.001 0.002 0.001
0.001 0.997 0.001 0.001 0.000
0.002 0.972 0.013 0.009 0.004
