

----------------------------------------------------
STRUCTURE by Pritchard, Stephens and Donnelly (2000)
     and Falush, Stephens and Pritchard (2003)
       Code by Pritchard, Falush and Hubisz
             Version 2.3.4 (Jul 2012)
----------------------------------------------------



Command line arguments:   structure -K 3 -L 574 -N 2600 -i ./TEST_PopInfo.recode.strct_in -D 12345 -o ./TEST_structureOUT/K3_1 
Input File:    ./TEST_PopInfo.recode.strct_in

Run parameters:
   2600 individuals
   574 loci
   3 populations assumed
   1000 Burn-in period
   3000 Reps
USEPOPINFO turned on
MIGRPRIOR = 0.0100


--------------------------------------------
Proportion of membership of each pre-defined
 population in each of the 3 clusters

Given    Inferred Clusters       Number of
 Pop       1      2      3      Individuals

  1:     0.989  0.004  0.007      600
  2:     0.001  0.966  0.033      661
  3:     0.004  0.049  0.947      347
  4:     0.028  0.087  0.885      503
  5:     0.265  0.128  0.606      489
--------------------------------------------

Allele-freq. divergence among pops (Net nucleotide distance),
computed using point estimates of P.

      1       2       3      
 1      -    0.0838  0.0292  
 2   0.0838     -    0.0587  
 3   0.0292  0.0587     -    

Average distances (expected heterozygosity) between individuals in same cluster:
cluster  1  : 0.4077 
cluster  2  : 0.3110 
cluster  3  : 0.3870 

--------------------------------------------
Estimated Ln Prob of Data   = -1704633.1
Mean value of ln likelihood = -1661423.0
Variance of ln likelihood   = 86420.1
Mean value of alpha         = 0.3717

Mean value of Fst_1         = 0.0776
Mean value of Fst_2         = 0.2521
Mean value of Fst_3         = 0.0546
Allele frequencies updated using individuals with POPFLAG=1 ONLY.


Inferred ancestry of individuals:
Probability of being from assumed population | prob of other pops
        Label (%Miss) Pop
  1 Axiom_KORV1    (0)    1 :  0.958 0.016 0.027 
  2 Axiom_KORV1    (0)    1 :  0.885 0.013 0.103 
  3 Axiom_KORV1    (0)    1 :  0.963 0.023 0.014 
  4 Axiom_KORV1    (0)    1 :  0.956 0.016 0.028 
  5 Axiom_KORV1    (0)    1 :  0.899 0.010 0.090 
  6 Axiom_KORV1    (0)    1 :  0.905 0.033 0.062 
  7 Axiom_KORV1    (0)    1 :  0.972 0.011 0.017 
  8 Axiom_KORV1    (0)    1 :  0.976 0.012 0.012 
  9 Axiom_KORV1    (0)    1 :  0.982 0.008 0.010 
 10 Axiom_KORV1    (0)    1 :  0.926 0.019 0.055 
 11 Axiom_KORV1    (0)    1 :  0.950 0.018 0.032 
 12 Axiom_KORV1    (0)    1 :  0.953 0.019 0.029 
 13 Axiom_KORV1    (0)    1 :  0.951 0.028 0.021 
 14 Axiom_KORV1    (0)    1 :  0.968 0.013 0.020 
 15 Axiom_KORV1    (0)    1 :  0.950 0.015 0.035 
 16 Axiom_KORV1    (0)    1 :  0.974 0.006 0.019 
 17 Axiom_KORV1    (0)    1 :  0.955 0.031 0.014 
 18 Axiom_KORV1    (0)    1 :  0.975 0.010 0.015 
 19 Axiom_KORV1    (0)    1 :  0.957 0.010 0.033 
 20 Axiom_KORV1    (0)    1 :  0.951 0.033 0.016 
 21 Axiom_KORV1    (0)    1 :  0.927 0.040 0.033 
 22 Axiom_KORV1    (0)    1 :  0.966 0.013 0.020 
 23 Axiom_KORV1    (0)    1 :  0.968 0.013 0.019 
 24 Axiom_KORV1    (0)    1 :  0.924 0.022 0.054 
 25 Axiom_KORV1    (0)    1 :  0.958 0.013 0.029 
 26 Axiom_KORV1    (0)    1 :  0.981 0.007 0.012 
 27 Axiom_KORV1    (0)    1 :  0.978 0.011 0.012 
 28 Axiom_KORV1    (0)    1 :  0.920 0.022 0.058 
 29 Axiom_KORV1    (0)    1 :  0.952 0.010 0.038 
 30 Axiom_KORV1    (0)    1 :  0.915 0.056 0.029 
 31 Axiom_KORV1    (0)    1 :  0.971 0.015 0.014 
 32 Axiom_KORV1    (0)    1 :  0.954 0.014 0.032 
 33 Axiom_KORV1    (0)    1 :  0.954 0.032 0.014 
 34 Axiom_KORV1    (0)    1 :  0.949 0.022 0.029 
 35 Axiom_KORV1    (0)    1 :  0.955 0.014 0.031 
 36 Axiom_KORV1    (0)    1 :  0.881 0.036 0.083 
 37 Axiom_KORV1    (0)    1 :  0.966 0.007 0.027 
 38 Axiom_KORV1    (0)    1 :  0.957 0.019 0.024 
 39 Axiom_KORV1    (0)    1 :  0.972 0.009 0.019 
 40 Axiom_KORV1    (0)    1 :  0.981 0.005 0.013 
 41 Axiom_KORV1    (0)    1 :  0.916 0.051 0.033 
 42 Axiom_KORV1    (0)    1 :  0.797 0.014 0.189 
 43 Axiom_KORV1    (0)    1 :  0.857 0.074 0.069 
 44 Axiom_KORV1    (0)    1 :  0.873 0.071 0.056 
 45 Axiom_KORV1    (0)    1 :  0.973 0.012 0.015 
 46 Axiom_KORV1    (0)    1 :  0.973 0.007 0.020 
 47 Axiom_KORV1    (0)    1 :  0.946 0.028 0.026 
 48 Axiom_KORV1    (0)    1 :  0.882 0.097 0.021 
 49 Axiom_KORV1    (0)    1 :  0.938 0.009 0.053 
 50 Axiom_KORV1    (0)    1 :  0.976 0.012 0.012 
 51 Axiom_KORV1    (0)    1 :  0.939 0.006 0.055 
 52 Axiom_KORV1    (0)    1 :  0.972 0.014 0.014 
 53 Axiom_KORV1    (0)    1 :  0.923 0.031 0.046 
 54 Axiom_KORV1    (0)    1 :  0.928 0.014 0.058 
 55 Axiom_KORV1    (0)    1 :  0.975 0.010 0.015 
 56 Axiom_KORV1    (0)    1 :  0.947 0.021 0.032 
 57 Axiom_KORV1    (0)    1 :  0.970 0.009 0.021 
 58 Axiom_KORV1    (0)    1 :  0.975 0.011 0.015 
 59 Axiom_KORV1    (0)    1 :  0.968 0.015 0.017 
 60 Axiom_KORV1    (0)    1 :  0.890 0.045 0.065 
 61 Axiom_KORV1    (0)    1 :  0.902 0.077 0.021 
 62 Axiom_KORV1    (0)    1 :  0.961 0.013 0.025 
 63 Axiom_KORV1    (0)    1 :  0.911 0.049 0.040 
 64 Axiom_KORV1    (0)    1 :  0.957 0.029 0.013 
 65 Axiom_KORV1    (0)    1 :  0.963 0.012 0.025 
 66 Axiom_KORV1    (0)    1 :  0.859 0.047 0.093 
 67 Axiom_KORV1    (0)    1 :  0.966 0.007 0.026 
 68 Axiom_KORV1    (0)    1 :  0.966 0.012 0.022 
 69 Axiom_KORV1    (0)    1 :  0.935 0.013 0.052 
 70 Axiom_KORV1    (0)    1 :  0.961 0.018 0.021 
 71 Axiom_KORV1    (0)    1 :  0.925 0.014 0.061 
 72 Axiom_KORV1    (0)    1 :  0.957 0.011 0.032 
 73 Axiom_KORV1    (0)    1 :  0.938 0.018 0.044 
 74 Axiom_KORV1    (0)    1 :  0.851 0.032 0.117 
 75 Axiom_KORV1    (0)    1 :  0.952 0.021 0.028 
 76 Axiom_KORV1    (0)    1 :  0.879 0.023 0.099 
 77 Axiom_KORV1    (0)    1 :  0.954 0.015 0.031 
 78 Axiom_KORV1    (0)    1 :  0.917 0.016 0.067 
 79 Axiom_KORV1    (0)    1 :  0.865 0.033 0.103 
 80 Axiom_KORV1    (0)    1 :  0.905 0.021 0.074 
 81 Axiom_KORV1    (0)    1 :  0.977 0.009 0.014 
 82 Axiom_KORV1    (0)    1 :  0.917 0.012 0.071 
 83 Axiom_KORV1    (0)    1 :  0.954 0.028 0.018 
 84 Axiom_KORV1    (0)    1 :  0.911 0.026 0.063 
 85 Axiom_KORV1    (0)    1 :  0.974 0.012 0.014 
 86 Axiom_KORV1    (0)    1 :  0.943 0.027 0.030 
 87 Axiom_KORV1    (0)    1 :  0.971 0.008 0.022 
 88 Axiom_KORV1    (0)    1 :  0.933 0.035 0.032 
 89 Axiom_KORV1    (0)    1 :  0.958 0.010 0.031 
 90 Axiom_KORV1    (0)    1 :  0.948 0.017 0.035 
 91 Axiom_KORV1    (0)    1 :  0.925 0.025 0.049 
 92 Axiom_KORV1    (0)    1 :  0.935 0.014 0.052 
 93 Axiom_KORV1    (0)    1 :  0.958 0.019 0.023 
 94 Axiom_KORV1    (0)    1 :  0.965 0.013 0.022 
 95 Axiom_KORV1    (0)    1 :  0.935 0.039 0.026 
 96 Axiom_KORV1    (0)    1 :  0.926 0.009 0.065 
 97  HG00096    (0)    4 :  0.100 0.047 0.853 
 98  HG00097    (0)    4 :  0.011 0.031 0.959 
 99  HG00099    (0)    4 :  0.019 0.148 0.833 
100  HG00100    (0)    4 :  0.070 0.068 0.862 
101  HG00101    (0)    4 :  0.029 0.043 0.929 
102  HG00102    (0)    4 :  0.018 0.057 0.926 
103  HG00103    (0)    4 :  0.030 0.079 0.892 
104  HG00105    (0)    4 :  0.016 0.079 0.905 
105  HG00106    (0)    4 :  0.016 0.080 0.904 
106  HG00107    (0)    4 :  0.009 0.036 0.955 
107  HG00108    (0)    4 :  0.020 0.094 0.885 
108  HG00109    (0)    4 :  0.015 0.105 0.879 
109  HG00110    (0)    4 :  0.010 0.168 0.822 
110  HG00111    (0)    4 :  0.019 0.025 0.956 
111  HG00112    (0)    4 :  0.016 0.037 0.946 
112  HG00113    (0)    4 :  0.013 0.222 0.765 
113  HG00114    (0)    4 :  0.011 0.009 0.980 
114  HG00115    (0)    4 :  0.025 0.036 0.939 
115  HG00116    (0)    4 :  0.013 0.071 0.916 
116  HG00117    (0)    4 :  0.025 0.058 0.916 
117  HG00118    (0)    4 :  0.026 0.056 0.918 
118  HG00119    (0)    4 :  0.019 0.085 0.896 
119  HG00120    (0)    4 :  0.016 0.148 0.836 
120  HG00121    (0)    4 :  0.021 0.032 0.946 
121  HG00122    (0)    4 :  0.015 0.063 0.922 
122  HG00123    (0)    4 :  0.010 0.051 0.939 
123  HG00125    (0)    4 :  0.009 0.027 0.963 
124  HG00126    (0)    4 :  0.016 0.011 0.973 
125  HG00127    (0)    4 :  0.024 0.075 0.901 
126  HG00128    (0)    4 :  0.017 0.064 0.919 
127  HG00129    (0)    4 :  0.015 0.041 0.943 
128  HG00130    (0)    4 :  0.052 0.021 0.927 
129  HG00131    (0)    4 :  0.017 0.099 0.884 
130  HG00132    (0)    4 :  0.019 0.074 0.907 
131  HG00133    (0)    4 :  0.030 0.078 0.892 
132  HG00136    (0)    4 :  0.049 0.122 0.829 
133  HG00137    (0)    4 :  0.015 0.089 0.895 
134  HG00138    (0)    4 :  0.015 0.128 0.857 
135  HG00139    (0)    4 :  0.039 0.221 0.740 
136  HG00140    (0)    4 :  0.034 0.013 0.953 
137  HG00141    (0)    4 :  0.019 0.012 0.969 
138  HG00142    (0)    4 :  0.013 0.077 0.910 
139  HG00143    (0)    4 :  0.010 0.113 0.877 
140  HG00145    (0)    4 :  0.013 0.106 0.881 
141  HG00146    (0)    4 :  0.029 0.054 0.917 
142  HG00148    (0)    4 :  0.023 0.029 0.948 
143  HG00149    (0)    4 :  0.010 0.086 0.903 
144  HG00150    (0)    4 :  0.027 0.040 0.933 
145  HG00151    (0)    4 :  0.026 0.142 0.832 
146  HG00154    (0)    4 :  0.008 0.041 0.951 
147  HG00155    (0)    4 :  0.010 0.154 0.836 
148  HG00157    (0)    4 :  0.009 0.142 0.849 
149  HG00158    (0)    4 :  0.046 0.088 0.866 
150  HG00159    (0)    4 :  0.021 0.098 0.881 
151  HG00160    (0)    4 :  0.013 0.017 0.971 
152  HG00171    (0)    4 :  0.034 0.125 0.841 
153  HG00173    (0)    4 :  0.089 0.040 0.871 
154  HG00174    (0)    4 :  0.017 0.103 0.879 
155  HG00176    (0)    4 :  0.013 0.031 0.956 
156  HG00177    (0)    4 :  0.021 0.030 0.948 
157  HG00178    (0)    4 :  0.025 0.120 0.854 
158  HG00179    (0)    4 :  0.039 0.114 0.848 
159  HG00180    (0)    4 :  0.024 0.093 0.883 
160  HG00181    (0)    4 :  0.037 0.165 0.798 
161  HG00182    (0)    4 :  0.027 0.046 0.927 
162  HG00183    (0)    4 :  0.022 0.034 0.944 
163  HG00185    (0)    4 :  0.042 0.140 0.818 
164  HG00186    (0)    4 :  0.045 0.040 0.915 
165  HG00187    (0)    4 :  0.011 0.080 0.910 
166  HG00188    (0)    4 :  0.118 0.127 0.755 
167  HG00189    (0)    4 :  0.028 0.058 0.914 
168  HG00190    (0)    4 :  0.009 0.048 0.943 
169  HG00231    (0)    4 :  0.007 0.025 0.969 
170  HG00232    (0)    4 :  0.012 0.009 0.978 
171  HG00233    (0)    4 :  0.022 0.015 0.963 
172  HG00234    (0)    4 :  0.022 0.072 0.905 
173  HG00235    (0)    4 :  0.043 0.082 0.875 
174  HG00236    (0)    4 :  0.014 0.072 0.914 
175  HG00237    (0)    4 :  0.027 0.167 0.806 
176  HG00238    (0)    4 :  0.021 0.126 0.853 
177  HG00239    (0)    4 :  0.019 0.205 0.776 
178  HG00240    (0)    4 :  0.020 0.034 0.947 
179  HG00242    (0)    4 :  0.027 0.040 0.933 
180  HG00243    (0)    4 :  0.015 0.028 0.957 
181  HG00244    (0)    4 :  0.010 0.085 0.905 
182  HG00245    (0)    4 :  0.036 0.105 0.859 
183  HG00246    (0)    4 :  0.030 0.029 0.941 
184  HG00250    (0)    4 :  0.023 0.114 0.863 
185  HG00251    (0)    4 :  0.011 0.142 0.847 
186  HG00252    (0)    4 :  0.023 0.022 0.955 
187  HG00253    (0)    4 :  0.006 0.145 0.850 
188  HG00254    (0)    4 :  0.011 0.045 0.944 
189  HG00255    (0)    4 :  0.012 0.080 0.908 
190  HG00256    (0)    4 :  0.015 0.022 0.963 
191  HG00257    (0)    4 :  0.021 0.047 0.933 
192  HG00258    (0)    4 :  0.022 0.032 0.945 
193  HG00259    (0)    4 :  0.025 0.030 0.945 
194  HG00260    (0)    4 :  0.061 0.058 0.880 
195  HG00261    (0)    4 :  0.012 0.036 0.952 
196  HG00262    (0)    4 :  0.018 0.090 0.891 
197  HG00263    (0)    4 :  0.029 0.154 0.817 
198  HG00264    (0)    4 :  0.011 0.068 0.921 
199  HG00265    (0)    4 :  0.016 0.027 0.957 
200  HG00266    (0)    4 :  0.167 0.091 0.742 
201  HG00267    (0)    4 :  0.084 0.022 0.894 
202  HG00268    (0)    4 :  0.008 0.033 0.958 
203  HG00269    (0)    4 :  0.016 0.084 0.899 
204  HG00271    (0)    4 :  0.045 0.028 0.927 
205  HG00272    (0)    4 :  0.057 0.027 0.917 
206  HG00273    (0)    4 :  0.043 0.017 0.940 
207  HG00274    (0)    4 :  0.068 0.062 0.871 
208  HG00275    (0)    4 :  0.100 0.081 0.819 
209  HG00276    (0)    4 :  0.120 0.080 0.800 
210  HG00277    (0)    4 :  0.021 0.049 0.930 
211  HG00278    (0)    4 :  0.027 0.045 0.928 
212  HG00280    (0)    4 :  0.128 0.062 0.809 
213  HG00281    (0)    4 :  0.020 0.130 0.850 
214  HG00282    (0)    4 :  0.057 0.074 0.869 
215  HG00284    (0)    4 :  0.031 0.063 0.906 
216  HG00285    (0)    4 :  0.051 0.074 0.875 
217  HG00288    (0)    4 :  0.029 0.025 0.947 
218  HG00290    (0)    4 :  0.060 0.037 0.903 
219  HG00304    (0)    4 :  0.029 0.082 0.889 
220  HG00306    (0)    4 :  0.017 0.048 0.935 
221  HG00308    (0)    4 :  0.011 0.142 0.847 
222  HG00309    (0)    4 :  0.017 0.075 0.909 
223  HG00310    (0)    4 :  0.079 0.032 0.889 
224  HG00311    (0)    4 :  0.029 0.073 0.898 
225  HG00313    (0)    4 :  0.017 0.044 0.939 
226  HG00315    (0)    4 :  0.218 0.027 0.755 
227  HG00318    (0)    4 :  0.011 0.069 0.921 
228  HG00319    (0)    4 :  0.133 0.031 0.836 
229  HG00320    (0)    4 :  0.154 0.040 0.807 
230  HG00321    (0)    4 :  0.052 0.047 0.901 
231  HG00323    (0)    4 :  0.029 0.114 0.857 
232  HG00324    (0)    4 :  0.026 0.103 0.871 
233  HG00325    (0)    4 :  0.027 0.050 0.923 
234  HG00326    (0)    4 :  0.052 0.036 0.913 
235  HG00327    (0)    4 :  0.018 0.102 0.879 
236  HG00328    (0)    4 :  0.017 0.019 0.965 
237  HG00329    (0)    4 :  0.128 0.056 0.816 
238  HG00330    (0)    4 :  0.032 0.029 0.939 
239  HG00331    (0)    4 :  0.052 0.021 0.927 
240  HG00332    (0)    4 :  0.030 0.047 0.923 
241  HG00334    (0)    4 :  0.029 0.104 0.868 
242  HG00335    (0)    4 :  0.034 0.064 0.902 
243  HG00336    (0)    4 :  0.021 0.058 0.920 
244  HG00337    (0)    4 :  0.095 0.052 0.853 
245  HG00338    (0)    4 :  0.040 0.177 0.783 
246  HG00339    (0)    4 :  0.025 0.082 0.893 
247  HG00341    (0)    4 :  0.091 0.058 0.852 
248  HG00342    (0)    4 :  0.096 0.040 0.865 
249  HG00343    (0)    4 :  0.027 0.069 0.904 
250  HG00344    (0)    4 :  0.104 0.047 0.849 
251  HG00345    (0)    4 :  0.021 0.071 0.908 
252  HG00346    (0)    4 :  0.019 0.056 0.925 
253  HG00349    (0)    4 :  0.067 0.040 0.892 
254  HG00350    (0)    4 :  0.012 0.027 0.961 
255  HG00351    (0)    4 :  0.182 0.099 0.719 
256  HG00353    (0)    4 :  0.037 0.138 0.825 
257  HG00355    (0)    4 :  0.073 0.128 0.799 
258  HG00356    (0)    4 :  0.023 0.132 0.845 
259  HG00357    (0)    4 :  0.052 0.060 0.888 
260  HG00358    (0)    4 :  0.044 0.156 0.800 
261  HG00360    (0)    4 :  0.032 0.131 0.837 
262  HG00361    (0)    4 :  0.044 0.064 0.892 
263  HG00362    (0)    4 :  0.086 0.089 0.825 
264  HG00364    (0)    4 :  0.023 0.019 0.957 
265  HG00365    (0)    4 :  0.017 0.061 0.922 
266  HG00366    (0)    4 :  0.045 0.182 0.774 
267  HG00367    (0)    4 :  0.019 0.013 0.968 
268  HG00368    (0)    4 :  0.079 0.062 0.859 
269  HG00369    (0)    4 :  0.019 0.028 0.953 
270  HG00371    (0)    4 :  0.017 0.031 0.952 
271  HG00372    (0)    4 :  0.113 0.027 0.861 
272  HG00373    (0)    4 :  0.051 0.019 0.930 
273  HG00375    (0)    4 :  0.024 0.020 0.955 
274  HG00376    (0)    4 :  0.057 0.062 0.881 
275  HG00378    (0)    4 :  0.024 0.071 0.905 
276  HG00379    (0)    4 :  0.047 0.173 0.780 
277  HG00380    (0)    4 :  0.085 0.074 0.841 
278  HG00381    (0)    4 :  0.025 0.012 0.964 
279  HG00382    (0)    4 :  0.043 0.039 0.918 
280  HG00383    (0)    4 :  0.031 0.096 0.873 
281  HG00384    (0)    4 :  0.012 0.106 0.882 
282  HG00403    (0)    1 :  1.000 | Pop 2: 0.000 0.000 0.000  | Pop 3: 0.000 0.000 0.000  |  
283  HG00404    (0)    1 :  1.000 | Pop 2: 0.000 0.000 0.000  | Pop 3: 0.000 0.000 0.000  |  
284  HG00406    (0)    1 :  0.996 | Pop 2: 0.000 0.000 0.000  | Pop 3: 0.000 0.000 0.004  |  
285  HG00407    (0)    1 :  1.000 | Pop 2: 0.000 0.000 0.000  | Pop 3: 0.000 0.000 0.000  |  
286  HG00409    (0)    1 :  1.000 | Pop 2: 0.000 0.000 0.000  | Pop 3: 0.000 0.000 0.000  |  
287  HG00410    (0)    1 :  0.999 | Pop 2: 0.000 0.000 0.000  | Pop 3: 0.000 0.000 0.001  |  
288  HG00419    (0)    1 :  0.999 | Pop 2: 0.000 0.000 0.000  | Pop 3: 0.000 0.000 0.001  |  
289  HG00421    (0)    1 :  1.000 | Pop 2: 0.000 0.000 0.000  | Pop 3: 0.000 0.000 0.000  |  
290  HG00422    (0)    1 :  0.999 | Pop 2: 0.000 0.000 0.000  | Pop 3: 0.000 0.000 0.001  |  
291  HG00428    (0)    1 :  1.000 | Pop 2: 0.000 0.000 0.000  | Pop 3: 0.000 0.000 0.000  |  
292  HG00436    (0)    1 :  0.999 | Pop 2: 0.000 0.000 0.000  | Pop 3: 0.000 0.000 0.001  |  
293  HG00437    (0)    1 :  1.000 | Pop 2: 0.000 0.000 0.000  | Pop 3: 0.000 0.000 0.000  |  
294  HG00442    (0)    1 :  1.000 | Pop 2: 0.000 0.000 0.000  | Pop 3: 0.000 0.000 0.000  |  
295  HG00443    (0)    1 :  1.000 | Pop 2: 0.000 0.000 0.000  | Pop 3: 0.000 0.000 0.000  |  
296  HG00445    (0)    1 :  1.000 | Pop 2: 0.000 0.000 0.000  | Pop 3: 0.000 0.000 0.000  |  
297  HG00446    (0)    1 :  1.000 | Pop 2: 0.000 0.000 0.000  | Pop 3: 0.000 0.000 0.000  |  
298  HG00448    (0)    1 :  1.000 | Pop 2: 0.000 0.000 0.000  | Pop 3: 0.000 0.000 0.000  |  
299  HG00449    (0)    1 :  1.000 | Pop 2: 0.000 0.000 0.000  | Pop 3: 0.000 0.000 0.000  |  
300  HG00451    (0)    1 :  1.000 | Pop 2: 0.000 0.000 0.000  | Pop 3: 0.000 0.000 0.000  |  
301  HG00452    (0)    1 :  1.000 | Pop 2: 0.000 0.000 0.000  | Pop 3: 0.000 0.000 0.000  |  
302  HG00457    (0)    1 :  1.000 | Pop 2: 0.000 0.000 0.000  | Pop 3: 0.000 0.000 0.000  |  
303  HG00458    (0)    1 :  1.000 | Pop 2: 0.000 0.000 0.000  | Pop 3: 0.000 0.000 0.000  |  
304  HG00463    (0)    1 :  1.000 | Pop 2: 0.000 0.000 0.000  | Pop 3: 0.000 0.000 0.000  |  
305  HG00464    (0)    1 :  1.000 | Pop 2: 0.000 0.000 0.000  | Pop 3: 0.000 0.000 0.000  |  
306  HG00472    (0)    1 :  1.000 | Pop 2: 0.000 0.000 0.000  | Pop 3: 0.000 0.000 0.000  |  
307  HG00473    (0)    1 :  1.000 | Pop 2: 0.000 0.000 0.000  | Pop 3: 0.000 0.000 0.000  |  
308  HG00475    (0)    1 :  1.000 | Pop 2: 0.000 0.000 0.000  | Pop 3: 0.000 0.000 0.000  |  
309  HG00476    (0)    1 :  1.000 | Pop 2: 0.000 0.000 0.000  | Pop 3: 0.000 0.000 0.000  |  
310  HG00478    (0)    1 :  1.000 | Pop 2: 0.000 0.000 0.000  | Pop 3: 0.000 0.000 0.000  |  
311  HG00479    (0)    1 :  1.000 | Pop 2: 0.000 0.000 0.000  | Pop 3: 0.000 0.000 0.000  |  
312  HG00500    (0)    1 :  1.000 | Pop 2: 0.000 0.000 0.000  | Pop 3: 0.000 0.000 0.000  |  
313  HG00513    (0)    1 :  0.997 | Pop 2: 0.000 0.000 0.000  | Pop 3: 0.000 0.000 0.003  |  
314  HG00524    (0)    1 :  1.000 | Pop 2: 0.000 0.000 0.000  | Pop 3: 0.000 0.000 0.000  |  
315  HG00525    (0)    1 :  1.000 | Pop 2: 0.000 0.000 0.000  | Pop 3: 0.000 0.000 0.000  |  
316  HG00530    (0)    1 :  1.000 | Pop 2: 0.000 0.000 0.000  | Pop 3: 0.000 0.000 0.000  |  
317  HG00531    (0)    1 :  1.000 | Pop 2: 0.000 0.000 0.000  | Pop 3: 0.000 0.000 0.000  |  
318  HG00533    (0)    1 :  1.000 | Pop 2: 0.000 0.000 0.000  | Pop 3: 0.000 0.000 0.000  |  
319  HG00534    (0)    1 :  0.997 | Pop 2: 0.000 0.000 0.000  | Pop 3: 0.000 0.000 0.003  |  
320  HG00536    (0)    1 :  1.000 | Pop 2: 0.000 0.000 0.000  | Pop 3: 0.000 0.000 0.000  |  
321  HG00537    (0)    1 :  1.000 | Pop 2: 0.000 0.000 0.000  | Pop 3: 0.000 0.000 0.000  |  
322  HG00542    (0)    1 :  1.000 | Pop 2: 0.000 0.000 0.000  | Pop 3: 0.000 0.000 0.000  |  
323  HG00543    (0)    1 :  1.000 | Pop 2: 0.000 0.000 0.000  | Pop 3: 0.000 0.000 0.000  |  
324  HG00551    (0)    3 :  1.000 | Pop 1: 0.000 0.000 0.000  | Pop 2: 0.000 0.000 0.000  |  
325  HG00553    (0)    3 :  0.000 | Pop 1: 0.000 0.000 0.000  | Pop 2: 0.000 0.079 0.921  |  ***
326  HG00554    (0)    3 :  1.000 | Pop 1: 0.000 0.000 0.000  | Pop 2: 0.000 0.000 0.000  |  
327  HG00556    (0)    1 :  1.000 | Pop 2: 0.000 0.000 0.000  | Pop 3: 0.000 0.000 0.000  |  
328  HG00557    (0)    1 :  1.000 | Pop 2: 0.000 0.000 0.000  | Pop 3: 0.000 0.000 0.000  |  
329  HG00559    (0)    1 :  1.000 | Pop 2: 0.000 0.000 0.000  | Pop 3: 0.000 0.000 0.000  |  
330  HG00560    (0)    1 :  1.000 | Pop 2: 0.000 0.000 0.000  | Pop 3: 0.000 0.000 0.000  |  
331  HG00565    (0)    1 :  1.000 | Pop 2: 0.000 0.000 0.000  | Pop 3: 0.000 0.000 0.000  |  
332  HG00566    (0)    1 :  1.000 | Pop 2: 0.000 0.000 0.000  | Pop 3: 0.000 0.000 0.000  |  
333  HG00580    (0)    1 :  1.000 | Pop 2: 0.000 0.000 0.000  | Pop 3: 0.000 0.000 0.000  |  
334  HG00581    (0)    1 :  1.000 | Pop 2: 0.000 0.000 0.000  | Pop 3: 0.000 0.000 0.000  |  
335  HG00583    (0)    1 :  1.000 | Pop 2: 0.000 0.000 0.000  | Pop 3: 0.000 0.000 0.000  |  
336  HG00584    (0)    1 :  1.000 | Pop 2: 0.000 0.000 0.000  | Pop 3: 0.000 0.000 0.000  |  
337  HG00589    (0)    1 :  1.000 | Pop 2: 0.000 0.000 0.000  | Pop 3: 0.000 0.000 0.000  |  
338  HG00590    (0)    1 :  1.000 | Pop 2: 0.000 0.000 0.000  | Pop 3: 0.000 0.000 0.000  |  
339  HG00592    (0)    1 :  1.000 | Pop 2: 0.000 0.000 0.000  | Pop 3: 0.000 0.000 0.000  |  
340  HG00593    (0)    1 :  1.000 | Pop 2: 0.000 0.000 0.000  | Pop 3: 0.000 0.000 0.000  |  
341  HG00595    (0)    1 :  1.000 | Pop 2: 0.000 0.000 0.000  | Pop 3: 0.000 0.000 0.000  |  
342  HG00596    (0)    1 :  1.000 | Pop 2: 0.000 0.000 0.000  | Pop 3: 0.000 0.000 0.000  |  
343  HG00598    (0)    1 :  1.000 | Pop 2: 0.000 0.000 0.000  | Pop 3: 0.000 0.000 0.000  |  
344  HG00599    (0)    1 :  1.000 | Pop 2: 0.000 0.000 0.000  | Pop 3: 0.000 0.000 0.000  |  
345  HG00607    (0)    1 :  1.000 | Pop 2: 0.000 0.000 0.000  | Pop 3: 0.000 0.000 0.000  |  
346  HG00608    (0)    1 :  1.000 | Pop 2: 0.000 0.000 0.000  | Pop 3: 0.000 0.000 0.000  |  
347  HG00610    (0)    1 :  1.000 | Pop 2: 0.000 0.000 0.000  | Pop 3: 0.000 0.000 0.000  |  
348  HG00611    (0)    1 :  1.000 | Pop 2: 0.000 0.000 0.000  | Pop 3: 0.000 0.000 0.000  |  
349  HG00613    (0)    1 :  1.000 | Pop 2: 0.000 0.000 0.000  | Pop 3: 0.000 0.000 0.000  |  
350  HG00614    (0)    1 :  1.000 | Pop 2: 0.000 0.000 0.000  | Pop 3: 0.000 0.000 0.000  |  
351  HG00619    (0)    1 :  1.000 | Pop 2: 0.000 0.000 0.000  | Pop 3: 0.000 0.000 0.000  |  
352  HG00620    (0)    1 :  1.000 | Pop 2: 0.000 0.000 0.000  | Pop 3: 0.000 0.000 0.000  |  
353  HG00622    (0)    1 :  1.000 | Pop 2: 0.000 0.000 0.000  | Pop 3: 0.000 0.000 0.000  |  
354  HG00623    (0)    1 :  1.000 | Pop 2: 0.000 0.000 0.000  | Pop 3: 0.000 0.000 0.000  |  
355  HG00625    (0)    1 :  0.999 | Pop 2: 0.000 0.000 0.000  | Pop 3: 0.000 0.000 0.001  |  
356  HG00626    (0)    1 :  1.000 | Pop 2: 0.000 0.000 0.000  | Pop 3: 0.000 0.000 0.000  |  
357  HG00628    (0)    1 :  1.000 | Pop 2: 0.000 0.000 0.000  | Pop 3: 0.000 0.000 0.000  |  
358  HG00629    (0)    1 :  1.000 | Pop 2: 0.000 0.000 0.000  | Pop 3: 0.000 0.000 0.000  |  
359  HG00631    (0)    1 :  1.000 | Pop 2: 0.000 0.000 0.000  | Pop 3: 0.000 0.000 0.000  |  
360  HG00632    (0)    1 :  1.000 | Pop 2: 0.000 0.000 0.000  | Pop 3: 0.000 0.000 0.000  |  
361  HG00634    (0)    1 :  0.993 | Pop 2: 0.000 0.000 0.000  | Pop 3: 0.000 0.000 0.007  |  
362  HG00637    (0)    3 :  0.104 | Pop 1: 0.000 0.000 0.000  | Pop 2: 0.000 0.000 0.896  |  **
363  HG00638    (0)    3 :  1.000 | Pop 1: 0.000 0.000 0.000  | Pop 2: 0.000 0.000 0.000  |  
364  HG00640    (0)    3 :  0.999 | Pop 1: 0.000 0.000 0.000  | Pop 2: 0.000 0.000 0.001  |  
365  HG00641    (0)    3 :  0.999 | Pop 1: 0.000 0.000 0.000  | Pop 2: 0.000 0.000 0.001  |  
366  HG00650    (0)    1 :  1.000 | Pop 2: 0.000 0.000 0.000  | Pop 3: 0.000 0.000 0.000  |  
367  HG00651    (0)    1 :  0.999 | Pop 2: 0.000 0.000 0.000  | Pop 3: 0.000 0.000 0.001  |  
368  HG00653    (0)    1 :  1.000 | Pop 2: 0.000 0.000 0.000  | Pop 3: 0.000 0.000 0.000  |  
369  HG00654    (0)    1 :  1.000 | Pop 2: 0.000 0.000 0.000  | Pop 3: 0.000 0.000 0.000  |  
370  HG00656    (0)    1 :  1.000 | Pop 2: 0.000 0.000 0.000  | Pop 3: 0.000 0.000 0.000  |  
371  HG00657    (0)    1 :  1.000 | Pop 2: 0.000 0.000 0.000  | Pop 3: 0.000 0.000 0.000  |  
372  HG00662    (0)    1 :  1.000 | Pop 2: 0.000 0.000 0.000  | Pop 3: 0.000 0.000 0.000  |  
373  HG00663    (0)    1 :  1.000 | Pop 2: 0.000 0.000 0.000  | Pop 3: 0.000 0.000 0.000  |  
374  HG00671    (0)    1 :  1.000 | Pop 2: 0.000 0.000 0.000  | Pop 3: 0.000 0.000 0.000  |  
375  HG00672    (0)    1 :  1.000 | Pop 2: 0.000 0.000 0.000  | Pop 3: 0.000 0.000 0.000  |  
376  HG00674    (0)    1 :  1.000 | Pop 2: 0.000 0.000 0.000  | Pop 3: 0.000 0.000 0.000  |  
377  HG00675    (0)    1 :  1.000 | Pop 2: 0.000 0.000 0.000  | Pop 3: 0.000 0.000 0.000  |  
378  HG00683    (0)    1 :  1.000 | Pop 2: 0.000 0.000 0.000  | Pop 3: 0.000 0.000 0.000  |  
379  HG00684    (0)    1 :  1.000 | Pop 2: 0.000 0.000 0.000  | Pop 3: 0.000 0.000 0.000  |  
380  HG00689    (0)    1 :  1.000 | Pop 2: 0.000 0.000 0.000  | Pop 3: 0.000 0.000 0.000  |  
381  HG00690    (0)    1 :  1.000 | Pop 2: 0.000 0.000 0.000  | Pop 3: 0.000 0.000 0.000  |  
382  HG00692    (0)    1 :  1.000 | Pop 2: 0.000 0.000 0.000  | Pop 3: 0.000 0.000 0.000  |  
383  HG00693    (0)    1 :  1.000 | Pop 2: 0.000 0.000 0.000  | Pop 3: 0.000 0.000 0.000  |  
384  HG00698    (0)    1 :  1.000 | Pop 2: 0.000 0.000 0.000  | Pop 3: 0.000 0.000 0.000  |  
385  HG00699    (0)    1 :  1.000 | Pop 2: 0.000 0.000 0.000  | Pop 3: 0.000 0.000 0.000  |  
386  HG00701    (0)    1 :  1.000 | Pop 2: 0.000 0.000 0.000  | Pop 3: 0.000 0.000 0.000  |  
387  HG00704    (0)    1 :  1.000 | Pop 2: 0.000 0.000 0.000  | Pop 3: 0.000 0.000 0.000  |  
388  HG00705    (0)    1 :  1.000 | Pop 2: 0.000 0.000 0.000  | Pop 3: 0.000 0.000 0.000  |  
389  HG00707    (0)    1 :  1.000 | Pop 2: 0.000 0.000 0.000  | Pop 3: 0.000 0.000 0.000  |  
390  HG00708    (0)    1 :  1.000 | Pop 2: 0.000 0.000 0.000  | Pop 3: 0.000 0.000 0.000  |  
391  HG00717    (0)    1 :  1.000 | Pop 2: 0.000 0.000 0.000  | Pop 3: 0.000 0.000 0.000  |  
392  HG00728    (0)    1 :  1.000 | Pop 2: 0.000 0.000 0.000  | Pop 3: 0.000 0.000 0.000  |  
393  HG00729    (0)    1 :  1.000 | Pop 2: 0.000 0.000 0.000  | Pop 3: 0.000 0.000 0.000  |  
394  HG00731    (0)    3 :  0.424 | Pop 1: 0.000 0.000 0.000  | Pop 2: 0.000 0.000 0.576  |  *
395  HG00732    (0)    3 :  1.000 | Pop 1: 0.000 0.000 0.000  | Pop 2: 0.000 0.000 0.000  |  
396  HG00734    (0)    3 :  0.136 | Pop 1: 0.000 0.000 0.000  | Pop 2: 0.000 0.000 0.864  |  **
397  HG00736    (0)    3 :  1.000 | Pop 1: 0.000 0.000 0.000  | Pop 2: 0.000 0.000 0.000  |  
398  HG00737    (0)    3 :  0.975 | Pop 1: 0.000 0.000 0.000  | Pop 2: 0.000 0.000 0.025  |  
399  HG00739    (0)    3 :  0.987 | Pop 1: 0.000 0.000 0.000  | Pop 2: 0.000 0.000 0.013  |  
400  HG00740    (0)    3 :  1.000 | Pop 1: 0.000 0.000 0.000  | Pop 2: 0.000 0.000 0.000  |  
401  HG00742    (0)    3 :  0.972 | Pop 1: 0.000 0.000 0.001  | Pop 2: 0.000 0.000 0.027  |  
402  HG00743    (0)    3 :  1.000 | Pop 1: 0.000 0.000 0.000  | Pop 2: 0.000 0.000 0.000  |  
403  HG00759    (0)    1 :  1.000 | Pop 2: 0.000 0.000 0.000  | Pop 3: 0.000 0.000 0.000  |  
404  HG00766    (0)    1 :  1.000 | Pop 2: 0.000 0.000 0.000  | Pop 3: 0.000 0.000 0.000  |  
405  HG00844    (0)    1 :  1.000 | Pop 2: 0.000 0.000 0.000  | Pop 3: 0.000 0.000 0.000  |  
406  HG00851    (0)    1 :  1.000 | Pop 2: 0.000 0.000 0.000  | Pop 3: 0.000 0.000 0.000  |  
407  HG00864    (0)    1 :  1.000 | Pop 2: 0.000 0.000 0.000  | Pop 3: 0.000 0.000 0.000  |  
408  HG00867    (0)    1 :  1.000 | Pop 2: 0.000 0.000 0.000  | Pop 3: 0.000 0.000 0.000  |  
409  HG00879    (0)    1 :  1.000 | Pop 2: 0.000 0.000 0.000  | Pop 3: 0.000 0.000 0.000  |  
410  HG00881    (0)    1 :  1.000 | Pop 2: 0.000 0.000 0.000  | Pop 3: 0.000 0.000 0.000  |  
411  HG00956    (0)    1 :  1.000 | Pop 2: 0.000 0.000 0.000  | Pop 3: 0.000 0.000 0.000  |  
412  HG00978    (0)    1 :  0.999 | Pop 2: 0.000 0.000 0.000  | Pop 3: 0.000 0.000 0.001  |  
413  HG00982    (0)    1 :  1.000 | Pop 2: 0.000 0.000 0.000  | Pop 3: 0.000 0.000 0.000  |  
414  HG01028    (0)    1 :  1.000 | Pop 2: 0.000 0.000 0.000  | Pop 3: 0.000 0.000 0.000  |  
415  HG01029    (0)    1 :  1.000 | Pop 2: 0.000 0.000 0.000  | Pop 3: 0.000 0.000 0.000  |  
416  HG01031    (0)    1 :  1.000 | Pop 2: 0.000 0.000 0.000  | Pop 3: 0.000 0.000 0.000  |  
417  HG01046    (0)    1 :  1.000 | Pop 2: 0.000 0.000 0.000  | Pop 3: 0.000 0.000 0.000  |  
418  HG01047    (0)    3 :  0.918 | Pop 1: 0.000 0.000 0.000  | Pop 2: 0.000 0.000 0.082  |  
419  HG01048    (0)    3 :  1.000 | Pop 1: 0.000 0.000 0.000  | Pop 2: 0.000 0.000 0.000  |  
420  HG01049    (0)    3 :  0.000 | Pop 1: 0.000 0.000 0.000  | Pop 2: 0.000 0.882 0.118  |  ***
421  HG01051    (0)    3 :  0.890 | Pop 1: 0.000 0.000 0.000  | Pop 2: 0.000 0.000 0.110  |  
422  HG01052    (0)    3 :  0.070 | Pop 1: 0.000 0.000 0.000  | Pop 2: 0.000 0.000 0.930  |  ***
423  HG01054    (0)    3 :  1.000 | Pop 1: 0.000 0.000 0.000  | Pop 2: 0.000 0.000 0.000  |  
424  HG01055    (0)    3 :  0.030 | Pop 1: 0.000 0.000 0.000  | Pop 2: 0.000 0.000 0.970  |  ***
425  HG01058    (0)    3 :  1.000 | Pop 1: 0.000 0.000 0.000  | Pop 2: 0.000 0.000 0.000  |  
426  HG01060    (0)    3 :  1.000 | Pop 1: 0.000 0.000 0.000  | Pop 2: 0.000 0.000 0.000  |  
427  HG01061    (0)    3 :  0.949 | Pop 1: 0.000 0.000 0.000  | Pop 2: 0.000 0.000 0.051  |  
428  HG01063    (0)    3 :  0.000 | Pop 1: 0.000 0.000 0.000  | Pop 2: 0.000 0.000 1.000  |  ***
429  HG01064    (0)    3 :  1.000 | Pop 1: 0.000 0.000 0.000  | Pop 2: 0.000 0.000 0.000  |  
430  HG01066    (0)    3 :  1.000 | Pop 1: 0.000 0.000 0.000  | Pop 2: 0.000 0.000 0.000  |  
431  HG01067    (0)    3 :  0.833 | Pop 1: 0.000 0.000 0.000  | Pop 2: 0.000 0.000 0.167  |  
432  HG01069    (0)    3 :  0.553 | Pop 1: 0.000 0.000 0.000  | Pop 2: 0.000 0.000 0.447  |  
433  HG01070    (0)    3 :  0.984 | Pop 1: 0.000 0.000 0.015  | Pop 2: 0.000 0.000 0.001  |  
434  HG01072    (0)    3 :  1.000 | Pop 1: 0.000 0.000 0.000  | Pop 2: 0.000 0.000 0.000  |  
435  HG01073    (0)    3 :  1.000 | Pop 1: 0.000 0.000 0.000  | Pop 2: 0.000 0.000 0.000  |  
436  HG01075    (0)    3 :  1.000 | Pop 1: 0.000 0.000 0.000  | Pop 2: 0.000 0.000 0.000  |  
437  HG01077    (0)    3 :  0.999 | Pop 1: 0.000 0.000 0.000  | Pop 2: 0.000 0.000 0.001  |  
438  HG01079    (0)    3 :  1.000 | Pop 1: 0.000 0.000 0.000  | Pop 2: 0.000 0.000 0.000  |  
439  HG01080    (0)    3 :  1.000 | Pop 1: 0.000 0.000 0.000  | Pop 2: 0.000 0.000 0.000  |  
440  HG01082    (0)    3 :  1.000 | Pop 1: 0.000 0.000 0.000  | Pop 2: 0.000 0.000 0.000  |  
441  HG01083    (0)    3 :  0.025 | Pop 1: 0.000 0.000 0.000  | Pop 2: 0.000 0.000 0.975  |  ***
442  HG01085    (0)    3 :  1.000 | Pop 1: 0.000 0.000 0.000  | Pop 2: 0.000 0.000 0.000  |  
443  HG01086    (0)    3 :  1.000 | Pop 1: 0.000 0.000 0.000  | Pop 2: 0.000 0.000 0.000  |  
444  HG01088    (0)    3 :  0.257 | Pop 1: 0.000 0.000 0.000  | Pop 2: 0.000 0.000 0.743  |  **
445  HG01089    (0)    3 :  1.000 | Pop 1: 0.000 0.000 0.000  | Pop 2: 0.000 0.000 0.000  |  
446  HG01092    (0)    3 :  0.971 | Pop 1: 0.000 0.000 0.000  | Pop 2: 0.000 0.000 0.029  |  
447  HG01094    (0)    3 :  1.000 | Pop 1: 0.000 0.000 0.000  | Pop 2: 0.000 0.000 0.000  |  
448  HG01095    (0)    3 :  0.101 | Pop 1: 0.000 0.000 0.000  | Pop 2: 0.000 0.000 0.899  |  **
449  HG01097    (0)    3 :  0.998 | Pop 1: 0.000 0.000 0.001  | Pop 2: 0.000 0.000 0.001  |  
450  HG01098    (0)    3 :  0.689 | Pop 1: 0.000 0.000 0.000  | Pop 2: 0.000 0.000 0.311  |  
451  HG01101    (0)    3 :  0.000 | Pop 1: 0.000 0.000 0.000  | Pop 2: 0.000 0.000 1.000  |  ***
452  HG01102    (0)    3 :  0.000 | Pop 1: 0.000 0.000 0.000  | Pop 2: 0.000 1.000 0.000  |  ***
453  HG01104    (0)    3 :  1.000 | Pop 1: 0.000 0.000 0.000  | Pop 2: 0.000 0.000 0.000  |  
454  HG01105    (0)    3 :  0.997 | Pop 1: 0.000 0.000 0.000  | Pop 2: 0.000 0.000 0.003  |  
455  HG01107    (0)    3 :  0.947 | Pop 1: 0.000 0.000 0.000  | Pop 2: 0.000 0.000 0.053  |  
456  HG01108    (0)    3 :  0.000 | Pop 1: 0.000 0.000 0.000  | Pop 2: 0.003 0.997 0.000  |  ***
457  HG01110    (0)    3 :  1.000 | Pop 1: 0.000 0.000 0.000  | Pop 2: 0.000 0.000 0.000  |  
458  HG01111    (0)    3 :  1.000 | Pop 1: 0.000 0.000 0.000  | Pop 2: 0.000 0.000 0.000  |  
459  HG01112    (0)    3 :  1.000 | Pop 1: 0.000 0.000 0.000  | Pop 2: 0.000 0.000 0.000  |  
460  HG01113    (0)    3 :  0.989 | Pop 1: 0.000 0.000 0.000  | Pop 2: 0.000 0.000 0.011  |  
461  HG01119    (0)    3 :  1.000 | Pop 1: 0.000 0.000 0.000  | Pop 2: 0.000 0.000 0.000  |  
462  HG01121    (0)    3 :  1.000 | Pop 1: 0.000 0.000 0.000  | Pop 2: 0.000 0.000 0.000  |  
463  HG01122    (0)    3 :  0.997 | Pop 1: 0.000 0.000 0.000  | Pop 2: 0.000 0.000 0.003  |  
464  HG01124    (0)    3 :  0.994 | Pop 1: 0.000 0.000 0.000  | Pop 2: 0.000 0.000 0.006  |  
465  HG01125    (0)    3 :  0.999 | Pop 1: 0.000 0.000 0.000  | Pop 2: 0.000 0.000 0.001  |  
466  HG01130    (0)    3 :  1.000 | Pop 1: 0.000 0.000 0.000  | Pop 2: 0.000 0.000 0.000  |  
467  HG01131    (0)    3 :  0.006 | Pop 1: 0.000 0.000 0.000  | Pop 2: 0.000 0.000 0.994  |  ***
468  HG01133    (0)    3 :  1.000 | Pop 1: 0.000 0.000 0.000  | Pop 2: 0.000 0.000 0.000  |  
469  HG01134    (0)    3 :  1.000 | Pop 1: 0.000 0.000 0.000  | Pop 2: 0.000 0.000 0.000  |  
470  HG01136    (0)    3 :  0.000 | Pop 1: 0.000 0.000 0.000  | Pop 2: 0.000 0.000 1.000  |  ***
471  HG01137    (0)    3 :  1.000 | Pop 1: 0.000 0.000 0.000  | Pop 2: 0.000 0.000 0.000  |  
472  HG01139    (0)    3 :  0.993 | Pop 1: 0.000 0.000 0.000  | Pop 2: 0.000 0.000 0.007  |  
473  HG01140    (0)    3 :  1.000 | Pop 1: 0.000 0.000 0.000  | Pop 2: 0.000 0.000 0.000  |  
474  HG01142    (0)    3 :  0.012 | Pop 1: 0.000 0.000 0.000  | Pop 2: 0.000 0.000 0.988  |  ***
475  HG01148    (0)    3 :  1.000 | Pop 1: 0.000 0.000 0.000  | Pop 2: 0.000 0.000 0.000  |  
476  HG01149    (0)    3 :  0.873 | Pop 1: 0.000 0.000 0.000  | Pop 2: 0.000 0.000 0.127  |  
477  HG01161    (0)    3 :  1.000 | Pop 1: 0.000 0.000 0.000  | Pop 2: 0.000 0.000 0.000  |  
478  HG01162    (0)    3 :  1.000 | Pop 1: 0.000 0.000 0.000  | Pop 2: 0.000 0.000 0.000  |  
479  HG01164    (0)    3 :  1.000 | Pop 1: 0.000 0.000 0.000  | Pop 2: 0.000 0.000 0.000  |  
480  HG01167    (0)    3 :  0.000 | Pop 1: 0.000 0.000 0.000  | Pop 2: 0.000 0.000 0.999  |  ***
481  HG01168    (0)    3 :  0.963 | Pop 1: 0.000 0.000 0.000  | Pop 2: 0.000 0.000 0.037  |  
482  HG01170    (0)    3 :  0.788 | Pop 1: 0.000 0.000 0.000  | Pop 2: 0.000 0.000 0.212  |  
483  HG01171    (0)    3 :  1.000 | Pop 1: 0.000 0.000 0.000  | Pop 2: 0.000 0.000 0.000  |  
484  HG01173    (0)    3 :  0.899 | Pop 1: 0.000 0.000 0.000  | Pop 2: 0.000 0.000 0.101  |  
485  HG01174    (0)    3 :  0.478 | Pop 1: 0.000 0.000 0.000  | Pop 2: 0.000 0.000 0.522  |  *
486  HG01176    (0)    3 :  1.000 | Pop 1: 0.000 0.000 0.000  | Pop 2: 0.000 0.000 0.000  |  
487  HG01177    (0)    3 :  0.694 | Pop 1: 0.000 0.000 0.000  | Pop 2: 0.000 0.000 0.306  |  
488  HG01182    (0)    3 :  0.004 | Pop 1: 0.000 0.000 0.000  | Pop 2: 0.000 0.000 0.996  |  ***
489  HG01183    (0)    3 :  0.997 | Pop 1: 0.000 0.000 0.000  | Pop 2: 0.000 0.000 0.003  |  
490  HG01187    (0)    3 :  1.000 | Pop 1: 0.000 0.000 0.000  | Pop 2: 0.000 0.000 0.000  |  
491  HG01188    (0)    3 :  0.000 | Pop 1: 0.000 0.000 0.000  | Pop 2: 0.000 0.000 1.000  |  ***
492  HG01190    (0)    3 :  0.085 | Pop 1: 0.000 0.000 0.000  | Pop 2: 0.000 0.000 0.915  |  ***
493  HG01191    (0)    3 :  0.857 | Pop 1: 0.000 0.000 0.143  | Pop 2: 0.000 0.000 0.000  |  
494  HG01197    (0)    3 :  1.000 | Pop 1: 0.000 0.000 0.000  | Pop 2: 0.000 0.000 0.000  |  
495  HG01198    (0)    3 :  0.001 | Pop 1: 0.000 0.000 0.000  | Pop 2: 0.000 0.000 0.999  |  ***
496  HG01200    (0)    3 :  1.000 | Pop 1: 0.000 0.000 0.000  | Pop 2: 0.000 0.000 0.000  |  
497  HG01204    (0)    3 :  1.000 | Pop 1: 0.000 0.000 0.000  | Pop 2: 0.000 0.000 0.000  |  
498  HG01205    (0)    3 :  1.000 | Pop 1: 0.000 0.000 0.000  | Pop 2: 0.000 0.000 0.000  |  
499  HG01241    (0)    3 :  0.000 | Pop 1: 0.000 0.000 0.000  | Pop 2: 0.000 1.000 0.000  |  ***
500  HG01242    (0)    3 :  0.000 | Pop 1: 0.000 0.000 0.000  | Pop 2: 1.000 0.000 0.000  |  ***
501  HG01247    (0)    3 :  0.000 | Pop 1: 0.000 0.000 0.000  | Pop 2: 0.000 0.001 0.999  |  ***
502  HG01248    (0)    3 :  0.995 | Pop 1: 0.000 0.000 0.000  | Pop 2: 0.000 0.000 0.005  |  
503  HG01250    (0)    3 :  1.000 | Pop 1: 0.000 0.000 0.000  | Pop 2: 0.000 0.000 0.000  |  
504  HG01251    (0)    3 :  1.000 | Pop 1: 0.000 0.000 0.000  | Pop 2: 0.000 0.000 0.000  |  
505  HG01253    (0)    3 :  1.000 | Pop 1: 0.000 0.000 0.000  | Pop 2: 0.000 0.000 0.000  |  
506  HG01254    (0)    3 :  1.000 | Pop 1: 0.000 0.000 0.000  | Pop 2: 0.000 0.000 0.000  |  
507  HG01256    (0)    3 :  0.999 | Pop 1: 0.000 0.000 0.000  | Pop 2: 0.000 0.000 0.001  |  
508  HG01257    (0)    3 :  0.860 | Pop 1: 0.000 0.000 0.000  | Pop 2: 0.000 0.000 0.140  |  
509  HG01259    (0)    3 :  1.000 | Pop 1: 0.000 0.000 0.000  | Pop 2: 0.000 0.000 0.000  |  
510  HG01260    (0)    3 :  0.999 | Pop 1: 0.000 0.000 0.001  | Pop 2: 0.000 0.000 0.000  |  
511  HG01269    (0)    3 :  1.000 | Pop 1: 0.000 0.000 0.000  | Pop 2: 0.000 0.000 0.000  |  
512  HG01271    (0)    3 :  0.999 | Pop 1: 0.000 0.000 0.001  | Pop 2: 0.000 0.000 0.000  |  
513  HG01272    (0)    3 :  0.000 | Pop 1: 0.000 0.000 0.000  | Pop 2: 0.000 0.000 1.000  |  ***
514  HG01275    (0)    3 :  1.000 | Pop 1: 0.000 0.000 0.000  | Pop 2: 0.000 0.000 0.000  |  
515  HG01277    (0)    3 :  0.875 | Pop 1: 0.000 0.000 0.000  | Pop 2: 0.000 0.000 0.125  |  
516  HG01280    (0)    3 :  0.976 | Pop 1: 0.000 0.000 0.000  | Pop 2: 0.000 0.000 0.024  |  
517  HG01281    (0)    3 :  1.000 | Pop 1: 0.000 0.000 0.000  | Pop 2: 0.000 0.000 0.000  |  
518  HG01284    (0)    3 :  1.000 | Pop 1: 0.000 0.000 0.000  | Pop 2: 0.000 0.000 0.000  |  
519  HG01286    (0)    3 :  0.000 | Pop 1: 0.000 0.000 0.000  | Pop 2: 0.000 0.983 0.017  |  ***
520  HG01302    (0)    3 :  0.828 | Pop 1: 0.000 0.000 0.000  | Pop 2: 0.000 0.000 0.172  |  
521  HG01303    (0)    3 :  0.062 | Pop 1: 0.000 0.000 0.000  | Pop 2: 0.000 0.000 0.938  |  ***
522  HG01305    (0)    3 :  0.000 | Pop 1: 0.000 0.000 0.000  | Pop 2: 0.000 0.088 0.912  |  ***
523  HG01308    (0)    3 :  0.000 | Pop 1: 0.000 0.000 0.000  | Pop 2: 0.000 0.000 1.000  |  ***
524  HG01311    (0)    3 :  1.000 | Pop 1: 0.000 0.000 0.000  | Pop 2: 0.000 0.000 0.000  |  
525  HG01312    (0)    3 :  1.000 | Pop 1: 0.000 0.000 0.000  | Pop 2: 0.000 0.000 0.000  |  
526  HG01323    (0)    3 :  1.000 | Pop 1: 0.000 0.000 0.000  | Pop 2: 0.000 0.000 0.000  |  
527  HG01325    (0)    3 :  0.000 | Pop 1: 0.000 0.000 0.000  | Pop 2: 0.000 0.000 1.000  |  ***
528  HG01326    (0)    3 :  0.817 | Pop 1: 0.000 0.000 0.000  | Pop 2: 0.000 0.000 0.183  |  
529  HG01334    (0)    4 :  0.039 0.037 0.924 
530  HG01341    (0)    3 :  1.000 | Pop 1: 0.000 0.000 0.000  | Pop 2: 0.000 0.000 0.000  |  
531  HG01342    (0)    3 :  0.000 | Pop 1: 0.000 0.000 0.000  | Pop 2: 0.000 0.000 1.000  |  ***
532  HG01344    (0)    3 :  1.000 | Pop 1: 0.000 0.000 0.000  | Pop 2: 0.000 0.000 0.000  |  
533  HG01345    (0)    3 :  1.000 | Pop 1: 0.000 0.000 0.000  | Pop 2: 0.000 0.000 0.000  |  
534  HG01348    (0)    3 :  1.000 | Pop 1: 0.000 0.000 0.000  | Pop 2: 0.000 0.000 0.000  |  
535  HG01350    (0)    3 :  1.000 | Pop 1: 0.000 0.000 0.000  | Pop 2: 0.000 0.000 0.000  |  
536  HG01351    (0)    3 :  1.000 | Pop 1: 0.000 0.000 0.000  | Pop 2: 0.000 0.000 0.000  |  
537  HG01353    (0)    3 :  1.000 | Pop 1: 0.000 0.000 0.000  | Pop 2: 0.000 0.000 0.000  |  
538  HG01354    (0)    3 :  1.000 | Pop 1: 0.000 0.000 0.000  | Pop 2: 0.000 0.000 0.000  |  
539  HG01356    (0)    3 :  1.000 | Pop 1: 0.000 0.000 0.000  | Pop 2: 0.000 0.000 0.000  |  
540  HG01357    (0)    3 :  1.000 | Pop 1: 0.000 0.000 0.000  | Pop 2: 0.000 0.000 0.000  |  
541  HG01359    (0)    3 :  0.885 | Pop 1: 0.000 0.000 0.000  | Pop 2: 0.000 0.000 0.115  |  
