  1:	0.991  0.004  0.004  0.001	1
  2:	0.976  0.002  0.005  0.017	1
  3:	0.990  0.002  0.007  0.001	1
  4:	0.979  0.009  0.006  0.006	1
  5:	0.963  0.014  0.002  0.021	1
  6:	0.968  0.011  0.017  0.004	1
  7:	0.989  0.003  0.002  0.006	1
  8:	0.994  0.001  0.005  0.000	1
  9:	0.995  0.004  0.001  0.001	1
 10:	0.991  0.002  0.003  0.004	1
 11:	0.945  0.046  0.004  0.005	1
 12:	0.986  0.007  0.003  0.004	1
 13:	0.980  0.004  0.005  0.011	1
 14:	0.985  0.007  0.003  0.006	1
 15:	0.977  0.004  0.004  0.015	1
 16:	0.996  0.002  0.001  0.001	1
 17:	0.953  0.035  0.008  0.004	1
 18:	0.996  0.002  0.001  0.001	1
 19:	0.994  0.004  0.001  0.002	1
 20:	0.980  0.002  0.014  0.004	1
 21:	0.984  0.004  0.008  0.004	1
 22:	0.963  0.031  0.003  0.002	1
 23:	0.990  0.004  0.002  0.004	1
 24:	0.977  0.011  0.003  0.009	1
 25:	0.995  0.003  0.001  0.001	1
 26:	0.998  0.001  0.000  0.001	1
 27:	0.985  0.012  0.003  0.001	1
 28:	0.929  0.012  0.001  0.058	1
 29:	0.973  0.015  0.003  0.009	1
 30:	0.971  0.005  0.014  0.010	1
 31:	0.998  0.001  0.001  0.001	1
 32:	0.981  0.010  0.001  0.008	1
 33:	0.964  0.025  0.009  0.003	1
 34:	0.986  0.006  0.002  0.006	1
 35:	0.984  0.004  0.003  0.009	1
 36:	0.981  0.003  0.012  0.004	1
 37:	0.994  0.001  0.002  0.003	1
 38:	0.983  0.008  0.003  0.006	1
 39:	0.994  0.003  0.001  0.002	1
 40:	0.996  0.002  0.001  0.001	1
 41:	0.973  0.010  0.005  0.012	1
 42:	0.856  0.018  0.000  0.126	1
 43:	0.873  0.076  0.035  0.016	1
 44:	0.919  0.006  0.053  0.022	1
 45:	0.992  0.005  0.001  0.002	1
 46:	0.989  0.002  0.001  0.009	1
 47:	0.976  0.006  0.010  0.009	1
 48:	0.905  0.017  0.077  0.002	1
 49:	0.993  0.001  0.001  0.004	1
 50:	0.995  0.003  0.001  0.001	1
 51:	0.983  0.008  0.000  0.009	1
 52:	0.994  0.004  0.001  0.002	1
 53:	0.982  0.007  0.008  0.002	1
 54:	0.983  0.004  0.007  0.005	1
 55:	0.990  0.007  0.001  0.002	1
 56:	0.988  0.004  0.003  0.005	1
 57:	0.991  0.005  0.001  0.003	1
 58:	0.995  0.001  0.002  0.002	1
 59:	0.993  0.003  0.001  0.003	1
 60:	0.911  0.002  0.035  0.052	1
 61:	0.915  0.005  0.067  0.013	1
 62:	0.992  0.002  0.003  0.003	1
 63:	0.954  0.005  0.025  0.015	1
 64:	0.986  0.005  0.007  0.002	1
 65:	0.993  0.001  0.001  0.006	1
 66:	0.890  0.063  0.010  0.037	1
 67:	0.993  0.003  0.002  0.002	1
 68:	0.995  0.001  0.002  0.001	1
 69:	0.980  0.011  0.001  0.007	1
 70:	0.973  0.021  0.003  0.003	1
 71:	0.977  0.006  0.001  0.016	1
 72:	0.987  0.005  0.003  0.005	1
 73:	0.989  0.004  0.004  0.004	1
 74:	0.936  0.026  0.009  0.029	1
 75:	0.976  0.016  0.002  0.005	1
 76:	0.959  0.028  0.001  0.012	1
 77:	0.990  0.001  0.007  0.002	1
 78:	0.980  0.002  0.003  0.015	1
 79:	0.921  0.043  0.018  0.019	1
 80:	0.935  0.027  0.004  0.034	1
 81:	0.988  0.007  0.003  0.002	1
 82:	0.962  0.027  0.002  0.009	1
 83:	0.990  0.004  0.004  0.002	1
 84:	0.971  0.016  0.006  0.006	1
 85:	0.995  0.001  0.002  0.002	1
 86:	0.973  0.013  0.009  0.006	1
 87:	0.993  0.003  0.001  0.003	1
 88:	0.960  0.021  0.010  0.008	1
 89:	0.986  0.006  0.003  0.005	1
 90:	0.990  0.004  0.003  0.003	1
 91:	0.716  0.280  0.002  0.001	1
 92:	0.992  0.003  0.005  0.001	1
 93:	0.986  0.004  0.007  0.003	1
 94:	0.992  0.003  0.002  0.003	1
 95:	0.985  0.005  0.008  0.002	1
 96:	0.991  0.002  0.001  0.007	1
 97:	0.007  0.007  0.001  0.985	1
 98:	0.001  0.002  0.002  0.995	1
 99:	0.002  0.014  0.012  0.973	1
100:	0.004  0.011  0.003  0.982	1
101:	0.001  0.002  0.001  0.996	1
102:	0.001  0.002  0.003  0.995	1
103:	0.001  0.007  0.005  0.987	1
104:	0.001  0.003  0.002  0.993	1
105:	0.001  0.002  0.002  0.996	1
106:	0.002  0.002  0.004  0.992	1
107:	0.009  0.006  0.004  0.982	1
108:	0.001  0.002  0.006  0.992	1
109:	0.001  0.007  0.007  0.986	1
110:	0.003  0.001  0.002  0.994	1
111:	0.002  0.011  0.001  0.985	1
112:	0.001  0.018  0.032  0.949	1
113:	0.004  0.015  0.002  0.980	1
114:	0.001  0.002  0.001  0.996	1
115:	0.003  0.004  0.003  0.990	1
116:	0.003  0.004  0.001  0.992	1
117:	0.003  0.005  0.005  0.987	1
118:	0.000  0.029  0.002  0.969	1
119:	0.004  0.001  0.001  0.994	1
120:	0.001  0.001  0.002  0.996	1
121:	0.001  0.002  0.004  0.992	1
122:	0.001  0.002  0.001  0.997	1
123:	0.001  0.001  0.001  0.998	1
124:	0.001  0.001  0.001  0.998	1
125:	0.003  0.020  0.001  0.977	1
126:	0.004  0.005  0.001  0.991	1
127:	0.001  0.004  0.002  0.994	1
128:	0.002  0.003  0.001  0.994	1
129:	0.004  0.001  0.001  0.994	1
130:	0.004  0.006  0.003  0.987	1
131:	0.006  0.003  0.002  0.989	1
132:	0.008  0.012  0.007  0.973	1
133:	0.001  0.001  0.002  0.996	1
134:	0.006  0.007  0.015  0.972	1
135:	0.006  0.027  0.009  0.959	1
136:	0.004  0.015  0.001  0.980	1
137:	0.001  0.006  0.000  0.992	1
138:	0.001  0.001  0.003  0.995	1
139:	0.001  0.005  0.001  0.993	1
140:	0.001  0.001  0.004  0.993	1
141:	0.007  0.002  0.002  0.989	1
142:	0.001  0.000  0.001  0.997	1
143:	0.001  0.002  0.005  0.992	1
144:	0.002  0.001  0.001  0.996	1
145:	0.002  0.035  0.005  0.958	1
146:	0.001  0.002  0.001  0.996	1
147:	0.002  0.001  0.004  0.994	1
148:	0.001  0.022  0.003  0.974	1
149:	0.005  0.007  0.002  0.986	1
150:	0.003  0.007  0.007  0.983	1
151:	0.003  0.002  0.001  0.994	1
152:	0.005  0.018  0.013  0.964	1
153:	0.036  0.027  0.003  0.934	1
154:	0.010  0.008  0.005  0.977	1
155:	0.004  0.006  0.001  0.989	1
156:	0.003  0.022  0.001  0.974	1
157:	0.009  0.021  0.013  0.957	1
158:	0.005  0.117  0.001  0.876	1
159:	0.001  0.038  0.002  0.959	1
160:	0.004  0.012  0.014  0.971	1
161:	0.004  0.022  0.006  0.968	1
162:	0.002  0.005  0.002  0.992	1
163:	0.012  0.007  0.014  0.967	1
164:	0.013  0.012  0.001  0.974	1
165:	0.004  0.018  0.005  0.973	1
166:	0.038  0.016  0.002  0.944	1
167:	0.001  0.010  0.000  0.988	1
168:	0.003  0.002  0.003  0.992	1
169:	0.002  0.001  0.001  0.996	1
170:	0.003  0.005  0.000  0.992	1
171:	0.002  0.010  0.001  0.986	1
172:	0.011  0.054  0.002  0.933	1
173:	0.003  0.058  0.004  0.935	1
174:	0.001  0.002  0.003  0.994	1
175:	0.001  0.002  0.002  0.995	1
176:	0.001  0.010  0.005  0.984	1
177:	0.003  0.014  0.006  0.978	1
178:	0.001  0.002  0.000  0.997	1
179:	0.001  0.121  0.001  0.877	1
180:	0.003  0.001  0.001  0.995	1
181:	0.000  0.003  0.002  0.994	1
182:	0.004  0.004  0.005  0.986	1
183:	0.009  0.019  0.003  0.969	1
184:	0.004  0.004  0.003  0.989	1
185:	0.001  0.007  0.005  0.986	1
186:	0.001  0.002  0.002  0.996	1
187:	0.001  0.001  0.001  0.997	1
188:	0.001  0.002  0.001  0.997	1
189:	0.001  0.012  0.004  0.983	1
190:	0.002  0.007  0.001  0.991	1
191:	0.003  0.008  0.001  0.988	1
192:	0.002  0.022  0.001  0.975	1
193:	0.006  0.003  0.002  0.989	1
194:	0.016  0.003  0.006  0.976	1
195:	0.001  0.003  0.001  0.995	1
196:	0.001  0.004  0.003  0.992	1
197:	0.002  0.005  0.008  0.985	1
198:	0.002  0.003  0.003  0.992	1
199:	0.007  0.017  0.001  0.974	1
200:	0.172  0.005  0.004  0.819	1
201:	0.057  0.007  0.001  0.936	1
202:	0.002  0.001  0.001  0.997	1
203:	0.006  0.005  0.005  0.983	1
204:	0.068  0.003  0.002  0.927	1
205:	0.064  0.003  0.002  0.932	1
206:	0.109  0.004  0.003  0.884	1
207:	0.047  0.027  0.005  0.921	1
208:	0.013  0.020  0.001  0.966	1
209:	0.003  0.444  0.003  0.550	1
210:	0.001  0.002  0.001  0.996	1
211:	0.014  0.019  0.002  0.965	1
212:	0.116  0.028  0.002  0.853	1
213:	0.011  0.029  0.014  0.947	1
214:	0.033  0.038  0.004  0.925	1
215:	0.008  0.003  0.001  0.989	1
216:	0.004  0.010  0.003  0.983	1
217:	0.010  0.043  0.002  0.945	1
218:	0.011  0.045  0.002  0.942	1
219:	0.018  0.007  0.031  0.945	1
220:	0.002  0.002  0.004  0.992	1
221:	0.005  0.003  0.005  0.987	1
222:	0.006  0.049  0.003  0.942	1
223:	0.042  0.008  0.001  0.949	1
224:	0.007  0.011  0.003  0.979	1
225:	0.001  0.001  0.001  0.997	1
226:	0.229  0.050  0.002  0.719	1
227:	0.001  0.006  0.003  0.990	1
228:	0.018  0.006  0.002  0.974	1
229:	0.145  0.196  0.000  0.659	1
230:	0.082  0.030  0.006  0.881	1
231:	0.006  0.041  0.003  0.950	1
232:	0.012  0.007  0.013  0.968	1
233:	0.008  0.008  0.001  0.983	1
234:	0.052  0.014  0.001  0.934	1
235:	0.002  0.007  0.012  0.979	1
236:	0.003  0.007  0.002  0.988	1
237:	0.097  0.070  0.001  0.832	1
238:	0.013  0.022  0.002  0.963	1
239:	0.033  0.018  0.002  0.947	1
240:	0.014  0.002  0.001  0.983	1
241:	0.001  0.004  0.005  0.990	1
242:	0.010  0.007  0.005  0.979	1
243:	0.001  0.008  0.004  0.987	1
244:	0.089  0.005  0.001  0.904	1
245:	0.005  0.008  0.014  0.973	1
246:	0.002  0.008  0.005  0.984	1
247:	0.053  0.022  0.001  0.924	1
248:	0.051  0.060  0.001  0.888	1
249:	0.005  0.003  0.003  0.989	1
250:	0.031  0.012  0.004  0.953	1
251:	0.002  0.009  0.002  0.987	1
252:	0.003  0.010  0.002  0.985	1
253:	0.031  0.015  0.001  0.953	1
254:	0.001  0.004  0.001  0.994	1
255:	0.063  0.357  0.001  0.579	1
256:	0.006  0.015  0.014  0.965	1
257:	0.006  0.007  0.004  0.983	1
258:	0.002  0.001  0.002  0.995	1
259:	0.002  0.006  0.006  0.986	1
260:	0.009  0.066  0.015  0.909	1
261:	0.086  0.018  0.028  0.868	1
262:	0.024  0.084  0.007  0.885	1
263:	0.057  0.041  0.008  0.894	1
264:	0.008  0.003  0.001  0.989	1
265:	0.006  0.081  0.001  0.912	1
266:	0.021  0.017  0.041  0.921	1
267:	0.003  0.001  0.000  0.996	1
268:	0.061  0.025  0.001  0.913	1
269:	0.001  0.002  0.001  0.996	1
270:	0.006  0.020  0.002  0.973	1
271:	0.127  0.002  0.001  0.869	1
272:	0.006  0.029  0.001  0.964	1
273:	0.003  0.006  0.004  0.987	1
274:	0.006  0.020  0.002  0.973	1
275:	0.005  0.002  0.009  0.984	1
276:	0.014  0.019  0.038  0.928	1
277:	0.063  0.092  0.007  0.838	1
278:	0.006  0.003  0.001  0.989	1
279:	0.012  0.004  0.003  0.981	1
280:	0.004  0.008  0.004  0.984	1
281:	0.002  0.006  0.007  0.985	1
282:	0.995  0.001  0.002  0.002	1
283:	0.996  0.002  0.001  0.001	1
284:	0.976  0.002  0.006  0.017	1
285:	0.986  0.008  0.003  0.003	1
286:	0.994  0.001  0.004  0.001	1
287:	0.983  0.011  0.004  0.002	1
288:	0.968  0.019  0.004  0.009	1
289:	0.996  0.002  0.001  0.002	1
290:	0.987  0.006  0.002  0.005	1
291:	0.993  0.003  0.002  0.002	1
292:	0.991  0.004  0.003  0.001	1
293:	0.971  0.014  0.001  0.013	1
294:	0.987  0.003  0.001  0.008	1
295:	0.994  0.002  0.001  0.003	1
296:	0.995  0.002  0.002  0.001	1
297:	0.994  0.003  0.002  0.001	1
298:	0.993  0.002  0.005  0.001	1
299:	0.995  0.001  0.001  0.003	1
300:	0.986  0.006  0.004  0.004	1
301:	0.989  0.004  0.005  0.002	1
302:	0.983  0.003  0.011  0.003	1
303:	0.993  0.003  0.002  0.001	1
304:	0.966  0.005  0.022  0.006	1
305:	0.975  0.023  0.001  0.001	1
306:	0.991  0.003  0.003  0.003	1
307:	0.976  0.018  0.003  0.003	1
308:	0.983  0.006  0.002  0.008	1
309:	0.987  0.005  0.001  0.006	1
310:	0.986  0.003  0.010  0.002	1
311:	0.988  0.004  0.003  0.005	1
312:	0.996  0.001  0.001  0.002	1
313:	0.925  0.006  0.001  0.068	1
314:	0.988  0.001  0.008  0.003	1
315:	0.989  0.004  0.005  0.002	1
316:	0.948  0.003  0.023  0.026	1
317:	0.994  0.003  0.002  0.002	1
318:	0.980  0.004  0.003  0.012	1
319:	0.948  0.027  0.003  0.022	1
320:	0.985  0.004  0.010  0.002	1
321:	0.992  0.002  0.003  0.004	1
322:	0.994  0.003  0.001  0.002	1
323:	0.990  0.005  0.001  0.005	1
324:	0.004  0.006  0.012  0.978	1
325:	0.007  0.259  0.355  0.378	1
326:	0.002  0.006  0.006  0.986	1
327:	0.984  0.008  0.005  0.003	1
328:	0.996  0.001  0.001  0.002	1
329:	0.989  0.003  0.003  0.004	1
330:	0.993  0.003  0.002  0.002	1
331:	0.986  0.005  0.001  0.008	1
332:	0.997  0.001  0.001  0.001	1
333:	0.996  0.001  0.002  0.001	1
334:	0.974  0.010  0.004  0.012	1
335:	0.991  0.005  0.001  0.003	1
336:	0.995  0.002  0.002  0.001	1
337:	0.987  0.009  0.001  0.003	1
338:	0.974  0.020  0.002  0.004	1
339:	0.992  0.005  0.001  0.002	1
340:	0.992  0.004  0.002  0.002	1
341:	0.997  0.001  0.000  0.002	1
342:	0.997  0.002  0.000  0.001	1
343:	0.994  0.003  0.001  0.002	1
344:	0.991  0.004  0.002  0.003	1
345:	0.995  0.001  0.002  0.002	1
346:	0.992  0.005  0.001  0.001	1
347:	0.979  0.011  0.001  0.009	1
348:	0.992  0.001  0.002  0.004	1
349:	0.990  0.006  0.001  0.002	1
350:	0.982  0.005  0.010  0.003	1
351:	0.990  0.005  0.003  0.002	1
352:	0.990  0.002  0.002  0.006	1
353:	0.959  0.029  0.004  0.008	1
354:	0.994  0.001  0.004  0.001	1
355:	0.982  0.008  0.008  0.001	1
356:	0.994  0.002  0.001  0.003	1
357:	0.988  0.007  0.004  0.001	1
358:	0.982  0.006  0.002  0.009	1
359:	0.978  0.005  0.003  0.014	1
360:	0.984  0.005  0.001  0.010	1
361:	0.980  0.009  0.009  0.002	1
362:	0.008  0.225  0.149  0.619	1
363:	0.216  0.046  0.023  0.715	1
364:	0.022  0.039  0.006  0.933	1
365:	0.131  0.016  0.021  0.832	1
366:	0.985  0.009  0.002  0.004	1
367:	0.961  0.021  0.006  0.012	1
368:	0.993  0.004  0.001  0.002	1
369:	0.973  0.013  0.006  0.008	1
370:	0.995  0.003  0.002  0.001	1
371:	0.968  0.012  0.004  0.016	1
372:	0.996  0.002  0.001  0.001	1
373:	0.988  0.004  0.003  0.005	1
374:	0.995  0.002  0.001  0.002	1
375:	0.990  0.004  0.004  0.002	1
376:	0.954  0.043  0.001  0.002	1
377:	0.992  0.003  0.003  0.002	1
378:	0.995  0.001  0.001  0.003	1
379:	0.992  0.003  0.003  0.001	1
380:	0.996  0.001  0.002  0.001	1
381:	0.944  0.032  0.021  0.003	1
382:	0.994  0.003  0.001  0.002	1
383:	0.996  0.001  0.001  0.002	1
384:	0.977  0.007  0.008  0.008	1
385:	0.958  0.005  0.025  0.012	1
386:	0.991  0.004  0.003  0.002	1
387:	0.976  0.013  0.005  0.006	1
388:	0.990  0.004  0.005  0.002	1
389:	0.994  0.002  0.003  0.001	1
390:	0.978  0.011  0.004  0.007	1
391:	0.984  0.011  0.003  0.002	1
392:	0.993  0.004  0.002  0.002	1
393:	0.994  0.003  0.002  0.001	1
394:	0.022  0.023  0.029  0.926	1
395:	0.042  0.023  0.001  0.934	1
396:	0.003  0.122  0.129  0.747	1
397:	0.012  0.019  0.004  0.965	1
398:	0.004  0.002  0.017  0.977	1
399:	0.004  0.005  0.003  0.988	1
400:	0.080  0.011  0.030  0.879	1
401:	0.032  0.003  0.021  0.944	1
402:	0.038  0.048  0.002  0.911	1
403:	0.993  0.005  0.001  0.002	1
404:	0.890  0.096  0.002  0.012	1
405:	0.990  0.006  0.002  0.003	1
406:	0.994  0.002  0.001  0.002	1
407:	0.994  0.003  0.002  0.001	1
408:	0.924  0.006  0.067  0.003	1
409:	0.994  0.003  0.001  0.002	1
410:	0.997  0.001  0.002  0.001	1
411:	0.977  0.010  0.009  0.004	1
412:	0.989  0.004  0.003  0.004	1
413:	0.995  0.001  0.001  0.003	1
414:	0.994  0.004  0.001  0.001	1
415:	0.992  0.003  0.002  0.003	1
416:	0.992  0.003  0.001  0.004	1
417:	0.921  0.070  0.003  0.006	1
418:	0.003  0.025  0.010  0.963	1
419:	0.256  0.022  0.002  0.720	1
420:	0.008  0.010  0.433  0.550	1
421:	0.009  0.051  0.051  0.890	1
422:	0.011  0.023  0.145  0.820	1
423:	0.099  0.020  0.009  0.872	1
424:	0.007  0.002  0.179  0.812	1
425:	0.162  0.003  0.001  0.834	1
426:	0.007  0.003  0.013  0.977	1
427:	0.008  0.004  0.009  0.979	1
428:	0.001  0.038  0.248  0.712	1
429:	0.137  0.003  0.006  0.854	1
430:	0.145  0.001  0.003  0.850	1
431:	0.001  0.002  0.003  0.994	1
432:	0.007  0.037  0.078  0.878	1
433:	0.154  0.081  0.009  0.756	1
434:	0.036  0.060  0.006  0.898	1
435:	0.292  0.001  0.052  0.655	1
436:	0.025  0.011  0.004  0.960	1
437:	0.003  0.005  0.009  0.984	1
438:	0.002  0.019  0.003  0.976	1
439:	0.138  0.023  0.011  0.829	1
440:	0.355  0.202  0.004  0.439	1
441:	0.002  0.004  0.195  0.799	1
442:	0.006  0.011  0.009  0.973	1
443:	0.130  0.001  0.008  0.862	1
444:	0.006  0.006  0.072  0.915	1
445:	0.003  0.001  0.004  0.991	1
446:	0.003  0.004  0.032  0.962	1
447:	0.055  0.092  0.009  0.845	1
448:	0.003  0.003  0.126  0.868	1
449:	0.083  0.007  0.003  0.907	1
450:	0.014  0.012  0.121  0.853	1
451:	0.004  0.005  0.283  0.708	1
452:	0.001  0.006  0.641  0.352	1
453:	0.002  0.014  0.009  0.975	1
454:	0.005  0.104  0.005  0.887	1
455:	0.002  0.008  0.030  0.960	1
456:	0.032  0.014  0.742  0.213	1
457:	0.230  0.097  0.005  0.668	1
458:	0.156  0.081  0.003  0.760	1
459:	0.003  0.004  0.002  0.990	1
460:	0.154  0.002  0.089  0.754	1
461:	0.249  0.004  0.004  0.743	1
462:	0.276  0.001  0.003  0.720	1
463:	0.150  0.006  0.159  0.685	1
464:	0.024  0.038  0.020  0.918	1
465:	0.028  0.013  0.009  0.950	1
466:	0.004  0.339  0.007  0.651	1
467:	0.001  0.000  0.223  0.776	1
468:	0.337  0.001  0.001  0.661	1
469:	0.003  0.015  0.003  0.979	1
470:	0.030  0.231  0.391  0.347	1
471:	0.231  0.002  0.026  0.740	1
472:	0.029  0.010  0.024  0.937	1
473:	0.094  0.363  0.003  0.540	1
474:	0.031  0.015  0.172  0.781	1
475:	0.002  0.001  0.001  0.996	1
476:	0.190  0.025  0.136  0.649	1
477:	0.092  0.007  0.003  0.898	1
478:	0.018  0.037  0.012  0.933	1
479:	0.066  0.021  0.005  0.907	1
480:	0.001  0.002  0.205  0.791	1
481:	0.018  0.197  0.001  0.783	1
482:	0.137  0.002  0.108  0.754	1
483:	0.213  0.060  0.003  0.724	1
484:	0.001  0.002  0.028  0.969	1
485:	0.004  0.012  0.064  0.920	1
486:	0.054  0.007  0.042  0.897	1
487:	0.004  0.013  0.025  0.957	1
488:	0.003  0.017  0.080  0.900	1
489:	0.002  0.004  0.014  0.980	1
490:	0.334  0.036  0.009  0.620	1
491:	0.004  0.002  0.252  0.742	1
492:	0.001  0.006  0.117  0.875	1
493:	0.506  0.004  0.053  0.437	1
494:	0.175  0.005  0.018  0.802	1
495:	0.016  0.005  0.202  0.777	1
496:	0.021  0.005  0.005  0.969	1
497:	0.061  0.004  0.013  0.923	1
498:	0.005  0.009  0.002  0.984	1
499:	0.003  0.070  0.473  0.454	1
500:	0.003  0.002  0.858  0.136	1
501:	0.003  0.003  0.324  0.670	1
502:	0.005  0.006  0.007  0.982	1
503:	0.155  0.011  0.001  0.833	1
504:	0.164  0.002  0.003  0.830	1
505:	0.006  0.003  0.002  0.988	1
506:	0.133  0.049  0.019  0.799	1
507:	0.007  0.304  0.049  0.640	1
508:	0.008  0.003  0.104  0.884	1
509:	0.003  0.010  0.002  0.985	1
510:	0.446  0.006  0.022  0.526	1
511:	0.059  0.007  0.001  0.934	1
512:	0.036  0.031  0.001  0.932	1
513:	0.223  0.003  0.344  0.430	1
514:	0.007  0.004  0.001  0.988	1
515:	0.026  0.004  0.150  0.820	1
516:	0.002  0.003  0.021  0.974	1
517:	0.009  0.007  0.003  0.981	1
518:	0.014  0.045  0.002  0.939	1
519:	0.001  0.003  0.382  0.615	1
520:	0.006  0.029  0.040  0.925	1
521:	0.001  0.002  0.070  0.928	1
522:	0.001  0.001  0.320  0.678	1
523:	0.002  0.002  0.259  0.737	1
524:	0.008  0.010  0.011  0.972	1
525:	0.030  0.069  0.001  0.900	1
526:	0.035  0.024  0.025  0.916	1
527:	0.002  0.030  0.232  0.737	1
528:	0.001  0.003  0.060  0.936	1
529:	0.002  0.010  0.002  0.986	1
530:	0.591  0.002  0.001  0.406	1
531:	0.233  0.006  0.324  0.438	1
532:	0.024  0.148  0.002  0.827	1
533:	0.233  0.019  0.003  0.745	1
534:	0.454  0.012  0.007  0.527	1
535:	0.147  0.009  0.003  0.841	1
536:	0.048  0.013  0.005  0.934	1
537:	0.249  0.006  0.011  0.734	1
538:	0.222  0.018  0.013  0.746	1
539:	0.195  0.137  0.068  0.599	1
540:	0.146  0.010  0.008  0.836	1
541:	0.002  0.004  0.049  0.944	1
542:	0.224  0.030  0.002  0.744	1
543:	0.198  0.013  0.001  0.789	1
544:	0.295  0.008  0.263  0.434	1
545:	0.374  0.052  0.025  0.549	1
546:	0.099  0.009  0.075  0.818	1
547:	0.546  0.001  0.011  0.442	1
548:	0.213  0.036  0.024  0.727	1
549:	0.280  0.002  0.001  0.717	1
550:	0.299  0.005  0.140  0.557	1
551:	0.287  0.013  0.003  0.696	1
552:	0.004  0.255  0.002  0.740	1
553:	0.134  0.044  0.007  0.815	1
554:	0.032  0.056  0.043  0.870	1
555:	0.002  0.088  0.003  0.907	1
556:	0.002  0.002  0.459  0.537	1
557:	0.007  0.025  0.403  0.565	1
558:	0.004  0.037  0.025  0.934	1
559:	0.149  0.029  0.000  0.821	1
560:	0.029  0.011  0.225  0.736	1
561:	0.063  0.018  0.005  0.913	1
562:	0.071  0.167  0.262  0.500	1
563:	0.195  0.021  0.226  0.558	1
564:	0.028  0.013  0.050  0.908	1
565:	0.006  0.009  0.036  0.948	1
566:	0.272  0.002  0.015  0.711	1
567:	0.248  0.001  0.184  0.567	1
568:	0.002  0.016  0.168  0.815	1
569:	0.101  0.001  0.001  0.898	1
570:	0.286  0.004  0.007  0.703	1
571:	0.003  0.003  0.006  0.988	1
572:	0.001  0.001  0.007  0.991	1
573:	0.011  0.014  0.123  0.852	1
574:	0.365  0.029  0.006  0.601	1
575:	0.440  0.001  0.003  0.556	1
576:	0.059  0.099  0.299  0.543	1
577:	0.005  0.030  0.050  0.916	1
578:	0.070  0.004  0.004  0.922	1
579:	0.283  0.002  0.001  0.713	1
580:	0.192  0.007  0.012  0.789	1
581:	0.430  0.001  0.028  0.541	1
582:	0.362  0.002  0.096  0.539	1
583:	0.016  0.010  0.330  0.644	1
584:	0.053  0.064  0.001  0.881	1
585:	0.005  0.009  0.002  0.984	1
586:	0.003  0.005  0.004  0.988	1
587:	0.013  0.025  0.177  0.785	1
588:	0.056  0.002  0.453  0.489	1
589:	0.003  0.024  0.005  0.968	1
590:	0.135  0.008  0.132  0.726	1
591:	0.003  0.020  0.005  0.972	1
592:	0.151  0.003  0.084  0.762	1
593:	0.002  0.002  0.003  0.993	1
594:	0.112  0.005  0.475  0.408	1
595:	0.098  0.001  0.182  0.719	1
596:	0.020  0.015  0.011  0.954	1
597:	0.019  0.014  0.009  0.958	1
598:	0.025  0.070  0.012  0.893	1
599:	0.003  0.004  0.001  0.993	1
600:	0.002  0.023  0.011  0.964	1
601:	0.002  0.005  0.002  0.991	1
602:	0.002  0.012  0.004  0.983	1
603:	0.001  0.013  0.003  0.983	1
604:	0.002  0.004  0.002  0.991	1
605:	0.002  0.004  0.001  0.994	1
606:	0.001  0.007  0.005  0.987	1
607:	0.001  0.001  0.002  0.995	1
608:	0.000  0.000  0.001  0.999	1
609:	0.001  0.002  0.001  0.996	1
610:	0.001  0.003  0.004  0.993	1
611:	0.001  0.001  0.001  0.997	1
612:	0.011  0.011  0.006  0.972	1
613:	0.003  0.001  0.010  0.986	1
614:	0.004  0.006  0.004  0.986	1
615:	0.001  0.001  0.000  0.997	1
616:	0.001  0.001  0.011  0.987	1
617:	0.001  0.004  0.003  0.992	1
618:	0.001  0.006  0.016  0.976	1
619:	0.002  0.004  0.003  0.991	1
620:	0.012  0.012  0.018  0.958	1
621:	0.000  0.006  0.002  0.992	1
622:	0.165  0.011  0.006  0.819	1
623:	0.011  0.001  0.412  0.576	1
624:	0.001  0.114  0.369  0.516	1
625:	0.505  0.009  0.009  0.477	1
626:	0.010  0.235  0.003  0.752	1
627:	0.287  0.009  0.002  0.702	1
628:	0.445  0.007  0.001  0.547	1
629:	0.291  0.011  0.008  0.690	1
630:	0.461  0.005  0.002  0.532	1
631:	0.004  0.832  0.006  0.159	1
632:	0.005  0.500  0.010  0.484	1
633:	0.063  0.889  0.010  0.037	1
634:	0.003  0.753  0.002  0.242	1
635:	0.882  0.064  0.035  0.020	1
636:	0.992  0.005  0.001  0.002	1
637:	0.991  0.003  0.005  0.001	1
638:	0.983  0.011  0.005  0.001	1
639:	0.981  0.012  0.005  0.002	1
640:	0.993  0.004  0.001  0.001	1
641:	0.001  0.003  0.002  0.994	1
642:	0.001  0.002  0.009  0.989	1
643:	0.002  0.004  0.010  0.984	1
644:	0.001  0.001  0.001  0.997	1
645:	0.002  0.022  0.006  0.970	1
646:	0.001  0.011  0.007  0.981	1
647:	0.002  0.006  0.002  0.990	1
648:	0.001  0.003  0.004  0.993	1
649:	0.002  0.001  0.003  0.994	1
650:	0.003  0.009  0.059  0.929	1
651:	0.001  0.010  0.005  0.984	1
652:	0.003  0.031  0.002  0.964	1
653:	0.001  0.005  0.001  0.993	1
654:	0.002  0.006  0.003  0.988	1
655:	0.004  0.004  0.005  0.987	1
656:	0.001  0.001  0.005  0.992	1
657:	0.001  0.017  0.001  0.981	1
658:	0.025  0.026  0.017  0.932	1
659:	0.008  0.060  0.206  0.725	1
660:	0.003  0.008  0.003  0.986	1
661:	0.001  0.003  0.001  0.994	1
662:	0.001  0.001  0.003  0.995	1
663:	0.002  0.017  0.009  0.973	1
664:	0.011  0.012  0.004  0.973	1
665:	0.002  0.003  0.020  0.975	1
666:	0.002  0.002  0.002  0.993	1
667:	0.007  0.283  0.002  0.708	1
668:	0.001  0.001  0.001  0.998	1
669:	0.001  0.003  0.001  0.996	1
670:	0.002  0.003  0.004  0.991	1
671:	0.002  0.004  0.001  0.993	1
672:	0.001  0.002  0.005  0.992	1
673:	0.002  0.026  0.014  0.959	1
674:	0.002  0.008  0.001  0.990	1
675:	0.001  0.002  0.003  0.995	1
676:	0.002  0.001  0.004  0.993	1
677:	0.005  0.001  0.002  0.992	1
678:	0.001  0.003  0.078  0.918	1
679:	0.003  0.009  0.005  0.984	1
680:	0.000  0.004  0.018  0.978	1
681:	0.003  0.002  0.000  0.995	1
682:	0.002  0.004  0.004  0.991	1
683:	0.002  0.030  0.003  0.965	1
684:	0.005  0.121  0.001  0.873	1
685:	0.008  0.007  0.002  0.982	1
686:	0.003  0.003  0.009  0.985	1
687:	0.009  0.008  0.047  0.937	1
688:	0.025  0.036  0.010  0.929	1
689:	0.002  0.003  0.013  0.983	1
690:	0.001  0.004  0.010  0.984	1
691:	0.004  0.003  0.001  0.991	1
692:	0.007  0.010  0.001  0.982	1
693:	0.002  0.001  0.001  0.996	1
694:	0.005  0.016  0.001  0.978	1
695:	0.002  0.050  0.002  0.946	1
696:	0.004  0.036  0.009  0.952	1
697:	0.005  0.006  0.002  0.986	1
698:	0.002  0.002  0.002  0.995	1
699:	0.002  0.006  0.006  0.987	1
700:	0.002  0.002  0.002  0.994	1
701:	0.002  0.001  0.005  0.992	1
702:	0.002  0.005  0.002  0.991	1
703:	0.004  0.009  0.005  0.982	1
704:	0.003  0.001  0.001  0.995	1
705:	0.001  0.003  0.003  0.993	1
706:	0.001  0.011  0.004  0.984	1
707:	0.003  0.003  0.005  0.990	1
708:	0.000  0.001  0.008  0.991	1
709:	0.009  0.034  0.001  0.956	1
710:	0.002  0.050  0.072  0.876	1
711:	0.004  0.005  0.001  0.990	1
712:	0.001  0.009  0.005  0.984	1
713:	0.000  0.001  0.005  0.994	1
714:	0.991  0.005  0.001  0.003	1
715:	0.991  0.003  0.002  0.005	1
716:	0.991  0.003  0.003  0.003	1
717:	0.973  0.013  0.012  0.003	1
718:	0.965  0.017  0.005  0.014	1
719:	0.996  0.001  0.001  0.002	1
720:	0.994  0.001  0.004  0.001	1
721:	0.986  0.007  0.005  0.002	1
722:	0.972  0.016  0.006  0.006	1
723:	0.997  0.001  0.001  0.001	1
724:	0.993  0.003  0.003  0.001	1
725:	0.981  0.007  0.005  0.007	1
726:	0.991  0.003  0.001  0.004	1
727:	0.967  0.004  0.020  0.008	1
728:	0.992  0.003  0.003  0.003	1
729:	0.906  0.008  0.085  0.002	1
730:	0.989  0.005  0.004  0.002	1
731:	0.983  0.006  0.002  0.009	1
732:	0.993  0.002  0.002  0.002	1
733:	0.992  0.002  0.003  0.003	1
734:	0.994  0.003  0.001  0.001	1
735:	0.972  0.009  0.006  0.012	1
736:	0.989  0.003  0.001  0.007	1
737:	0.995  0.001  0.002  0.001	1
738:	0.969  0.023  0.001  0.007	1
739:	0.969  0.016  0.004  0.010	1
740:	0.987  0.006  0.006  0.002	1
741:	0.991  0.004  0.003  0.002	1
742:	0.956  0.025  0.014  0.005	1
743:	0.988  0.002  0.006  0.004	1
744:	0.961  0.034  0.004  0.002	1
745:	0.945  0.044  0.001  0.010	1
746:	0.964  0.015  0.001  0.020	1
747:	0.991  0.004  0.001  0.004	1
748:	0.885  0.106  0.001  0.008	1
749:	0.992  0.004  0.003  0.001	1
750:	0.967  0.011  0.007  0.015	1
751:	0.949  0.027  0.015  0.009	1
752:	0.976  0.006  0.007  0.011	1
753:	0.984  0.010  0.001  0.005	1
754:	0.991  0.002  0.002  0.005	1
755:	0.992  0.007  0.000  0.001	1
756:	0.994  0.002  0.001  0.003	1
757:	0.984  0.004  0.010  0.001	1
758:	0.985  0.006  0.001  0.008	1
759:	0.981  0.009  0.005  0.006	1
760:	0.992  0.004  0.002  0.003	1
761:	0.925  0.062  0.009  0.004	1
762:	0.981  0.006  0.006  0.006	1
763:	0.985  0.004  0.004  0.006	1
764:	0.983  0.005  0.008  0.004	1
765:	0.990  0.006  0.002  0.002	1
766:	0.964  0.018  0.010  0.009	1
767:	0.991  0.006  0.001  0.002	1
768:	0.986  0.010  0.002  0.001	1
769:	0.826  0.162  0.002  0.009	1
770:	0.006  0.036  0.824  0.134	1
771:	0.000  0.524  0.473  0.002	1
772:	0.021  0.040  0.883  0.057	1
773:	0.005  0.064  0.493  0.439	1
774:	0.001  0.001  0.867  0.131	1
775:	0.001  0.012  0.559  0.429	1
776:	0.002  0.004  0.991  0.002	1
777:	0.002  0.003  0.993  0.002	1
778:	0.495  0.002  0.005  0.497	1
779:	0.654  0.011  0.003  0.332	1
780:	0.011  0.016  0.797  0.176	1
781:	0.002  0.004  0.988  0.005	1
782:	0.006  0.129  0.842  0.023	1
783:	0.015  0.010  0.691  0.284	1
784:	0.002  0.001  0.993  0.004	1
785:	0.512  0.016  0.001  0.472	1
786:	0.345  0.000  0.002  0.653	1
787:	0.741  0.009  0.007  0.243	1
788:	0.627  0.005  0.012  0.356	1
789:	0.673  0.014  0.007  0.306	1
790:	0.378  0.039  0.239  0.344	1
791:	0.738  0.027  0.075  0.160	1
792:	0.558  0.009  0.001  0.432	1
793:	0.486  0.001  0.001  0.512	1
794:	0.372  0.097  0.173  0.358	1
795:	0.449  0.001  0.001  0.550	1
796:	0.649  0.001  0.004  0.346	1
797:	0.642  0.008  0.001  0.349	1
798:	0.319  0.013  0.009  0.659	1
799:	0.602  0.010  0.002  0.386	1
800:	0.454  0.012  0.150  0.385	1
801:	0.806  0.174  0.010  0.011	1
802:	0.593  0.002  0.010  0.395	1
803:	0.389  0.014  0.191  0.406	1
804:	0.656  0.002  0.002  0.339	1
805:	0.721  0.006  0.007  0.266	1
806:	0.660  0.042  0.002  0.296	1
807:	0.575  0.006  0.004  0.415	1
808:	0.642  0.090  0.001  0.267	1
809:	0.000  0.001  0.996  0.003	1
810:	0.001  0.001  0.997  0.002	1
811:	0.684  0.001  0.001  0.314	1
812:	0.265  0.003  0.473  0.258	1
813:	0.297  0.005  0.039  0.658	1
814:	0.679  0.243  0.007  0.071	1
815:	0.493  0.003  0.003  0.500	1
816:	0.254  0.008  0.228  0.510	1
817:	0.569  0.010  0.006  0.416	1
818:	0.617  0.122  0.003  0.259	1
819:	0.485  0.002  0.002  0.511	1
820:	0.443  0.003  0.001  0.554	1
821:	0.414  0.001  0.003  0.582	1
822:	0.330  0.042  0.003  0.625	1
823:	0.683  0.002  0.000  0.314	1
824:	0.002  0.011  0.868  0.118	1
825:	0.001  0.002  0.846  0.151	1
826:	0.000  0.004  0.328  0.668	1
827:	0.125  0.003  0.541  0.331	1
828:	0.074  0.067  0.839  0.020	1
829:	0.513  0.001  0.001  0.485	1
830:	0.708  0.036  0.007  0.249	1
831:	0.622  0.005  0.003  0.370	1
832:	0.595  0.014  0.003  0.388	1
833:	0.734  0.004  0.003  0.259	1
834:	0.329  0.002  0.289  0.380	1
835:	0.694  0.001  0.002  0.303	1
836:	0.005  0.006  0.974  0.015	1
837:	0.001  0.001  0.640  0.357	1
838:	0.001  0.005  0.989  0.005	1
839:	0.003  0.002  0.993  0.003	1
840:	0.002  0.001  0.995  0.002	1
841:	0.986  0.003  0.009  0.003	1
842:	0.982  0.014  0.002  0.002	1
843:	0.986  0.001  0.002  0.011	1
844:	0.951  0.022  0.014  0.013	1
845:	0.987  0.005  0.002  0.006	1
846:	0.995  0.003  0.001  0.001	1
847:	0.908  0.023  0.007  0.061	1
848:	0.987  0.005  0.002  0.006	1
849:	0.968  0.022  0.003  0.007	1
850:	0.974  0.011  0.006  0.010	1
851:	0.989  0.002  0.002  0.006	1
852:	0.988  0.006  0.001  0.005	1
853:	0.992  0.004  0.002  0.002	1
854:	0.968  0.013  0.005  0.014	1
855:	0.961  0.031  0.004  0.004	1
856:	0.994  0.003  0.002  0.002	1
857:	0.986  0.004  0.007  0.002	1
858:	0.003  0.005  0.652  0.340	1
859:	0.002  0.007  0.895  0.097	1
860:	0.001  0.001  0.997  0.001	1
861:	0.011  0.006  0.952  0.031	1
862:	0.955  0.010  0.017  0.018	1
863:	0.907  0.062  0.021  0.010	1
864:	0.875  0.115  0.006  0.005	1
865:	0.794  0.185  0.003  0.019	1
866:	0.949  0.034  0.009  0.007	1
867:	0.936  0.039  0.010  0.014	1
868:	0.945  0.002  0.052  0.001	1
869:	0.967  0.005  0.021  0.007	1
870:	0.638  0.352  0.001  0.009	1
871:	0.986  0.008  0.004  0.001	1
872:	0.986  0.002  0.003  0.009	1
873:	0.982  0.007  0.004  0.008	1
874:	0.976  0.020  0.003  0.001	1
875:	0.995  0.002  0.002  0.002	1
876:	0.968  0.013  0.010  0.009	1
877:	0.977  0.002  0.004  0.017	1
878:	0.988  0.006  0.003  0.003	1
879:	0.979  0.006  0.011  0.004	1
880:	0.937  0.046  0.002  0.015	1
881:	0.992  0.002  0.003  0.003	1
882:	0.977  0.006  0.012  0.005	1
883:	0.554  0.002  0.004  0.441	1
884:	0.506  0.004  0.001  0.489	1
885:	0.001  0.001  0.997  0.001	1
886:	0.716  0.000  0.003  0.281	1
887:	0.598  0.001  0.003  0.398	1
888:	0.718  0.003  0.001  0.278	1
889:	0.019  0.009  0.930  0.042	1
890:	0.002  0.001  0.996  0.001	1
891:	0.002  0.004  0.990  0.003	1
892:	0.898  0.088  0.011  0.004	1
893:	0.996  0.002  0.001  0.001	1
894:	0.995  0.001  0.001  0.002	1
895:	0.923  0.061  0.006  0.011	1
896:	0.988  0.006  0.002  0.004	1
897:	0.989  0.003  0.005  0.002	1
898:	0.981  0.013  0.001  0.004	1
899:	0.856  0.096  0.026  0.021	1
900:	0.962  0.006  0.018  0.014	1
901:	0.947  0.027  0.012  0.014	1
902:	0.973  0.006  0.016  0.006	1
903:	0.968  0.023  0.003  0.006	1
904:	0.875  0.042  0.008  0.075	1
905:	0.996  0.001  0.002  0.001	1
906:	0.962  0.026  0.007  0.005	1
907:	0.962  0.029  0.003  0.006	1
908:	0.994  0.002  0.002  0.002	1
909:	0.098  0.056  0.844  0.002	1
910:	0.001  0.002  0.822  0.174	1
911:	0.438  0.020  0.016  0.526	1
912:	0.619  0.068  0.002  0.311	1
913:	0.700  0.001  0.003  0.297	1
914:	0.959  0.020  0.006  0.016	1
915:	0.988  0.007  0.003  0.002	1
916:	0.984  0.010  0.004  0.002	1
917:	0.996  0.001  0.001  0.002	1
918:	0.993  0.003  0.001  0.003	1
919:	0.978  0.010  0.003  0.010	1
920:	0.988  0.002  0.002  0.007	1
921:	0.988  0.006  0.003  0.003	1
922:	0.985  0.008  0.002  0.005	1
923:	0.989  0.003  0.004  0.004	1
924:	0.977  0.008  0.007  0.008	1
925:	0.995  0.001  0.003  0.001	1
926:	0.989  0.002  0.002  0.007	1
927:	0.995  0.003  0.002  0.001	1
928:	0.997  0.001  0.001  0.001	1
929:	0.997  0.001  0.001  0.001	1
930:	0.969  0.010  0.003  0.017	1
931:	0.993  0.004  0.001  0.002	1
932:	0.979  0.005  0.011  0.005	1
933:	0.995  0.003  0.001  0.000	1
934:	0.002  0.001  0.002  0.995	1
935:	0.002  0.051  0.008  0.939	1
936:	0.001  0.008  0.004  0.987	1
937:	0.001  0.005  0.006  0.989	1
938:	0.002  0.002  0.002  0.995	1
939:	0.001  0.002  0.003  0.995	1
940:	0.002  0.008  0.005  0.985	1
941:	0.007  0.002  0.005  0.985	1
942:	0.003  0.002  0.002  0.993	1
943:	0.001  0.000  0.001  0.998	1
944:	0.001  0.012  0.001  0.985	1
945:	0.010  0.009  0.008  0.973	1
946:	0.001  0.006  0.004  0.989	1
947:	0.001  0.007  0.022  0.970	1
948:	0.918  0.034  0.039  0.010	1
949:	0.223  0.082  0.001  0.694	1
950:	0.225  0.118  0.001  0.656	1
951:	0.001  0.001  0.998  0.001	1
952:	0.008  0.011  0.563  0.418	1
953:	0.783  0.001  0.001  0.215	1
954:	0.404  0.002  0.001  0.593	1
955:	0.621  0.030  0.007  0.342	1
956:	0.459  0.001  0.001  0.539	1
957:	0.558  0.014  0.019  0.408	1
958:	0.581  0.001  0.001  0.416	1
959:	0.745  0.001  0.002  0.252	1
960:	0.471  0.216  0.235  0.077	1
961:	0.759  0.002  0.001  0.239	1
962:	0.575  0.004  0.002  0.419	1
963:	0.707  0.007  0.001  0.285	1
964:	0.001  0.003  0.755  0.240	1
965:	0.001  0.000  0.899  0.099	1
966:	0.002  0.011  0.836  0.151	1
967:	0.001  0.004  0.840  0.156	1
968:	0.636  0.002  0.004  0.358	1
969:	0.548  0.023  0.005  0.424	1
970:	0.682  0.002  0.000  0.316	1
971:	0.551  0.011  0.002  0.436	1
972:	0.344  0.002  0.004  0.649	1
973:	0.525  0.002  0.003  0.470	1
974:	0.668  0.042  0.003  0.287	1
975:	0.416  0.020  0.019  0.545	1
976:	0.149  0.004  0.831  0.016	1
977:	0.002  0.003  0.990  0.006	1
978:	0.002  0.003  0.992  0.002	1
979:	0.439  0.002  0.001  0.558	1
980:	0.001  0.001  0.890  0.108	1
981:	0.001  0.000  0.997  0.001	1
982:	0.001  0.001  0.996  0.002	1
983:	0.002  0.002  0.992  0.003	1
984:	0.008  0.232  0.755  0.004	1
985:	0.000  0.002  0.995  0.002	1
986:	0.001  0.002  0.996  0.001	1
987:	0.002  0.026  0.859  0.113	1
988:	0.001  0.002  0.995  0.002	1
989:	0.003  0.021  0.596  0.380	1
990:	0.001  0.002  0.996  0.001	1
991:	0.008  0.012  0.978  0.002	1
992:	0.012  0.004  0.745  0.240	1
993:	0.474  0.015  0.002  0.509	1
994:	0.557  0.016  0.004  0.423	1
995:	0.987  0.007  0.001  0.005	1
996:	0.990  0.004  0.006  0.001	1
997:	0.993  0.005  0.001  0.001	1
998:	0.996  0.001  0.001  0.001	1
999:	0.997  0.001  0.001  0.001	1
1000:	0.994  0.002  0.002  0.002	1
1001:	0.994  0.001  0.003  0.002	1
1002:	0.991  0.004  0.002  0.003	1
1003:	0.988  0.002  0.005  0.005	1
1004:	0.965  0.006  0.003  0.025	1
1005:	0.987  0.008  0.002  0.002	1
1006:	0.979  0.009  0.005  0.007	1
1007:	0.995  0.002  0.002  0.001	1
1008:	0.990  0.003  0.004  0.002	1
1009:	0.995  0.003  0.001  0.002	1
1010:	0.990  0.005  0.003  0.002	1
1011:	0.946  0.003  0.049  0.002	1
1012:	0.847  0.131  0.009  0.012	1
1013:	0.989  0.007  0.002  0.003	1
1014:	0.850  0.137  0.005  0.009	1
1015:	0.971  0.013  0.010  0.006	1
1016:	0.980  0.005  0.007  0.008	1
1017:	0.934  0.008  0.046  0.012	1
1018:	0.978  0.010  0.002  0.010	1
1019:	0.972  0.002  0.022  0.003	1
1020:	0.991  0.004  0.001  0.004	1
1021:	0.946  0.018  0.030  0.005	1
1022:	0.979  0.006  0.003  0.012	1
1023:	0.979  0.011  0.004  0.006	1
1024:	0.991  0.004  0.002  0.002	1
1025:	0.992  0.003  0.003  0.003	1
1026:	0.993  0.002  0.004  0.002	1
1027:	0.982  0.008  0.003  0.006	1
1028:	0.958  0.013  0.015  0.014	1
1029:	0.987  0.006  0.003  0.004	1
1030:	0.001  0.001  0.997  0.002	1
1031:	0.007  0.011  0.652  0.330	1
1032:	0.010  0.005  0.242  0.743	1
1033:	0.001  0.003  0.687  0.310	1
1034:	0.001  0.000  0.998  0.001	1
1035:	0.001  0.002  0.651  0.345	1
1036:	0.070  0.014  0.839  0.077	1
1037:	0.002  0.011  0.985  0.002	1
1038:	0.065  0.008  0.925  0.002	1
1039:	0.001  0.047  0.667  0.286	1
1040:	0.000  0.001  0.997  0.001	1
1041:	0.001  0.003  0.759  0.237	1
1042:	0.003  0.004  0.980  0.012	1
1043:	0.001  0.012  0.977  0.010	1
1044:	0.001  0.001  0.998  0.001	1
1045:	0.003  0.005  0.987  0.005	1
1046:	0.000  0.000  0.996  0.003	1
1047:	0.001  0.000  0.998  0.001	1
1048:	0.001  0.001  0.992  0.005	1
1049:	0.001  0.003  0.610  0.386	1
1050:	0.001  0.001  0.997  0.001	1
1051:	0.041  0.043  0.909  0.008	1
1052:	0.001  0.001  0.996  0.002	1
1053:	0.001  0.014  0.431  0.553	1
1054:	0.001  0.001  0.997  0.001	1
1055:	0.003  0.990  0.002  0.005	1
1056:	0.005  0.914  0.003  0.079	1
1057:	0.001  0.643  0.008  0.348	1
1058:	0.001  0.479  0.001  0.519	1
1059:	0.001  0.001  0.996  0.001	1
1060:	0.030  0.011  0.955  0.004	1
1061:	0.010  0.023  0.965  0.002	1
1062:	0.009  0.011  0.482  0.499	1
1063:	0.004  0.139  0.656  0.202	1
1064:	0.004  0.011  0.519  0.467	1
1065:	0.000  0.002  0.995  0.002	1
1066:	0.979  0.005  0.005  0.011	1
1067:	0.993  0.002  0.003  0.002	1
1068:	0.984  0.005  0.008  0.002	1
1069:	0.956  0.038  0.003  0.003	1
1070:	0.001  0.002  0.997  0.001	1
1071:	0.001  0.005  0.993  0.002	1
1072:	0.002  0.004  0.986  0.008	1
1073:	0.007  0.011  0.729  0.253	1
1074:	0.003  0.004  0.989  0.004	1
1075:	0.002  0.001  0.995  0.002	1
1076:	0.111  0.013  0.873  0.004	1
1077:	0.003  0.002  0.992  0.003	1
1078:	0.001  0.001  0.839  0.159	1
1079:	0.007  0.007  0.975  0.011	1
1080:	0.006  0.007  0.973  0.014	1
1081:	0.001  0.001  0.998  0.000	1
1082:	0.002  0.013  0.982  0.004	1
1083:	0.002  0.006  0.983  0.009	1
1084:	0.001  0.012  0.978  0.009	1
1085:	0.002  0.001  0.990  0.007	1
1086:	0.001  0.002  0.996  0.001	1
1087:	0.001  0.001  0.998  0.001	1
1088:	0.001  0.003  0.996  0.000	1
1089:	0.000  0.001  0.997  0.001	1
1090:	0.012  0.008  0.977  0.003	1
1091:	0.001  0.003  0.995  0.001	1
1092:	0.040  0.023  0.928  0.010	1
1093:	0.000  0.001  0.996  0.002	1
1094:	0.002  0.007  0.986  0.005	1
1095:	0.000  0.002  0.996  0.001	1
1096:	0.001  0.002  0.996  0.002	1
1097:	0.006  0.578  0.006  0.411	1
1098:	0.001  0.791  0.021  0.187	1
1099:	0.087  0.688  0.007  0.218	1
1100:	0.001  0.913  0.023  0.064	1
1101:	0.003  0.960  0.002  0.035	1
1102:	0.001  0.008  0.984  0.007	1
1103:	0.001  0.003  0.993  0.003	1
1104:	0.011  0.006  0.941  0.043	1
1105:	0.004  0.010  0.981  0.005	1
1106:	0.002  0.016  0.958  0.024	1
1107:	0.000  0.000  0.998  0.001	1
1108:	0.001  0.002  0.994  0.002	1
1109:	0.001  0.001  0.996  0.002	1
1110:	0.002  0.004  0.990  0.004	1
1111:	0.002  0.005  0.987  0.006	1
1112:	0.003  0.005  0.979  0.013	1
1113:	0.023  0.007  0.957  0.013	1
1114:	0.001  0.003  0.990  0.005	1
1115:	0.001  0.002  0.994  0.003	1
1116:	0.001  0.000  0.996  0.003	1
1117:	0.001  0.001  0.992  0.005	1
1118:	0.003  0.765  0.003  0.229	1
1119:	0.002  0.951  0.001  0.046	1
1120:	0.002  0.627  0.015  0.356	1
1121:	0.030  0.586  0.001  0.383	1
1122:	0.001  0.968  0.004  0.028	1
1123:	0.023  0.899  0.003  0.075	1
1124:	0.002  0.640  0.001  0.356	1
1125:	0.005  0.694  0.004  0.296	1
1126:	0.001  0.988  0.006  0.005	1
1127:	0.005  0.980  0.005  0.010	1
1128:	0.003  0.008  0.981  0.008	1
1129:	0.003  0.007  0.987  0.004	1
1130:	0.012  0.008  0.974  0.006	1
1131:	0.004  0.001  0.992  0.003	1
1132:	0.002  0.002  0.996  0.001	1
1133:	0.000  0.001  0.998  0.001	1
1134:	0.002  0.679  0.003  0.317	1
1135:	0.002  0.947  0.004  0.047	1
1136:	0.001  0.991  0.005  0.003	1
1137:	0.001  0.984  0.007  0.008	1
1138:	0.003  0.980  0.006  0.011	1
1139:	0.003  0.991  0.002  0.004	1
1140:	0.001  0.789  0.004  0.206	1
1141:	0.001  0.858  0.004  0.137	1
1142:	0.004  0.956  0.004  0.035	1
1143:	0.014  0.876  0.014  0.097	1
1144:	0.001  0.606  0.011  0.382	1
1145:	0.013  0.619  0.002  0.366	1
1146:	0.004  0.914  0.012  0.070	1
1147:	0.009  0.012  0.969  0.009	1
1148:	0.001  0.002  0.996  0.001	1
1149:	0.001  0.002  0.993  0.005	1
1150:	0.001  0.004  0.987  0.008	1
1151:	0.001  0.002  0.996  0.001	1
1152:	0.004  0.012  0.979  0.005	1
1153:	0.001  0.985  0.003  0.011	1
1154:	0.008  0.988  0.001  0.002	1
1155:	0.045  0.907  0.003  0.045	1
1156:	0.002  0.684  0.000  0.314	1
1157:	0.006  0.937  0.034  0.023	1
1158:	0.005  0.647  0.009  0.338	1
1159:	0.007  0.868  0.057  0.067	1
1160:	0.001  0.686  0.003  0.309	1
1161:	0.003  0.986  0.004  0.008	1
1162:	0.001  0.002  0.996  0.002	1
1163:	0.019  0.006  0.970  0.006	1
1164:	0.001  0.001  0.998  0.001	1
1165:	0.001  0.001  0.998  0.000	1
1166:	0.005  0.006  0.972  0.017	1
1167:	0.003  0.001  0.995  0.001	1
1168:	0.003  0.003  0.993  0.001	1
1169:	0.002  0.001  0.996  0.001	1
1170:	0.001  0.001  0.997  0.001	1
1171:	0.003  0.987  0.001  0.008	1
